target,Neu_pct,RBC,Hb,HCT,RDW_CV,RDW_SD,PDW,P_LCR,PT_pct,PTR,INR,TT,Lym_pct,PT,MPV,MCV,Bas_pct,D_Dimer,Gen,Mon_pct,MCH,Eos_pct,Bas_abs,WBC,Age,Neu_abs,PLT
0,-0.6944084874532906,0.8171288300291498,0.510500355795865,-0.6047055298354442,-0.21725900054470157,0.2885462439651019,-2.056480340668503,0.4424781479580504,-1.1698893364809728,0.3839529331229672,0.21199915464867863,0.6216875932835612,0.4763031366431406,1.6337960036020114,-0.8767227409723302,0.5829736043918131,-0.47069669215677773,-0.14078757798989777,2,-0.5982603719840925,-0.5568802732038686,-0.837083612328585,-0.033381637252362484,-0.3967672133473108,-0.21391356625569063,-0.8449017606358306,2.058621816554275
0,-0.7038925656942356,1.3851249583941074,0.9585355358393945,1.191561257662943,-0.8640941817442824,-0.20789267030851244,-0.41529317474190963,0.4987705410507237,1.3068642956420842,-0.4494511718295213,-0.6091327505967339,0.03430591300746548,1.9125951155594327,-0.9206974312165923,0.0720270280281809,0.2039778972846567,1.0681631983844568,-0.30717173535374215,2,-0.0003043656750267021,-2.1085370267680927,-0.569509750319596,0.13685534392502915,-1.09095311408826,-2.4622639552158594,-1.21975314077183,-0.3365216500096076
0,0.7437348463274209,0.05119278528682206,-2.4457523151417866,0.9133622651681107,-0.7158939073208028,-0.43875941599901674,0.9080167215948032,-0.14053886122084422,-1.1997618495103737,-0.22887612060198353,-0.03279812463400289,0.16749552208447932,0.1575805017764883,-0.08415405437876833,-0.13775571845696866,-0.2370518781421212,-0.11754243106389926,-0.22993330214209876,1,-0.6718646772007941,-1.086789042858313,-0.837083612328585,-0.13638975987981233,0.0981234197030118,-1.3905797642847453,1.6453583604197153,-0.3692660803479704
0,0.6456690993785272,0.0014032531719013752,0.08831079508699718,0.8641037184560293,-0.7526072729091793,-1.0780738641452428,0.841409902632816,-0.20139934496226408,1.5163118140283518,0.3311805418840078,-0.923685546219097,0.48809960899439603,-1.1833418530210802,-0.7068574460129895,0.21720355179597972,-1.4864536855734811,-0.6461062157649425,-0.3884085083845285,1,-0.5491823185604665,1.276530170944595,-0.7678220764531485,-0.06259954097927997,1.5338982673352666,-0.1946542086988305,-0.031067673919858096,1.0974186508823116
0,0.9272815007317142,-0.16799553445566373,0.8147476736018997,0.7641613120468589,-0.9500007825901138,-1.145117701880412,0.8436023154625926,0.5137592355057542,0.07477531333428422,-0.23967543404501468,-0.008520435674844187,0.5818055504266229,-0.587320955971801,-0.32224543848264486,0.6188215081876798,1.1623647334200207,0.13508197826877874,-0.35918738342722145,1,0.14523768179387092,0.6247154959710605,-0.43567776085067206,0.11176230996528605,-0.8454243008993451,0.06483924353149173,0.45991835678161397,-0.7319211072719048
0,-0.26186182658888457,-0.11531718441839611,1.4327447240823732,2.307579700684293,-0.6336935870037167,-0.9407605382647137,-1.477087567184939,-0.6534752569192788,-0.7637600485258978,0.8233419397866596,-0.1445796845287243,0.19695931583876036,1.0859274196910207,-1.042548038946847,3.330777522969471,-1.050133846621,-0.19366709415882094,-0.2155107627525623,2,-0.33860962459546784,-1.5001426237877673,-0.5155734817438163,-0.07525906762449082,-0.6172428580235124,-1.0730391538265265,-1.21975314077183,-0.44967431973571925
0,-0.8691654548825595,0.5602134913859254,1.3477508886856508,2.717793460709185,-0.3417218326612478,-0.7216820351698383,-1.5120890814538799,0.2670109471353808,-0.32793437596256286,-0.47297405149379906,-0.22926053507742403,0.18054947993302506,0.7324304466077539,-0.43925979745948973,-0.21953507662834848,0.22074093737614886,0.0890657335692158,-0.2809430338848246,2,-0.9120418647883635,-0.5267070402372139,-0.6497784171104715,-0.1115500533204023,-1.09095311408826,-0.3652992007532945,-1.0160705289466097,0.2809887058640699
0,1.620104293680342,-0.18750093099372145,-0.885429263066289,1.938183544394711,-0.01963784703535565,-0.534984846816533,-0.03740949954013029,-1.6513215586292116,0.07052241044783938,0.005726431085760458,-0.3640717910962825,-0.2398587033367508,0.17289690935119867,-0.8642281182406948,-0.8737268106762386,-0.4098633986870305,0.4946793719946052,-0.19312112394053663,1,0.1687253368900421,0.34039613219717424,-0.837083612328585,0.0734981639474363,-0.274411743145687,-1.3180915697119162,-0.3531602856007025,0.2409559641545913
0,0.8338545281403562,-1.5080443561773862,-1.2087152767547384,-2.1707746201943943,-0.1769533363571852,-0.5206442062235135,0.8643422040398626,0.12234471854658391,-0.2057325149511106,0.1950180592006502,0.7217888109631614,-0.5134818330046771,-1.78526162662461,-0.2480650802353973,-0.05802753634489469,-1.1459092776072723,-0.0854321525211093,-0.43784551104533487,1,-0.9605112861374265,-0.12378326010500873,0.720923892815092,-0.03008180389387629,-0.06176135220161372,-2.039716599105077,-0.1855763798170775,0.7430009796843116
0,0.47940312214225844,0.9190728934490385,0.7401291918977287,0.7694172394385588,1.4288885684002213,-0.36053101873121424,-1.741715135915384,-0.023795719288608692,-0.2304112511866505,-0.1826738497018931,-0.42433954515539507,0.5128118481539339,0.4451348792280877,-0.09577172789868849,0.7907005326222815,0.8231415552913157,-0.25930132144332385,-0.3420672168802244,2,-0.8541748074547795,-0.6221136329035797,0.324609872307472,0.0842271638634743,0.7117583899787852,-0.3659028400677987,0.1729665359657497,-0.7672258079186781
0,0.5144152561625778,0.962560807711825,1.2100262500786707,0.8717865536658964,-0.5010901477065073,-0.2991921943455869,-2.1058544633193392,-0.5327732849317006,0.9533361864972314,0.12356078794294034,0.2198422979717569,0.10613888022389562,0.3281976633774253,1.2219148145950065,0.2083303039014589,0.05628214407685883,0.7883032804257257,-0.4085896832665278,2,-0.11919429005715687,-6.298062507208851,0.5662095299651471,0.048092041312677206,-0.9776618758069703,-0.01253988634105023,-1.0757151668989307,-0.07584474579762784
0,0.47086944434707273,0.4138468213771139,0.9873927689289235,1.8513512741213554,-0.5018560225047916,-0.5736548390283958,0.4118538874164017,-1.1867549798012655,1.5835163485789963,-0.9310323786073926,-0.1664171850694579,0.2334641355235169,-1.3255089667096227,-0.6669560726997991,1.2392820032046936,0.16810856289170528,0.821755463658326,0.1630235195978432,1,-0.5829881620980284,-1.6794112413885305,0.18891260645862523,-0.10679023886676417,0.7270048723450492,0.9840213626023613,0.5426766963245879,-0.7683293859518849
0,-2.8797985835298943,0.4733543833656475,1.2061869726907672,2.2029491451171084,-0.6347158843027638,-1.017968291915976,0.9031628199220783,-0.009413331438204942,0.919568151315334,-0.5465929993779799,-0.1185983788960134,0.04691123202336528,0.49488152236951,-0.2703382086959645,0.9813606891177267,-0.4652479699660462,0.7060336702382772,-0.533365036219022,2,-1.1795354542960168,-1.0905077299522947,0.5657764613297205,0.0325825841986399,-0.33399765565805406,-0.28584746069595446,-0.7036390440064167,0.7059508543432585
0,1.098776371480029,0.5815906117487495,1.9061496240642266,1.5987195202232223,-0.5354204549142502,-0.8950826311146436,-1.5738188732734941,0.1245416816177689,-0.386046683447892,2.2961222706137447,-0.7393209411294172,0.805396049180455,-0.5354564015380047,-0.6369465503189609,0.3890550987390462,-0.703321601492458,-0.5591923441148803,-0.1803840280280649,1,-0.453473913569165,1.3454482007445117,4.032910950755761,0.17906450608783286,-0.7513393889827364,-1.5891437085126705,0.7391261264525002,-0.4561906509321027
0,-0.1753339501355149,-0.056402939257277615,1.42617364566718,0.16500988570565234,-0.0458353464706549,-0.6351089801754252,0.45493159470362515,-0.6579546123553763,1.0510707947793172,0.8031468203335389,-0.4857590162616709,1.3381281285721423,-0.4163955940712166,-0.6000030254988796,-0.6544231270594771,0.12945010578586352,-0.5648357425153173,-0.3668016394117823,1,-0.7480759093353943,0.834884600367293,0.7576481818816684,-0.04348751578460794,0.3562669261393082,-0.6837109079564276,-1.1004763420394608,-0.006647204826346564
0,-1.1290344577264708,0.6252821804367116,0.5831409006633718,1.7031109181181954,-0.08402501252236799,-0.4320288390772665,-0.8613505052711453,1.0622772480510188,0.1918673215355035,-0.19995806448560927,0.055202148112022065,0.36102321723794795,0.858006423128437,-0.40349350923786553,0.3043489433245291,0.006164800954826424,0.7235340156224062,-0.2616225455322687,2,-0.8106117185947352,-2.191912258362085,2.4785511633652924,0.08590032149813057,0.23423726443144144,-2.2470361829783916,0.40136653387983845,0.728595805440465
0,0.791316940743653,1.376506801569799,0.49126210664598097,-0.08012241913627771,-0.3338413849986124,-0.5550406564028202,0.7721392804820896,1.8080968187254167,0.2636031714913707,0.15234541485680334,0.3044974201718444,-0.30842750277643266,-0.5078405942143133,-0.05922821816532897,-0.5381045846084711,-0.5547188766668394,-0.6342243980553792,0.1554244144391167,1,-0.08991143534376644,-0.5089596937561522,-0.5754566159871523,-0.07038510084635612,1.1705396998900568,0.02754013813758338,1.4896725974161211,0.11029119727064099
0,-1.4837930607247973,0.571579829806652,0.6203627705492616,0.6632041186774575,-0.1833535294744968,-0.03532054085229093,-1.9039379339115854,0.34906470261709077,-0.7034934499005477,1.217106524515992,-0.38693968025968134,-0.009670919359274527,2.2324164089188843,-0.47056909249424667,3.628510056086975,0.27426021708314896,-0.07133233248680435,-0.3256500163393531,2,-0.4589319362482135,0.40921261489966887,-0.06761518374927719,0.297295898533501,-1.09095311408826,-0.1912759215785259,-0.9130796219075215,-0.7209594195763236
0,-0.615843089937059,0.2851295354446327,0.2415645940531373,2.0003635925270933,-0.06490780912093053,1.0921158101488015,1.0066928086137596,0.5559730861593849,-0.4019079034451251,-0.02455243522160988,0.33221389293516185,1.0830667872959292,-1.007366012890158,0.09603504638237179,-0.24397739822226233,-5.4275552260395115,-0.32688114127091006,-0.12060939845252253,1,-0.7045920951070219,-1.1693531323057207,0.255526644251078,0.21585077237704905,-0.47582807519111114,-1.413254686597833,0.5469281324428179,0.9565950653149313
0,-1.4087601513404366,1.257767633184116,1.6066298472081888,1.657554391755286,-0.41038346140571447,-0.72751133191724,-1.3317348741644262,-0.031284743120772895,1.5649492033994739,-0.7651651016218206,-0.4889120171988004,0.2552692345299873,-0.18596187256756835,-0.7080587739277132,2.9105083566255514,-0.3261974656636919,-0.19924097249899578,-0.41431524403772174,2,0.1520077584693753,0.7522455581361741,-0.16512855109482416,-0.13858845242106,-0.7348513599986286,-0.4260420332588334,-1.21975314077183,0.9118581509646377
0,0.26544126913456056,-0.883968387837651,0.16770043226072578,-2.4053118200161863,0.1146100674358077,-0.6879765177184989,0.6507520244901961,-0.6762956549828123,-0.03387024169245789,0.9099613926578326,0.5888695782204799,0.5378641859970297,-1.7485861564385996,0.5327451210774758,-1.9058775159342298,-0.6984874400398968,0.4822903127152734,-0.1445815642449539,2,-0.3922477372860613,-1.1921231100000789,-0.14247171040032724,-0.0925994510845944,0.4803971735093182,0.027170533570093136,0.33853562124601805,-0.3240653590615721
0,-0.744838111824936,0.32942546764514197,0.17458458088662387,1.2752529211946602,1.6636694708933273,-0.46506060171225,0.7402393880973427,-0.6221508056477463,0.8080570928682345,-1.0227969870960703,-0.37666264165178226,0.09159734011084247,0.06528390901426695,-0.16553661147413437,3.424427785821226,1.697894342213605,0.2598535521503944,-0.42090283440861187,1,-1.0691905465556786,0.37819604057739964,-0.7228642521402099,0.23360510197362225,-0.45932557785901035,-0.6906804184166732,-0.026557406234245295,-0.504061074552015
0,1.1444641821154107,-0.0005886063466520319,1.987783265655356,1.029951903934272,-0.6738266613933964,-0.7437078952952172,0.8186625945993198,3.0051557449297217,0.45941267855820234,-0.9567505490996193,-0.2972346334086293,-0.15162412587231433,0.021150886728824925,-0.7036304615622404,0.03170886396311756,-0.10984727448718021,0.0914116935730375,-0.27106939810807695,1,-0.5903589078195762,-0.5729522857542482,-0.7328868022505364,-0.12849201828686413,-0.3212589282733908,-1.0940736750361366,0.48517712490981635,-0.3752232430831145
0,1.4779087862755882,1.5368019778032824,1.0924993600967994,1.4531587333305116,-0.5097234578322984,-0.6686704585617309,0.7023486094031821,-0.14928104763350095,-0.697772293967359,-0.18983920519729813,-0.518938369817685,0.3906660692112732,-1.612912683536455,-0.5710397619532444,0.1776002250911793,-2.4220170245324133,0.8862654700538907,-0.5142903758222475,1,-0.22576864169405356,-0.5106567738690841,-0.7383603127059098,0.040788343043343875,0.2570043436737284,1.1567981039715256,1.0342226864928372,0.4306541769167786
0,0.9369903613483389,-3.480626573321821,-1.9982537500803879,-0.006484560271954987,1.3325671647283137,-0.875284194349917,0.9675559781557899,2.873296894057942,-2.032355412322068,0.07122774403447149,0.9053017163296339,-0.8072071898266425,-1.0963216835920158,0.11467790023407315,-0.775776352107503,-0.1855311639139277,-0.48165378389411195,-0.5422978914802348,1,-1.87737378862638,0.24177167552903228,-0.7786306445874605,-0.015385922651335739,0.057241750765241226,-2.2155349069808112,1.2541031043464679,0.24539642496752667
0,-0.14375442916427317,0.48283844412984855,0.9199572233340729,0.7150825413758302,0.06662260985466456,0.15002522982406485,-1.5071364203785398,0.7524727080587876,0.09203474181989857,0.5211366250836554,-0.29136761429581565,0.10891784781694105,2.2421998334345083,-0.009911226162609033,-0.59442185432413,-0.37619976900900054,-0.19041963411458118,-0.17767092942089463,2,-0.3777407795174331,-0.13404877644649382,0.5795326085762803,0.05340085823549164,-0.3942367260246009,0.6813469551230825,-0.6854339651099711,1.2519655677598451
0,-1.0501524940257025,-1.1025203449833763,-0.4935106969090799,1.4105182217073289,-0.023560015770247023,-1.0383235881051722,-1.5499401707926248,-0.904775948004931,-1.622467477763274,0.6256605655420214,0.11998511042609458,0.4552259240621376,-0.9027163306583172,1.1326814729551877,0.2440183487534886,1.4996030071044055,-0.3661686064085841,-0.6605290730663438,1,1.5453289078528174,0.7677991566089807,-0.7577868451848853,-0.09785239459330532,1.8818244183723851,-0.04184315663049554,1.1802865883014662,1.0498162399339996
0,1.3878528912934842,0.5984049875418962,0.958774771431391,0.9944678709539775,-0.09623534081444701,-0.9589640339850165,-0.5323426862503284,1.7014019495493649,-2.252413142074034,-0.1617529670441395,-0.23576074554049353,0.5906570636156498,-1.4640723139387526,-0.14491056619577583,1.8023121092177448,-0.8697513995180024,-0.65175997996054,-0.1652569799849462,1,-0.043946027672573856,0.2910048872802572,0.06095964532504877,-0.0900356698395118,0.8966887436072534,-1.1552236148024306,0.5200080174570105,-0.6542775191209468
0,1.16178170450616,-1.0422512503027974,0.2734927570195888,-1.9745852874602523,-0.37094032908832625,0.41356924114142674,0.8575740694931464,0.788515572450696,-1.34386692859351,4.430574039060442e-05,-0.6752283585603722,0.3337722500579667,-0.7448277700494503,0.7236226783571436,-0.5340139875367653,-0.3282448852295548,0.502254361138283,-0.03539005388825667,1,-0.8248387294864565,-1.5425981405181355,0.7614772336739115,-0.1078550246884526,0.7808951654782612,-0.18600943496607697,0.7442483933779785,0.4923381770229016
0,0.6980165084299786,0.769144512418007,1.1867468840643145,2.1571524018671253,-0.5084122097703974,0.47743499307370635,0.10320436260988142,1.4763548444103942,-0.7699679612785939,0.24907511816000819,-0.2591016310935394,0.44883515833656,0.7187030570913873,0.09481752221272509,0.02885995280955722,1.1403412415739416,1.5362830080555436,-0.06315380426302755,2,-0.14038891867572675,-0.13389424504048186,-0.7591056271438588,0.253335892866342,-0.5746761654063085,-0.3602988216814549,-0.6325985556340896,0.824711199038878
0,0.6388517902043086,-0.7927960704672765,1.432184215280941,0.2525656707893737,-0.0819116614924883,-0.4570980662083909,-1.6001879576787914,-0.0052910730696674735,-0.24933831358425979,0.16099103584703311,0.031925962574721356,0.15398023888454876,-0.32565222158271206,-0.04339992700483131,1.7300598463851742,-0.12562059748537463,-0.15022863453683932,0.5965335179618173,2,-0.42683504832763564,0.5930826406967897,0.7871789831566894,0.06813627120006563,-0.9290811919403321,0.09575927790679839,-0.44652825990158906,-0.005565442981268376
0,0.10109940943915985,0.7353099220407417,1.3228230039108577,1.4439214556732685,-0.22721917213584833,-1.1233380318923576,-1.4635518946225388,-0.8161501179646675,0.7319492510834869,-1.284988891077621,-0.5937912591039854,0.46809443951689944,0.45317280042761243,-1.1843358337760814,-0.581453637190888,-0.7946920965891434,0.12202841598717966,-0.43632795971945115,2,-0.06772026786359558,-0.3266853448574646,-0.7290097400110441,-0.13858845242106,-0.332324369435839,0.26881877458773945,-0.8667852461836907,0.42601716009977675
0,1.3170639011678187,-0.7329543952734405,-0.5836031243020077,0.4372729750629559,3.7776954501510733,-0.09631239191444879,1.3963527112068177,3.401999930114079,-0.39955008353557653,0.018597988295255358,0.17667266538210485,-0.16488972470591584,-0.6379685695820361,-0.3324216944013594,0.9090140790887673,-0.6049806483852933,0.04586878575280637,-0.03777895366377795,2,-0.2514762077737355,-0.9565242622368282,0.08155648280731193,-0.0025932172394290617,-0.6694213395229957,-0.07329013283877522,2.106248938940784,0.35976756089773076
0,0.8570862430280737,-0.5842012222076605,1.469616704784519,0.6746428746623849,0.07746334084055359,-0.6135650430790724,-0.4367799334371203,0.20085363852351457,-0.7189733520015194,0.2287566093143908,-0.016275146130266635,0.017450604987837404,0.45207394794529343,-0.15942113235897787,0.3130642617231121,-0.22497888945323577,-0.4009535140021647,-0.27031742876565606,2,0.19460996772359548,0.6339263704764374,-0.06590236126559701,0.024263182457393763,-0.7592976811407958,-0.5542718469855352,-0.832954395076276,-1.109011527168984
0,2.24867707487614,-0.7091508620800882,0.10131389353606224,0.1220966503567027,-0.401348642388649,-0.22799715498440215,0.9832192059717553,0.49120332254690274,-2.0913260118970163,1.4344014436222714,0.04242800671298083,0.3800232656758874,-0.9922753043047219,0.5312301794609824,-0.30826617423844904,-0.3069815615252216,-0.36877843475559835,0.018288374750227043,1,0.8792682415273758,-3.346049805566654,0.33696612523527075,0.05184123849404759,1.5103420527041131,-2.134916604241871,1.6186615411091008,-1.2534540636720952
0,1.4910928535842796,-1.12362352784318,-0.6146956212458492,-0.4628689490304816,1.396181026734829,0.04400024746331577,0.7550018849297814,0.6400714829205211,-0.6697117386302754,-0.020147636324073015,-0.03955577387094954,0.5099551834352747,-0.6252443887859084,0.29097044888831375,-0.33075654671640736,-0.5550695472090049,-0.22026585648381797,-0.1078385515819267,1,-0.45268739372621103,-0.7241159950636983,-0.5976855383416007,-0.10877526059611056,1.3664958565508365,-0.29422051292616813,0.44776617003023833,-0.7135973592257598
0,0.388554209576253,0.6507246113952652,0.12887276300937872,1.3727351673048531,-0.7820868383897076,-1.1460334366664249,-1.309570994380377,0.8501594583458871,0.3711937420092019,-0.530487322348346,0.0698681199898174,0.7193392833402505,-1.3738318920020038,-0.3196525826445863,0.02547341301364664,-0.31710291664342477,-0.02435996884069158,0.09913346374503479,2,-0.0670865146660642,0.0883355407518005,-0.6294409071175449,0.04945950227324222,0.9526486342095877,-0.5108427793958934,-0.20006850912122048,0.9118082244797354
0,0.20717476295039874,0.05860826992310915,-2.542445604956037,-2.536798904234667,-0.37286435097016446,-0.737249702875242,0.5628300455280487,0.41535550147428346,-1.178333843230443,0.8986895701055443,0.06957304654102586,0.21876451712937345,-0.8891905324563594,0.91255040037108,-0.7083820918132683,-1.642436278456882,-0.65175997996054,-0.07247774539079699,1,-0.43652404264026745,-0.2629361825766585,0.25648276080845583,-0.04977204473172157,0.5711604402351462,-0.5546825970719758,0.4688889304888225,2.6854059971547857
0,0.7452190210400566,0.2258036535666327,-0.43933699446294966,1.3973465802548286,-0.0782492413323822,-0.8224235912549701,0.9988757155725105,2.2721710258065726,-0.86220556692047,-0.47940985207218245,0.4056744052897207,0.3665460090595112,-0.37743146208528855,-0.27666022704533794,0.47609983971976655,0.6759310059353849,0.09337352487397782,-0.3098786027834964,1,0.01042180858661007,0.21765502889874688,0.6867776048138104,0.0037446899320483507,0.05876785892552738,1.586602933610295,1.1987239035456598,-0.3199304207305248
0,0.9663127418682818,0.7036585049065224,1.417419413299549,1.8168430121959265,-0.7391227280240112,-0.48883954801604046,0.35960181770341226,0.8580968239263123,1.9459196668810044,0.3524520048320495,-0.8752515686995341,0.1957816671890074,-1.0442808855927084,-0.1622064359273182,2.3894026799682475,1.2668933342129658,-0.10300753805755322,-0.09574182250814348,2,0.509559845554644,-2.0504555696887006,-0.22986909779539452,0.21753201315709872,-0.13271925367851667,-0.6838860971586934,-0.16693380602385943,0.6722951865606337
0,0.13780126755242517,-1.8519035413896896,0.2866847419867593,0.8329271074284799,-0.10709218922137875,-0.8955369884667865,0.7024919930435515,1.362133475325707,-0.03164570091656138,-0.24519922868705743,0.3832088717189801,0.2675722482182576,-1.286630374799039,-0.37548574669109624,0.22711814546373726,-1.2121802024237192,-0.520385496212145,-0.4319577609080274,1,-0.672297266351497,0.08500632352647636,-0.8347042366513929,-0.08747138862721497,0.891091326191641,-0.051644055943795564,0.2438821138120247,-1.5116595731917695
0,2.1407853333653586,-2.0313554424843288,-0.6737191579899777,-0.24596314304261446,0.9873773155505701,0.2770393282391013,-1.024821200065029,1.4353990701812702,-2.28241919005628,1.2391867471457407,-0.6298690125729307,0.4897799021659106,-1.0527503913013116,-0.35186014787450304,1.3208983948728674,0.5897554692736288,-0.65175997996054,0.01799839411363685,1,-0.5068896802936217,-0.42892567882160604,-0.7329944903643097,-0.07054823255392718,0.914314241683627,-2.3964810712677798,1.2040864145443066,0.6360564359217089
0,0.12381408328676344,1.3490102790572873,-1.4918624371405302,-0.6425555234147967,6.383404053554597,-0.23634249598661616,-1.6034671614514888,0.11546224301944685,-1.2100889976122509,1.3325217845845447,-0.4649921109641558,0.3830370803355754,-0.9855101614391772,-0.6119145256785419,-0.8435593316402279,0.8410065431846064,-0.5017210459984321,-0.24167920029469858,1,0.03415282310113854,-0.40346929993185365,0.3588865715975289,-0.10676428803686504,0.8265793545756782,-1.149620421146778,-0.2976810415451698,0.4572626510645159
0,-0.09437099140901267,-0.6881556836326423,-0.05761029419013804,0.6293905861416229,2.0359988619911045,2.74957405440155,0.6264880617399144,-0.9497212179194858,0.18079433074833873,0.4391090046767401,0.03532500409340472,0.18332347458702875,-0.6374230084871895,0.26693987693455024,-0.5268833207829602,0.7023554283998604,-0.5125617427061873,-0.30902687461179396,2,-0.45094341400945503,-0.43361615831208833,-0.7507808092814303,-0.07683042027798612,1.6489868185035284,0.6678734545881357,-0.18806523845218603,0.5699104733627804
0,0.827315117152849,0.5965994955526438,1.0441690237675105,0.6550882929967444,-0.051547268278982705,-0.3570828178861979,0.8983060793185166,-0.3603755169512012,-0.6195488963810527,0.06978185976733803,-0.3577381811943708,-0.4691804465424553,-1.726957992679739,-0.21136044826193875,-0.7291672525481326,1.4817735960744374,-0.38380934610990275,-0.6021878193362298,1,-0.1787695209176278,1.9789447838927923,-0.5999950440680395,-0.08825296712141545,0.0979179910359948,1.4837716855305687,-0.0797571045169917,-0.8353006723279114
0,-0.9100610972836883,-0.98025871369734,0.013260451732268006,-0.9956096222564641,0.9788624655919964,-0.4896897690795506,0.7418939221687583,-0.3065066397360903,-0.9303766813020222,-0.4907779108167643,0.3063233474011857,0.7315274470200442,-0.55338239778954,0.7493387372142835,-0.5916806665494524,-0.4125967326496745,0.02111079333323465,0.10219901305554602,1,-1.0223988640292658,-0.27380862977883946,-0.6373718381165394,0.014567783996465605,0.9151111068946572,-0.2173581595281909,0.7941755865202247,0.9643628554974353
0,1.100273511944389,-0.16812231478442058,-0.13207867598686393,0.5954684987950731,-0.13267884751081566,-0.7862412597506341,0.5498705202222572,-0.7395714628120978,-1.3403782513132239,-0.6539478997815652,1.2364775342100838,0.3729688441756736,-1.418033031916051,-0.24583263883817816,-1.190490314935906,0.758344709437722,0.5634389616020555,0.5747822058372133,1,-0.060294909082102194,0.16350281976733305,0.08772466290321426,0.1709527430720367,0.8512063189227521,-0.040874182628801825,0.22697366007793082,-0.8107189909671169
0,1.476105255620375,-1.8097776722143157,0.29829595069533726,2.6728633001825832,1.8030896313100313,0.07949435195505494,0.8586667052031002,-0.8120136014251574,-0.5515022529877185,0.3500722410997551,0.11806539376988456,0.4283055594196076,-0.7554317529172426,0.80029084547733,-0.2869479598107234,0.8885113092265428,-0.3629493131256325,-0.20577284790719771,1,0.8026477999180117,0.84902999110592,-0.7057630484846391,-0.06054121353486261,1.1690484524272664,-0.6082117572132576,2.261098769104694,0.719347534677347
0,-0.8042900958437755,0.407237755405146,1.0799180654935885,2.096731679710224,-0.5059662906343815,-1.0425104988451206,-1.3275886965125543,-0.8416331324400929,0.5139968071603307,-0.4070166808543528,0.2767831928957196,0.27779262629371965,2.2111169387121965,-0.38566627483521193,0.36686302823294414,0.5526367389995304,0.14138395893280578,-0.5912729634268603,2,-0.11337648766618658,-1.3423126342790987,-0.44561128484808926,-0.03833620247850379,-0.9652324170698543,-0.13640680054544646,-0.6217166164226049,-0.18843653906476737
0,-0.16617992420463318,-0.841843490427929,1.8931953250275773,1.7367339875870267,-0.22806199881420564,-0.7607844824866421,-0.6818799039974547,0.6523577896229288,0.488327181856452,0.39001680911219627,0.24780629104954333,0.3124018837946855,0.38781699513353124,-1.0370962558154933,0.5348835801706118,-5.316218772448348,-0.2893019709255557,-0.41746071478302127,2,-0.4287287521161951,-0.09666405757575774,-0.37013586809779003,-0.03492469201381633,-0.6384917479819219,0.15215291034870282,-0.5929364498069329,-1.2944481588913486
0,-0.7603945380582617,-0.189572867731726,0.4817264325559441,0.6436318483964099,-0.49288909761676464,-0.1477271493568576,0.7387428783830798,1.7111806466440673,0.9839580224299991,-0.43315461954845225,-0.05768529416136858,-0.28541864396391015,-0.4700680320931109,-0.41397173737976134,1.2216853663321208,0.9774921003845535,0.5441806630396416,-0.4194947705745108,2,0.2933699677127228,-0.4278201701632194,-0.24625803308035848,-0.008174088611096648,0.23685251293928733,0.7492410761339254,0.19427997198467206,-1.8196926286917252
0,0.17856192127604853,0.4155272324556194,-0.23221682019761625,1.251818182263459,0.24053166977234133,-0.32752086923399093,-0.45311757258416185,2.422637990598955,0.82706665132678,0.17684869300893735,-0.5580907673004551,-0.10077057624352542,-0.4052063051035721,-0.7894861912247669,-1.1717024818924084,-0.9420662471880101,-0.65175997996054,0.4847205735216152,1,-0.5613847998996917,-1.0809571078927855,0.41218597950175717,0.07899383768747045,0.3308337250044934,0.5079299451470546,0.23194360812395676,1.0679675053047535
0,-0.5405870341763028,0.7007272533693372,-0.06547398591349496,1.1178618674243666,-0.46404326146697006,-0.3634150831418106,-0.5374607509607392,0.8417759296230147,-0.1092546641794993,-0.49049046019538756,-0.4662876576264299,-0.36729498220578044,0.7430232946628254,0.6730707746481097,-0.7151423227951386,0.4828681894303658,-0.23139293868640262,0.016569893396829016,1,-0.7486760843390206,0.4939293760003757,-0.6563974739032141,-0.06769320695805879,0.8988712165378818,0.45824698950391496,-0.7621103815916968,-0.21011158429522644
0,1.653048318757031,-0.3488710858224994,-0.22413163561749472,0.023523359848258263,-0.13885419384657993,-0.27057881258255334,0.9481758845500166,2.8439989019039853,0.5359243314500653,-0.20260723517383344,1.214378569815138,-0.37718459296926465,-0.8645089006445195,0.5067447040492392,-1.8070513746457486,-0.05903358000896297,-0.65175997996054,-0.0026491800343661012,1,-0.8002102911393172,-2.9508122266896066,-0.837083612328585,-0.12045021652052389,0.7633382442834472,-0.3345086730302268,0.8413885826824088,-1.761870618341712
0,1.3292039176477242,-1.180071800328958,-0.16969789658954665,-1.275321606094159,1.0598521070475104,1.408853932081072,0.8978822146014043,-0.7205580173066736,-0.3345797549877399,2.247090596673692,1.2355871595739853,0.300310641937529,-1.0045058391984898,0.6593330213825751,3.2852450391105856,-0.7439826013639819,-0.39763455782722584,-0.3400229076668706,2,0.07961275463834398,1.329099719232301,-0.4407863390673475,-0.13858845242106,0.15323613678410994,-1.2033748250724774,0.4204511067939009,-0.3438863905581864
0,1.4003338989168945,0.5476211882694564,1.9818685470852628,0.6797274606408629,-0.32218094020432503,-0.4575506318495458,1.0701124780671094,0.2891076203152683,-0.6579997486107829,-0.5909638621254928,-0.15620160132624294,-0.8497053742957285,-0.5512543705469363,-0.05085516241646379,0.3870523218048941,-0.7769453063376189,-0.1875639274034619,0.03084336623934275,1,-0.9852053206388662,-0.6306533912041881,1.3306672465924958,-0.02668616068834899,-0.5400229196325987,-0.3244744155543609,-0.529207814284181,-1.7747044095990268
0,0.40477494050796736,-0.37780033774088073,0.6004116511696371,2.115922009324026,-0.08863117388198127,-0.3765020830139675,0.5126875618713292,-1.1339573510133456,0.598680824607709,-0.6258993952973647,-0.7061802128890862,-0.22245795037037966,-1.4498492382733799,-0.2260577206809901,-0.8161527559488816,1.1129185206998775,-0.2493170152845544,-0.18250531669875325,1,-0.016701594379505913,0.006616925920255479,-0.7433215969534165,-0.0993531601034571,0.9719188043767871,1.1184643078185985,0.7867941471570987,-0.9238657921104112
0,-0.3760369520482213,-0.294837176416506,-0.2848500842205991,1.4223271076667374,0.17288628226713665,0.14852929761389622,0.6979814433040828,-0.30165339185437823,-0.8613905995285436,0.8566786962019615,-0.0006804674301058855,0.3529660797932279,-1.0670520380518715,-0.1072571479042003,-0.712452969729559,-0.42823636286177624,-0.43839302228235505,-0.23002282066972127,1,0.18305761241673976,-0.37105129680614213,0.34097489588960156,-0.036110593677745814,0.5036535868577994,1.234355811609924,0.39035194991638067,-0.9529835289955114
0,2.0899077038209266,-1.2096266766599464,0.8143990525238385,0.31265806970098653,-0.3422052659436937,-1.2598004067918824,0.6896550927984546,-0.1514007161842067,-2.650247663685226,0.7762131997682062,0.34597053354805124,0.5253360829621951,-0.8381461452306598,0.5178408796061625,3.3358225197665607,-1.4634269422905848,-0.65175997996054,0.25824502673278543,1,-1.3433546505239198,-0.5807442151755055,-0.7907511060894419,-0.02161497620148277,-0.444845634356841,-0.19616047366409242,0.987056327211562,0.8562969543866576
0,-0.13844532406279042,1.118966255069196,0.9798825302332368,0.6456190652981019,-0.8383524895358196,-0.5848654480135018,0.9734556114637736,-0.1317333212322756,-2.4846476180129473,0.6716958833655384,-0.24854241768493252,0.5327027879231788,2.490902122827356,-1.1470058087287045,0.08940375917546972,0.2800373665807125,-0.5545807485804854,-0.16414723628434605,1,-1.00738681230537,-2.2876969756232928,-0.7651312363721445,-0.033857326880556496,0.22075308515015224,-0.7600026601698604,1.5584577003072062,-0.7183245753787938
0,0.6370175606716726,-1.2717013238570616,0.024427164085965604,1.3429115946750008,-0.523056391628179,-0.0854522147045082,0.6325540458150682,-1.0230230629361206,-0.6312819284451893,0.5990560543332207,-0.1988493483812932,-0.8485200449560596,0.34255009294822536,0.28563446482270866,2.459362666700506,1.5821158760986356,0.9325340870178511,0.36213999572863725,2,-0.6450815915801679,0.271438435344001,0.016713091229179078,0.22036092242578117,-0.43092618603163263,-2.2379405192479314,-0.5820190367394921,-1.783058867451686
0,-0.0499639247881572,-0.26969245347700205,0.29045406546276226,0.5560223068599072,-0.2644942100746447,0.05577538270456228,1.1564491962866743,0.8004206878609383,0.6738403735194242,-0.5472721958649204,0.043119285265331486,0.1509208657661067,0.896624292631083,-0.10275432680832028,0.056641134344102895,0.5891796150339249,-0.049524150189793115,-0.5208005201582875,1,-0.523377462066865,-0.1061120622251096,-0.5825670105817335,0.17259909058213804,-0.4716063238532414,-0.32730700969513243,-0.2704391820559434,-0.4061945691696199
0,0.3441845302461066,0.5787007044699055,0.8011545009833366,0.30377858582508566,-0.86161450498989,-0.9220920108748871,-1.2120662749303348,0.8770298333483646,-1.2544884291101934,0.08520974148515226,0.46822399112231794,0.3736877726716503,1.3631869069508586,0.28032071963934957,0.6744381833247521,0.37088968547056067,-0.07144784117409611,-0.5814858227145305,2,0.5875651994493347,-0.9363822271693476,-0.5982992442622509,0.13875775289187392,-1.09095311408826,-0.4571923078893919,-0.9684786151156729,0.2528885280356212
0,0.9666623764444586,-0.049517901610220544,-1.255859023972278,1.5739321298504287,-0.7326493474959099,-0.4745244490434473,0.719165139646766,2.9861233489636447,-1.1152789751072523,-0.14236894822729207,-1.0060450428663845,0.5157094972464364,-0.5209402769848848,-0.8687465772772578,0.542232601776561,3.0591484580162494,-0.23958544706651913,-0.6062674607240943,1,0.23391126185151873,-1.5882556041762084,-0.837083612328585,-0.04298406857704232,2.183732722906008,-0.024084237953279963,3.3017260210770116,0.4214781812440401
0,0.4391475977720041,0.10643741895863046,0.007537614225439488,-1.4972267627736144,-0.6486615475749062,-0.7374123754286339,0.7881628761832212,0.6237837847340852,-1.6483070336715757,0.5016652497532116,-0.93252117551595,0.647117297545857,-1.4133523992496886,-0.03763767568828669,1.6697415667839621,-1.1664648553647792,-0.5837644721694343,-0.4451254397957042,1,-1.2790203271585432,1.841661502327764,-0.837083612328585,0.002510732875085908,0.2215557621510486,0.003240411143814681,0.10238347407204318,-0.4648742766737345
0,1.148185133132404,-3.97321422704135,-1.6924357950906235,1.4057057250635407,0.2856024163145505,1.0256337913798095,0.9363796155628832,1.3780116220598229,-1.7524475343481365,1.6386021778741025,-0.3022877667610266,0.5932739832726803,-0.21285236033410582,1.3222799644857521,-0.48191491553240307,-3.271987748750708,-0.3665978083257797,-0.14753149136314161,1,0.23484422814248418,3.390599206075616,0.17476886971393013,0.16168012121433573,-0.7013051729922151,0.21421808994779645,1.0496834963910566,-0.669241782103173
0,0.6372345971694853,0.24902393977528886,0.20975719981775526,0.3373265783609197,-0.43346852538487723,-0.687282447260099,-0.7177119373285334,0.37676230392934995,-0.1518296698168648,0.2058987033741435,-0.42757448015142996,0.6817829112670695,1.1838122044379529,-0.27089985097731584,0.5963559375274042,-0.282048816579895,-0.12819213430911247,-0.44929109164991976,1,-0.6015440964571412,0.5576270506825773,-0.5497303124973432,0.052436047590231114,-0.5714845790246195,-0.4324132819570077,0.49886099312805066,-0.48153544008353577
0,1.2533816170545793,1.3411518823917605,0.4528702588893058,1.2125772866147733,0.7285729937596086,-0.22038400435577604,-1.596171030186423,-2.1875126858037874,-0.5975477770591395,0.32971263100250864,-0.19641611112190444,0.414912414703462,0.23136713826539165,0.36562213917477304,-0.6533224633359447,-0.741385092858208,-0.032059126630251567,-0.2537153449781624,1,0.5461003053916633,0.1722571364470248,0.2613984444913016,-0.017456090695878564,-0.4485866903376371,0.5830038398950124,0.5013821457315205,-0.3604269549357474
0,-0.6248078787061524,0.7954748130798921,0.6563116249547871,0.7188797201595213,-0.4472606733956539,-0.5225169766775881,-0.7259704655308763,0.5362478830339588,1.2611483142414268,-0.22807169331809626,0.3477886897451149,-0.8718596274405684,-0.22881141595806354,-0.3254231028747731,-0.7741983113228634,-0.5904133846791306,0.4188238177536882,-0.05541349194344841,2,-0.20803244493420425,-2.0012856875203653,-0.22138821340200218,-0.02186012468263704,-0.29046272474797924,0.5126482667774026,-0.25794323171618694,-1.2216867025904943
0,-0.9846928538247839,0.3439843185313858,-0.16170149606406345,1.8367124506353512,0.1346514402963964,0.5123603471639648,0.8062510226195307,-0.7886653179830277,1.3246089923446853,-0.38501765990223863,0.03738278597305646,-0.27218380622075755,2.5662963581528624,-0.5921925994587774,-0.31728352779306235,0.711243171063101,3.242735073514382,-0.6314765689208144,2,-0.46342434978278024,0.2630229253627764,-0.7633410340699767,-0.13736120250579897,-0.7616520089773559,-0.09608461339282381,-0.6878050260009538,0.04501665095278551
0,0.25786556612030886,0.12101495735306483,0.35724615447969715,0.8997233568807171,-0.5793995748214491,-0.595267038399487,0.6279142453735265,-0.17132814033474686,-0.6270712694949361,-0.6190674855504166,-0.8744477800791578,0.528788702751713,-0.5631870531828769,-0.7172352708760625,0.11342017773399904,1.0938670315026826,-0.5930822417199447,-0.08596307472908288,1,-1.485807586282091,-0.44192316545422117,0.17466180674394374,-0.10007060356285745,0.09108173851786128,0.2392514691382499,-0.4879713523848862,-0.7505180138508034
1,1.7107397619260558,-0.4281395338746747,-1.8868684880521487,-2.124707676799723,0.188469381428885,0.4091827191162113,0.5845149454117587,0.13828346685511717,-1.191396903773915,1.1329237982827396,-0.17619900815347983,0.02976491850009632,4.027061183439941,0.2950289563366986,0.6227530629557958,0.37526968662227295,-0.5700615163873758,-0.41512035309453255,2,0.3956431612547976,1.4885133129284278,-0.8075129407457937,-0.07787687380785752,-0.30970074810296094,-2.1341311301698176,0.3068537399636079,-0.8458428003474405
0,1.3842450067813195,-0.41827009308889807,0.29973079992593393,1.5838701710708163,-0.5364066391671513,-0.7821582541891462,1.0681883882841876,3.0124213987556345,1.039341146167546,-0.5914743473621787,-0.3795615709654152,-0.5663633918815973,-0.2859230284501213,-0.688276455096171,-0.2257571408960183,-0.24701585249480462,-0.4956286360414358,-0.2554501411919981,1,-0.7784849929728638,-0.8162395002921703,1.3525846401531616,-0.05320097494017135,0.2737852292147148,-0.2345420366516665,3.364541297306646,1.2640529990670506
0,-1.2678725425332276,0.22904380207125646,-0.4350225556246106,0.974393059283429,0.5470992157594646,-0.5432138815566439,-1.1191979593220538,-1.2571199948512324,0.5719767254153312,0.3753962941450437,-0.2165021350576248,0.3664164089536878,0.46037068330794095,-0.6359521139404684,-0.40597541319941205,0.8500232288500388,-0.047426473807731254,0.015868118303956957,2,-0.0994497467528317,-4.294704125854761,-0.09264240526749878,0.019958221315976278,-0.5643059245638313,-1.4357580909402827,-0.8472866139812683,1.3636441091017613
0,-0.29489687617814275,-2.8551356255850715,0.322975740114095,-0.9624182549869315,-0.0946411556880491,-0.601312453611585,-2.168292580373836,-0.4057285113781745,-0.05115299983564213,0.3567474637499146,-0.28358908057815635,0.17914612334223856,0.14732037758319372,-0.5770473735555693,-0.02219625115142021,-0.8714493885166447,-0.4810500484014397,-0.48877610227503265,1,-1.0087227433172314,-0.008654762624839663,-0.7143941138233061,-0.10105860206520456,0.8285208008292559,0.6859824751810646,-0.6717877076191264,-0.10804977927949433
0,2.13953147666309,-0.5947562124474766,0.14350642982889258,0.7792175670515662,-0.65008112831177,-0.7548192908105351,0.8982631426937489,0.7412428644520312,-1.130235395844479,0.5097257580940057,-0.725507807507215,0.6649045335673668,-0.8114461678878946,-0.40981387094095545,1.978508806122366,-1.2051680100634257,-0.65175997996054,0.8408834450491554,1,0.12550305075556412,0.34590038051392913,-0.837083612328585,-0.07780434479290166,0.4923625302741918,-0.3628053134681809,0.5941276161134625,-0.4730840002146949
0,0.5928222847588972,0.5968193989781829,0.8663285816112852,0.9471353360458712,-0.7548451475522926,-0.6679221020653744,-0.8595666314514857,-0.48794289167538224,0.5482236797597945,-0.04285595406769738,-0.6192310153441929,0.43660418986429217,-0.36829045865880994,-0.4497126655615586,0.9640752817305622,0.546613293908939,-0.029574816727813466,-0.15331228321670393,2,0.6515229837412897,0.19816273453388447,-0.5692566074718832,0.06254126399473683,0.11975865478318887,0.6340920224433637,-0.409967085542225,0.6027891399307561
0,-1.1586107871917908,0.6787412457983353,1.3878594188581208,0.08329995312841065,0.09055734524539145,-0.35656662684081103,-1.2117622116931317,0.15305872417001898,0.6446682582220522,-0.21314079561505891,-0.6187197094874592,-0.5970593427800562,1.7911010252894672,-0.9095035555217397,0.49512119883585615,0.043322685955528795,0.4387520433458865,-0.294752447368141,2,-0.8079213849711693,-0.16945684390368965,-0.6746254857710073,0.01072904015320554,-0.953951131874831,0.7633364358449677,-0.932101148867842,0.15627254346079467
0,-0.20432275921717497,-0.4687594667976206,1.3371206970025413,-1.4632591171723321,-0.6397308029379918,-1.013553756221758,-0.256770048887523,0.5681605628649875,-1.1832681433920602,0.049092845511839844,0.04732807085069948,0.6376441866869808,-0.5936491962013425,-0.28040566807823375,-0.000555119476475352,-1.5599420503904184,-0.22636708392242166,0.11987009539355664,2,-0.4337794704311839,0.44853474283939776,0.8289165272727715,-0.012373920798678044,-0.23287990642935918,-2.2348555722864383,-0.051474288658541506,-1.1159846924696115
0,0.855596945154429,-2.8680289456149715,-0.0677664319550001,-0.0955655699710034,0.2616148978532439,0.8989680890321534,0.5583158633677578,-1.7651263077058197,-2.2296477550496228,0.6720991432359912,0.33119329248458534,-0.03251541183336079,1.1686532154172224,0.5063184548222791,0.9252400694349573,0.8097068307010522,0.013713599246636732,-0.45546425405425517,1,-0.4585117396767595,0.6993507786472204,2.8172509779291417,-0.10478088961879026,0.0029127998349253725,-0.9735338899569118,-0.9935951896798745,0.1974742944501783
0,1.383300147250964,-0.7661665293052913,0.03438009444969625,0.408048510496249,-0.40547469471277436,0.0914524233368249,0.9009720293384942,-0.9006053534640737,0.5851847709045881,-0.08029193359063173,0.7533842029683417,0.4565243286673676,1.213685339007005,-0.39688813234574194,-1.405455651182928,0.14386806573831734,0.571698820080714,-0.2570969671537988,2,-1.87737378862638,-0.1735239079019104,-0.24422165002918983,-0.08009745129297843,-0.5745889929787582,-0.13298938796263893,2.376980442562683,-0.10343542253356819
0,0.12100138640469198,-3.8235337489726424,-0.3747591238626289,-0.9652662955394626,-0.36157550354982704,-0.9618028988362421,0.9120514947390008,-0.6166751038837273,-1.295377334852236,0.8145156794719903,0.05414601552397369,0.07708432520383751,-1.3083136964394535,-0.5846492038580066,2.8871313238115373,0.002336969493580754,-0.13033886870045308,-0.5226493482395779,1,-0.8656499847030374,-0.1379624238812065,0.5795408420153161,-0.13858845242106,-0.9686761759667747,-0.8798402128688059,-0.2389274256336879,0.5520159741697879
0,-0.46222726198488784,-0.36561794449206825,-1.2737041021970095,-1.6699030721499732,-0.29779313664559626,0.010811968916413672,-1.6920745269813326,1.542408970496105,0.226287392852366,0.07344490431540274,-0.2949429834919902,0.3647126022378632,1.7626363606971682,-0.11845399061290074,-0.6376995153107825,0.7085425229816057,-0.3712178158657546,-0.17608809217524762,2,-0.006656329120500681,-2.0772963042560013,-0.47325132445692203,-0.13858845242106,0.6912240804204026,-0.9121662298295453,2.8531860056813496,0.4805627392253419
0,-0.21478596280745543,0.263758529547642,0.9210254707954608,1.6992302940042563,-0.06816837074060111,-0.22356125397190646,-1.0719076208597418,0.3154146202347697,0.04844650383652388,-0.2092181847767144,1.3892599404147314,-0.5755285944594617,0.3638757130138981,-0.5548058402540744,0.42100890432743976,-4.063137525781295,0.720136784236605,-0.39713743734552726,2,-0.05102593959775242,-0.3015237234601241,0.055269391629970736,0.09263740536825621,-0.6391246052411939,0.6819628581258182,1.2183659875174877,-0.051362241269838294
0,0.49943193321548246,1.0600699447604383,0.7085303000968017,1.3543957257913293,-0.4019750136228318,-0.42930125461988045,-1.4524078732772778,0.5369744145104436,-0.0014012407057135134,0.283776904949912,-0.12910727309013365,0.1266370837292033,-1.2312139435873621,-0.17618299761821993,-0.2133107322261722,-0.9023592229331392,0.8354995253474711,-0.27116261766845023,2,-1.4297788393731135,-0.8677796089103305,3.0200085182708367,0.3324216635121082,-0.18517397164130442,0.7723092330567336,-0.10967560860837056,1.7923108972938318
0,-0.1456797055365846,0.291341761801296,0.2435319102251256,-0.19851105054905366,-0.5361065116119941,-0.9188546902300376,0.6406601279090154,0.5701084258070894,-1.9614828548545373,0.5372990877033033,-0.7096638880053119,0.46568797836244036,0.00022762208745774615,0.5220288690041207,2.3944060256503077,0.4196455280926047,1.0898944587598438,-0.3616911317317504,1,0.16934837690088753,0.8091472598491473,-0.49303258166076924,0.04638510894233537,0.20855806049974646,1.08832158441713,2.5557386426213493,-0.038795502081088284
0,-0.6456888104384798,1.4548438972843871,1.0017409082811348,1.956848716604116,-0.877781416664714,-0.9539022072215287,-1.028889523957607,-0.17482576521437754,-0.008898320271735649,0.031721249252461114,-0.002551443536530529,0.005238061851990383,-0.39612079572540504,-0.42986291097388984,0.7701770078630674,-0.848752844507486,1.1131594392135402,-0.44790269094899626,2,-0.7293228680056532,-0.9586078283681209,-0.46426591811308915,-0.04438062019325546,-0.03157774109304612,-0.3669327500437215,0.22407936796522232,0.9749810129554946
0,-3.031346582286571,-0.02425025483302687,0.8282000370812563,1.7860543510883633,-0.5673918781794873,-0.18241104900306615,-0.7081787435174913,0.09505056345538584,-0.272552977817089,-0.857738841789563,-0.30869435196356226,-0.2700010798458375,1.8711725069339957,-0.19214181925189727,1.3559080341790692,0.5288198773046242,0.8100272334521276,-0.5979285652112707,2,1.642234941275376,-0.24736177578838023,0.10493558825363841,0.0591198371434858,-1.011626865761208,-0.5592220691611285,-1.041875142134373,-0.2572448137876462
0,1.791890934168839,0.41185623995167275,-1.7080803561107136,0.14010902218672047,-0.20727971541378232,-0.7957636411730928,1.011980379013195,1.6103071558950663,-1.4988109432205654,2.4297152368055186,-0.21170497323104187,0.2005975346705948,-1.059315420066579,0.09023972114243362,0.44429916509131906,-0.5011453236251922,0.018216187124338618,-0.5789985628692816,2,-0.34875044006425193,0.9716971999262252,-0.5910881717835922,-0.05209263425024553,-0.1686243787589246,1.064510562311056,-0.1700690160427234,1.1709424286284202
0,-0.5060362400058775,0.0029646968678951335,-1.780274535161328,1.7345106872250637,-0.6542391316697456,-0.23312596973798694,-1.901015400974246,0.7644535503072449,-2.3321774926317502,1.0323663099915383,0.2082117338351846,0.9230046229739929,0.09418856399366649,-0.15989515841630275,-0.3468816973711369,-0.5446437129978724,0.22281741153441312,-0.3476092693729315,2,-0.5404215624597757,-0.5481686861084669,-0.03485245774645074,-0.017079074279791127,-0.24962144491835536,-0.11488051263703375,7.5775510866685805,0.2647829892418254
0,0.7820272066667909,-2.7172584228164096,-1.625895417024497,-0.43600353961065763,-0.24683664124052096,-0.04877500918376815,1.0006702019911433,-0.08826389419882708,-1.3391856178288881,1.2120829318579875,1.171594203097921,0.7186642940578329,-0.2407672420002557,0.6297406753493437,-0.7726676887710056,0.06635966104697444,-0.1925817184341515,-0.20731048274833658,1,-0.7042746689493635,-0.12529954966325907,-0.7143306366899607,0.06390232099663586,0.13656263008926295,-0.6079102442536075,0.2739554696184757,0.9475729207148611
0,0.3684977907959677,-0.20203709146413154,1.3570566738240775,-0.7302550313147246,-0.13957281996483906,-0.6634797190527076,0.5303882074732482,0.25423901731879833,-1.1301067521533237,-0.43652079463606275,-0.5405294028239156,0.40938911489213625,1.5918056101401088,0.3175153056608797,-0.4807006986361523,1.1365350941007022,-0.1670053572230899,-0.313034699688913,1,-0.5201113611099176,0.7375384776747252,1.1531379521794178,-0.009866420673042609,0.15269644225691478,0.24205222289752348,-0.2676692095465545,2.1297180468518806
0,0.5498134389629166,-0.201859636513942,0.12205963874762277,-0.3693139283046303,-0.3140963730643842,-0.8882071917136197,0.6460331483633273,0.722848206664612,-2.065061931845153,0.05306629228731552,-0.1543650410140992,0.42124520200453264,-1.3094850011225385,-0.27716493189583113,0.03760376395277726,-0.31449727226625307,-0.41567631193078924,-0.17244939609913795,1,-0.5502193255298449,-1.7242557077715457,-0.7215734101098168,0.11849581693383532,0.37272330425805,-1.096195142248944,1.342582954798178,-0.12866147145422446
0,-0.3887228195995893,0.7471536865482367,1.946896361605901,0.7497762781700885,-0.7593602975645425,-0.4564873542102116,-1.0858946944390684,0.2785591295973269,0.8750483719474724,-0.5037251238522383,-0.3895951134105522,0.01090042961588178,-1.157119428054042,-0.3743555641455565,0.43794808359152937,-0.6966422791751254,0.8899903544619132,-0.4385374626385713,2,0.9805523095184446,0.1189925631517047,0.033109236015759276,-0.13858845242106,-0.6215592596091699,-0.525006995242047,-0.37869379821636673,-0.19451743114867998
0,1.5660371377668905,0.35155758171288687,-2.1310892873704743,-0.2743140023175087,-0.2960938782618936,0.11737286393433338,0.5128895844216228,-0.4091666007245168,-1.4472317330114612,2.0928939701997793,-0.08700682074946392,0.5066660610646874,-1.4468697796078749,0.7068741232072966,-0.19204917758113946,-0.9362000282713611,-0.261594903535497,-0.3572004624982559,1,-1.0637921871979152,0.026072446234693514,-0.708309325584334,-0.10930870662761855,1.0303465065018638,0.8117337748158393,1.5652508298080468,0.23732839157457877
0,0.80502944242941,1.9238157142636556,-0.23094211428001757,1.7932364504748173,-0.2705168753152074,-0.827489553069634,-1.238054705286766,-0.788978288899725,1.1229820877756296,-0.3472133284348253,-0.693270149626632,0.13879326245298068,-1.065024523691729,-0.13014868379155764,1.475420737262425,0.29499104845632673,0.13593765452824846,-0.3454982447240972,1,-0.014708959432174595,-0.6079821373808189,-0.05889845827103202,-0.08129680302427607,0.6650240543620672,0.42018331436911605,0.73689243296011,0.7414289426925883
0,0.8129644488840679,-1.1324944729381143,-0.4473243559375055,0.4639383187436153,-0.4144144948416428,-0.6591216982581845,1.0362543661869594,1.0552919081723846,-0.9801414314043274,-0.4733719281512496,0.11168227952042281,0.5383704471630448,-0.7626447451702458,-0.24955216944653805,-0.6158710141708735,0.09532802384961825,-0.24081010198132136,-0.14900829681302025,1,-0.5878223003776952,0.6527316088060332,6.782487875991475,-0.10367703162541435,0.6941835099335242,-0.5396144020088959,0.31349028398052814,-0.6253720429117006
0,0.45134562995351996,-0.9466232247353732,-2.066230757788603,0.6982027483291752,0.26256692330796616,-0.760227803050423,-0.8202194272887614,0.3214299256034236,-0.08910966068026833,-0.16694289933566653,0.37040196794205077,-0.33735121682726443,-0.06616576259722638,-0.09446272971785533,0.8928789312266271,-0.7081389128280224,-0.5520538127562925,-0.04533719967993419,1,0.042219058187176015,0.6131605990404635,-0.837083612328585,-0.01789274244183786,-0.20801398758028605,0.7853205853338479,-0.48643097398703616,-1.105175388289108
0,-0.8975153587005045,0.9725951535910984,1.2970307620090826,1.6429227978614742,-0.29640080703111393,-0.6920858674657573,-0.6302124286158763,0.08993725644842543,-0.6334979845814842,-0.060940474951030624,-0.3090405410765084,0.6981753917361964,-0.8281006187691444,-0.726244874047324,0.6691880499685161,-0.12439187325386858,-0.1207474700362657,-0.48738692800162364,2,-0.0790466662276467,-0.9024811252203326,-0.7759178698505435,-0.0011573177288020237,-0.9401467339189457,-0.038713252625523914,-1.0921020478815877,1.0584456656537649
0,0.4781462107808989,-2.387769037933613,0.8245923652755316,0.11936941433326481,0.7497509756218557,-0.8360245759695326,0.7715421329811286,0.1244256799705259,-2.6789392640871004,1.6949696881139817,0.7781345634424961,-0.49131025863915484,-1.78526162662461,0.02670335600835877,-1.3316538595998488,1.558693866265897,-0.65175997996054,-0.4157805072606041,1,-1.87737378862638,-0.7610595230800589,-0.5018164521740515,-0.08399151872120192,0.884982844971205,-0.3074632502916043,1.0177856209401344,-2.2003085449167754
0,-0.16905508736728114,0.028651618164498016,-0.18307663839801008,-0.5320275897857559,0.8681561746427561,3.9122878482067387,-0.7426902872875121,0.06521433195640824,0.8256846594718719,-0.3687291305349608,-0.8141747982088622,0.8079900650434397,-0.19362534899727774,-0.30798773849166833,0.6604854591107013,-1.452823317048399,-0.37761201415883605,0.023646497585845028,2,-0.7020900329076155,-0.07883801286737069,-0.14659536043184496,0.04092119783838075,-0.6127951510715233,0.5785317243247587,-0.11528458320078372,0.07603712095593951
0,2.24867707487614,-0.6168494488048248,0.7842934670811725,-0.5025417814482095,-0.2549639081424354,0.09717003669920554,0.853731373824758,-0.35812379390628624,0.42482579356646205,0.38921008994558526,-0.25035732794597026,-0.5256821539253742,-1.2144218208062127,-0.33536200568138985,-0.5762999629808122,-0.16535778085483166,-0.3954925906390554,-0.46152895440010266,1,0.18298566146509843,1.4318107332953989,0.08129177154659717,-0.06946055862585054,0.35134172266802444,1.7795615772521638,-0.07086372153234413,-0.2842057120897824
0,1.6542358805363062,-1.040663852455801,0.6573894488649185,-0.5728440664430419,1.3602371326347404,-0.8672856960971155,-0.545047177979118,-0.01661650339862053,-1.6347067207993766,-0.05648405922024169,0.14753684729422306,0.42553961665279133,-0.9674050585531373,0.9025840532936699,1.3330883142829613,0.4185126728592605,-0.4007495630589728,0.058468129146795,2,-1.0303456999209992,-0.8384659302050854,-0.6958195698491662,-0.12079902908989859,-0.44978653376591193,1.1350926465947393,-1.0710696965350668,-1.8488572870320703
0,-0.12499349545751984,-1.0257952043408214,0.6817091148224103,-1.0274804546945693,-0.757798441238984,-1.108284763600597,-0.7281683798105372,1.5557374769987815,0.16760991261516378,-0.31234133341282644,-0.575215852254408,0.8577117021518454,0.5924844274844836,-0.5953741294222714,0.7054294026515413,0.8297728794924719,1.1262505166490389,-0.4683209568027674,2,-0.8381863093937245,0.38896579102723194,-0.1773751577552438,-0.04326238893355724,-0.4949729417632881,-2.0233898894456104,-0.31935227997264337,1.1530003505302484
0,-1.8919957672049845,0.21679915896145768,1.1036898378283393,2.5421644469710953,-0.09331068120849917,-0.17311037379411937,0.5601129242205655,-1.347712409990137,1.7529815402208568,-0.06734765153817104,-0.6517552247873524,-0.13434100312327468,1.0322976290501513,-0.1982969199486932,0.5623772640429799,0.5703296940876297,3.046828568773881,-0.4752936513459951,2,-1.2231635631081732,0.029127449726102927,-0.837083612328585,-0.005297992403279599,0.2201941113857483,-0.09566640720068914,-0.8892007432254293,0.08479008213831551
0,0.2870216028361745,1.7851592003895758,-0.2766711837370405,0.9320183330179177,-0.46496627037968885,-1.0523509177103574,0.7880453250501557,-0.1184271743003602,-2.7308740397485343,0.18310705795735016,-0.4262120126402454,-0.07823065389207348,0.3082221149409501,-0.06771748356626495,-0.003045139961335694,-2.899173428185108,0.9950096041936524,-0.6147115261148279,2,-0.16847353414601884,-0.8751809273672864,-0.4578666866069095,0.1490731162280851,-0.5219095936982379,0.15588270154997552,0.40078101640006847,0.7127284177183837
0,-0.4084015907006284,-1.1880586472387211,-0.9635763710700933,1.0396007743894018,0.19252599898913647,0.3653783782246674,0.9008854154983055,-1.506908438475293,0.016594001245596457,-0.931129319362181,-0.5958483379969418,0.5019577443461971,0.36800568509016296,-0.9451269578769584,-0.8118738550375423,0.48355454166625567,-0.6412284513645368,0.5934244407192126,1,0.605698199238052,-0.12588238381392783,1.898395569701996,-0.13858845242106,0.14154446459378595,-0.011179644607729411,-0.38040641902852057,-0.6309250912068289
0,1.2226909845922125,-0.4452695387584978,-0.5090101914250114,-0.9379104400273884,2.0838657623015107,-0.2917535760115286,0.4129734136203066,1.9610666404433985,0.1400546084631652,0.192840407057697,1.0536131606781454,0.9404284683032071,-0.9150144858630296,0.7081412708068145,1.167159778311047,-0.4687431536889752,-0.2442871065562066,1.4818816734938398,1,0.37836841150229017,-0.05361726530765143,-0.6730952133070082,0.3520841257127221,0.3315373164192851,-1.17312047376487,2.1060852589042893,-0.8668481910270436
0,1.0917315882495058,-1.3537717971432168,-0.03944904453110798,-0.03913660967764743,-0.11004245050464317,-0.13504016681426873,0.6865108666897518,3.7097304574556325,-0.8356019860472961,0.6286042373567224,1.703011520630456,0.1879752360886243,-0.6813112076539036,1.5906527842301472,1.1302835487885694,-0.05207207512999923,-0.3300146401273786,0.2367375018053181,1,0.6960222625774967,-0.5999839247285418,-0.6403898528837383,-0.0008841774123486759,0.6772988459501768,0.09512030937480892,3.2611455239863467,0.8419757159202262
0,1.4064711288523681,-0.9555508284271441,0.1321006880644589,0.4468351432350639,-0.493931353303107,-0.7947727475540034,0.7053058319637047,-0.9617820255788184,-1.8300962482100784,0.9926050430657796,-0.2184496632230129,0.3989635172084387,-0.25742875408168464,0.1570490437230945,0.47359818593999303,0.10930728204654923,-0.65175997996054,0.056419165784240166,1,-0.00488804725740466,-0.8075624090565233,2.636795885605914,0.011315386534647823,1.962890302515583,-1.6149301149139303,2.4393098707405425,-1.5208575620413853
0,-0.5458292383256442,-0.3760344439132312,0.6398289796033505,0.9324356464284065,-0.5044734734667166,-0.18220931978364374,0.326442011826371,1.8772116002399182,-0.5928385103943958,-0.06590992154345834,-0.14215188037430232,-0.021834060108842812,0.8436001265367432,-0.7781607007363925,0.3798108010784017,0.28394584779577636,0.9529302465691967,-0.25510910849307034,1,0.10502601076401312,1.1540383481487966,-0.22680349527841595,0.18579462872151709,-1.0216409165815747,-0.4010485107499876,-0.5085504420889913,0.5323919918396377
1,-0.7595830257471827,-2.3395508423134816,-2.3236816149252357,-2.0193226603343803,2.1481182485197987,0.6690023614490701,0.9688811240645889,1.8709858439327225,-5.3239632855380155,0.7632434694738445,0.5760803480091288,-0.9291615059663105,4.643725408606923,0.5000841997121727,-0.48843365613383793,-0.3635090208057953,-0.4858559067192627,0.17785349264878902,2,-1.6692122960170734,-0.7498015036218822,-0.047338510319060986,0.05974192170156065,-0.6064316808909179,-0.5076794848052153,-1.21975314077183,-1.8681565510757816
0,-1.6702856503273589,-1.0734516279476018,0.6516717134859767,-0.0939716001736598,1.3572968927214646,-0.5275106954148618,-1.969307550656258,0.43474679722075976,-0.03613552824055083,0.6060867502775693,-0.32651509405156576,0.40443573528729504,1.2463657268147026,-0.12279503798272343,2.2729195298464395,-3.001812436363285,0.7370805904253304,-0.1715419505985208,2,0.14257408546503222,-1.1229325322638148,-0.5161712733712109,0.321994502265752,-0.5894754215009167,-1.0503940367913431,-0.828701976831189,-0.8136553821771831
0,2.044455907693477,-0.8701778708404475,1.5672692247072708,1.8724025299035647,-0.4913392885923745,-0.530250389155384,0.9569919814829373,2.2114589233541584,0.44124048016814543,-0.12042164137045697,-0.42627059010548635,-0.2855565770976833,-1.78526162662461,-0.28941786650402446,-0.9483115246438436,0.43607505750817166,-0.10386876461356803,-0.6144899245828235,1,-1.2125457659878522,-0.02437498352476075,-0.7514683954818038,-0.05474587645045253,1.7753077681230809,1.625633700724595,0.34023999423354345,0.7971324305591379
0,0.13984523372469004,-0.7154008191975184,-2.5173363044526944,1.2660543264560127,0.2182618604674479,-0.8384421110772122,0.763795876554191,1.0944053026496323,-2.902196662937037,0.2840706801839643,0.07964405990152024,0.7964797112621412,-0.6547312903295106,-0.09291603737982068,-0.09483958538913373,-0.4846635034547155,-0.65175997996054,-0.43062700035230134,1,0.7566203759015373,0.5988937571676806,-0.5148232543327206,-0.00044218108015602747,0.2940374462541604,-0.16192011359559,1.3174970946865372,0.7924330591407154
0,-1.802561556089994,-1.1465497491639267,0.13917524412469023,0.2784519793490742,0.13420564360513704,-1.1486777728525168,-1.6146494475457307,-0.17885291189805114,-0.34408053673904854,-0.15376992696979858,-0.09930519789150732,-0.06695814690773433,0.8767757779381998,-0.4185490488649627,0.03676974651193066,-1.891967841206371,0.6561920232526081,-0.11688537553225822,2,-1.5259127765682539,-1.322104908093176,-0.040694843937111064,0.053959466678147563,0.012034162555119798,-1.2760883287125828,0.30325180047423406,0.1487772616439318
0,-0.3069375766661919,0.26354117176196057,-0.9030805905301955,-0.19614225645497177,-0.06324899155473063,-0.7980108341643242,0.5840581949430275,-0.39580194820443576,0.30636671914036584,-0.37399465241964414,-0.2219230923342671,0.052020431232476794,0.6095863852835116,0.40435249682440944,0.0461235212094554,-2.5549607318162106,-0.65175997996054,-0.010288076485747089,1,-0.5361178795961763,-4.127127206088188,-0.2589879614546988,0.02701150126635634,-0.0887895438100042,0.8434901330054687,-0.9526990602782957,-1.4138989271105482
0,-1.5841982198397258,-0.18766950815112216,0.0006415566363652814,2.424945931692492,-0.772380169272834,-0.7008553391577528,-2.2173454000028863,-0.5251417396017519,-1.5340555541766223,-0.452672056236193,-0.34353000139701706,0.36497663154156135,0.1281476768957559,-0.34084280945322765,-0.48408438524552677,0.27319841828455826,-0.06812240143135584,-0.465554193853174,1,0.5923977260746728,-1.0017315713996242,-0.6916547638768554,0.2201139249792151,0.32961343087887673,-0.2865987874504893,-0.2247153303813243,0.6461259819540813
0,0.7200768478392037,-0.2351911412879567,-0.7365960610479093,-0.7951764287597196,-0.13063631023831468,-0.6955073557677178,0.8419640760386488,0.13611110702699478,-0.17502840254935553,0.0784553261711487,0.13190034241280885,-0.19008405161987652,-0.5487774817436647,0.6150972500585161,0.03467996462805123,-0.255714518863162,-0.4747436660964561,-0.28836104067310886,2,-0.42386629983613977,0.3896456669118715,4.506844242980849,0.020890350401774116,-0.7304166171103252,0.0019934244714051724,0.16044328740884822,-1.2414930091402003
0,0.06151393128500651,-0.44753634517307506,-0.4101485298082974,-1.8831533003065255,0.9941848757629652,-0.8007831319785608,-0.6579462292588399,0.44239137418101004,-0.6468102486748936,0.2870981225927558,-0.29844978627206964,1.6579437898488556,0.20129016864151483,-0.32853415672555897,-0.5582414894742013,-0.20868091141756107,-0.20918511332467618,-0.4592225030594877,1,-0.24253894476259277,0.14862974872125803,1.2456630531651247,-0.13102840259434562,0.5135338700681642,-0.411320584641912,1.5643090779789817,-0.5287157780201944
0,1.8878977843215416,-0.3245341557918082,0.8083874502692767,-0.03150989995928688,-0.6183142135768436,-1.0059500493641724,1.0211308173597593,1.2005690630144514,-1.675089520352883,0.15707065340305595,-0.03465143122395287,-0.24214953946149828,-1.1797465001439797,0.5243267081999714,0.4465006741919422,0.47397425364076023,-0.509145699702449,0.20379612438396794,1,0.574547129870947,1.8084447832864428,-0.5991761313023873,0.22511454573250697,-0.21588586650040736,-0.005849406459839446,-0.3181637973004675,-1.32707007105335
0,1.7076796851229132,-1.9207347885798265,-2.780175982543003,0.4386045138501744,-0.42069083819946196,-0.10771393421261771,0.8365718707598,4.1957417060620585,-1.4282029642951986,0.5212531929954681,-0.4013118318669684,0.22713825899424195,-1.6408341595789766,-0.5238984980083853,-0.5575301192188531,0.09511583839391541,-0.44800046842581936,-0.11543931401035262,1,-0.655297865545198,-1.3535922692646314,-0.837083612328585,-0.06553420692228916,1.404179170905453,-0.2549535423966224,1.4798635826687818,-1.6565987904411281
0,0.8503550724397502,-1.0853598301946468,0.8088560291081455,-0.708086296993914,0.8154983968475056,-0.31771213940181275,0.8410094017874972,-1.2789613320563125,-2.394278375317252,5.2767428943124415,-0.3709275858867948,0.5557992703823293,1.1049898882214444,1.0002981466373684,1.7430159594743153,-2.179305190579142,0.12082737865677204,-0.3073137151386724,2,-0.6602652070129073,-0.2804231673768256,3.959729374650619,0.008851772752526021,-0.8799809772317638,-0.3588428711901285,1.253072376271462,0.9208763303051692
0,1.1036789776529998,0.5478461382212417,0.09454449945887244,-1.3997071090844861,-0.5966629565881423,-0.3855668097054774,-0.44614994477620973,0.11524273348689404,0.27583165069124566,0.03605762336222523,0.34383457205331847,0.6302325170711764,-0.3483870454884768,0.27102636785117495,0.20221863677181595,-0.7691338338007172,0.6612554553618639,0.011010748727256325,2,0.18837120048150582,-0.1882250104309111,-0.36679308289799545,0.2597251706865474,0.4036367669948363,0.140649173246045,0.19282485279397096,0.36629768662174383
0,1.5681490139052887,0.025992285468704523,0.10106856631255295,-1.9561271033659464,-0.5422756820721718,-0.10860344940036445,0.4185405040919469,-0.7312026563373865,-0.9177528311376435,0.7109565969600476,1.3035880607308639,0.1372895646667086,1.1196044559405016,0.15263861714504348,0.48682535570339636,-0.1953197946109962,0.8431732083254694,-0.5294754418017774,2,-1.208455933385331,-0.9593026382542869,1.2172024951849578,0.01997099296785429,0.5545641357695013,-2.9075646670970796,1.325404702036904,0.0600962859548686
0,0.3636767169298472,-0.49857411725161377,0.8100016774625518,0.08574086580078766,1.3477612746839265,1.4390958268763507,0.8455605958473313,0.6942374345557197,-0.20729011826705165,1.6312895928449447,0.7894922541552689,0.6681404590347477,0.4293459680170403,0.22998262950104298,0.544177639484724,1.0431267137903288,1.2197607503273227,0.5731841803826927,1,-0.1160413955199048,-0.46690809366363684,0.3445667630848905,0.033469341980035136,0.017378405822475962,-1.9515837227110187,0.2548378445441176,0.12113265812886387
0,1.238073796216026,-0.11101092926818734,1.0472511945706215,-0.028225921558980627,-0.03551498296765471,-0.43200998083915354,0.7129526222168283,-1.2603982642081109,-1.8574839290480014,0.6796473030521595,0.5453247312797181,0.40512664258539216,-1.1905504326419738,0.8459287376454055,-0.9460036107560208,-1.0141993675570657,-0.65175997996054,-0.15908859394095717,1,-1.87737378862638,-0.26903432539783523,-0.5941818692652983,-0.13858845242106,-0.19598734214561309,-0.07583919484601559,0.19995578797945823,1.1134081117501504
0,0.47344575553872087,-0.5707775431452777,-0.06373603651557924,0.008643414038460251,0.04850147989909326,-0.40781950978763926,0.4824222668465964,2.603755591037311,0.0788569239527726,3.0294540578507636,-0.12270699779437513,0.7852134928090885,-1.1226825067864346,-0.2107878408066543,0.47648375611623384,3.4129631484742764,0.04420823488139641,-0.27072903626359784,1,-0.7994323507381927,0.3829737751193524,-0.7866275019481899,0.12577265825032488,0.807022745596771,-2.6267173661858023,0.3619891563005469,1.0246806516442362
0,1.3241864897001225,0.7594902276448543,-0.27021389934924633,-0.16881837439860814,-0.820362989015152,-0.32093514613847074,-1.487599956825085,0.8277601004386502,0.16985761857580117,1.8438799902076566,-0.4462368155638199,0.16917153807758523,0.41540804803009374,0.7373769684876487,-0.3449134433947643,-0.9755619453808215,0.048722710810632675,0.30493673995924014,2,-1.115771909492897,-0.3362461181719254,-0.7474104815430425,-0.0007495026994469023,-0.23469208168027955,-1.7556302098445653,0.9457854206842151,0.5969595318005383
0,0.9932507211384893,-2.5603406860268705,-0.7956067937615824,0.7653738480346217,-0.14759460572814959,0.13585198272575538,0.5680003557407464,-0.8147392908171007,-1.9072735330414208,0.519897143590658,0.23297490471258273,1.17057935361593,-0.7815063223383734,-0.2949338323471681,-0.3264219113096713,0.5694045443971368,-0.5895262791728428,-0.44312654648327143,1,-0.738155984864178,-0.5373013279652046,-0.0007062717046987209,-0.09022071783142399,0.5630915511826657,-3.918977976692365,0.3174339836059001,-0.3773147094882509
0,2.227190116099317,-3.856828175457667,0.2549400798389508,-0.6450727418168528,0.20159496582788142,1.1135957224654895,1.0713860823930763,1.2654065121145261,-1.1057969332960158,-0.19415603334209,0.4607765237011798,-0.15733143649606915,-1.142692093386697,0.426566498523089,0.07352587068364991,-0.21067917968718344,1.3500107616768575,0.016464236859282444,1,-1.0504169669392072,0.7246147205041505,-0.6558996964523467,0.03929887109640512,1.4372357783290002,0.5173875932510202,1.1762354153652717,-0.8178434702939625
0,0.6799309340776095,-0.01754693366864779,-1.4968402189209242,-0.6481459599004818,0.5645981210525245,0.7706650611627421,-0.7918035004717872,-0.13007290517584605,-0.5866370121454096,-0.002020163131282421,0.44943850544719877,-0.36660027633046494,-0.2789913085497847,0.10410860750732104,0.5284895007323526,0.009634565350008673,-0.32752320703401466,-0.0012271448572011567,2,-1.0057199894778255,-0.3420685821076592,-0.706278173770133,-0.07400283987604805,-0.3354856505898329,-1.5160513672099971,0.28262220352854206,-0.5643363901066109
0,1.5010031400828014,-3.4152873823230774,-0.4195464063033107,-1.4172082365948646,-0.00015148913933193953,-0.22636628560742655,0.7115140777725542,0.04408329365160296,-1.4785816779322962,0.3456762151236783,1.4978977165605631,0.11980957381756524,-0.42729268424372296,0.5321331572588731,1.1081642761024089,0.45312328217539466,-0.3090186489580944,-0.030031103509979812,2,-0.5126494778940419,0.8775852276574718,-0.36933661835301573,-0.08562953156036424,-0.4175869304965361,-0.9898365234979147,-0.457737941380901,1.352706056099048
0,-1.0558789510863156,0.384474699975845,1.68834325748194,0.8037953745933394,0.8611885576951888,-0.35499100196315647,0.4431022283675434,-1.1021637564311642,-1.0922313156490595,0.03264016007309101,-0.09578350233031385,0.637598356324663,0.6651733341135628,0.08960508346476953,-0.7110057960865608,0.0034831375565722578,0.13383729966222271,-0.49409193048475825,1,0.2886565191676146,-0.0021974276347771216,-0.5306546598158712,0.021657916547516337,-0.1401992084362041,1.0681894138361858,-0.8564939123666144,0.16749232124945657
0,0.5975455529832505,0.3932901026328147,-0.10279932334721803,2.3160704348910173,-0.7484776149819399,-1.1349852360202821,0.5316624113249819,-1.1027299092010125,0.23283033717376656,0.3549001905426781,-0.45344955320449704,0.5375626289855135,-1.4793390932530188,-0.10726835459868954,0.4032012463029151,-0.6814623209455599,-0.30251380200771694,-0.4434704444282136,1,-0.6371512080919288,-0.24082387012385836,-0.5227988941737451,-0.08565844105700593,-0.06722697831751656,-0.07078361540895572,0.7035918089286797,0.3074655365699145
0,-1.5486451824287109,-1.2110033407189347,-1.5410985109075035,1.189919521302521,0.5646090271831283,0.573040763685685,-0.8004414452458761,-0.457462922672488,0.2443405276785195,-0.15210026414582312,-0.4889222481549008,0.2422208074810161,0.3625513591444424,-0.4899465523354169,-0.8706022956984248,0.1843921269737061,-0.17082189247618706,-0.3571789643791825,2,-0.6022275019220519,0.05887853398570475,-0.837083612328585,-0.13858845242106,-0.8738885757087882,0.26932180071105216,-1.21975314077183,-0.814118662431532
0,0.5181021460237142,0.3476669848287476,1.041127537958503,1.0867016454818075,-0.711617932704764,-0.4314112715709394,0.8062540643311416,2.05472077105379,0.12420531303501145,2.1658158017973563,-0.4896359264709852,0.1307361255227688,-0.2314980838531335,0.427223309992356,1.8186289265660192,-0.6161487603796678,-0.07091677860763504,-0.16332535149863495,2,-0.2835824590234718,0.2334083688607989,2.2207418066196283,0.032190881512305536,-0.3084474409007124,-0.04187670804520954,-0.011547056931497934,0.7430866315629728
0,-0.3152569404548147,0.7780102485456386,-0.3054906258537959,0.767791882342774,0.03578514814387429,-0.7665223264788088,0.6055439817397239,0.18823254161352398,-0.10405430891617017,-0.7034649189076352,-0.5390533973042086,0.5224901304757545,-1.0646680578514693,-0.6453447646745399,-1.1126544860277474,-0.785144963297512,-0.04356214847470585,-0.12321986377993266,1,0.913800681245959,0.5273160352989096,1.461129033136972,-0.06396981029998833,0.7973808085253629,-0.3220781985635527,-0.6388384650613355,1.1445098505827431
0,-0.3764007357388972,-0.4002800340696464,-2.8562683544942375,-0.8041989639264372,-0.0505979300527879,0.040988170691914405,-1.0023290036707335,-1.196857472302943,-1.3746922540952105,0.06044028926188688,-0.32281357256070176,0.3700010629015623,-0.251829644599653,0.239003479773496,2.4664500827125027,0.277933646569414,0.04133139160442678,-0.03564295812083651,2,-0.6643540767432463,1.3532823204630482,-0.837083612328585,-0.13858845242106,-1.005353581157188,-0.0552029610193458,-0.6926847208265461,-0.06400121656818589
0,1.7910049267428274,-0.20167482106450818,-0.39159161380998597,1.4196675045450058,-0.3138763817826624,-0.6057433034076966,0.7574653208765022,2.5577095965299446,-2.4754674703253583,0.09910056212592444,-0.4910661210035135,0.37683319530688947,-0.34470118934014005,-0.183426887842086,0.04966152070501029,1.004916818211374,-0.6208090721891291,0.1968408739278937,1,-0.46401820352015577,-0.047139893637951985,-0.5366497688656178,0.0822685802181705,1.5843647961562237,-0.7338420334980872,0.07436750935875228,-0.8478807511324513
0,1.555220569171377,-0.3693256883284573,-2.8770209631472103,1.7012908310906234,-0.157032621118801,-1.3244762457209787,1.1281570816252957,3.5475245993883666,-1.2035194431672187,0.17217553429216248,-0.6673507572474742,0.5541368728585793,-1.7236058215847012,-0.8724036684419959,1.9981905644916458,0.6571644002300674,-0.65175997996054,-0.17859655387492068,1,0.007186017006445278,-0.37847680159185615,-0.837083612328585,0.002659102892438779,-0.31012271920369916,-0.458572596127744,0.3913311998351423,1.5942300265060745
0,2.1853297302165777,-2.125030565090664,-1.8393662483152198,1.0414757353539623,-0.001722091560117489,-0.7053029771878105,0.724235862458013,0.4525871194892121,-2.009694386910096,2.157296357153614,0.7726040810602057,1.5466648361592559,-1.4241757628341856,1.9793755619034017,-1.0006578386953446,0.6918129370370963,-0.3404852262909125,0.4198647271194385,1,-0.7853202350969694,-0.6037790337373424,0.09936640555651538,-0.0578978692714291,-0.1766204628411362,0.057685226829607306,1.5929947567165568,-0.6302056787834764
0,-0.03976773512795162,0.8401602380622595,-0.1184816247873457,0.5335623995567953,-0.0014392733933709543,-1.2227397749375806,-0.9115942627037408,-1.11725083683459,-1.9745866317491383,-0.3855059119508996,-0.43665915173172026,-0.4536465783994801,-0.0079003284619387,-1.1846700564275863,1.100802782845169,-1.58628395849803,-0.6436184673272823,-0.23030817181797886,1,-1.5920215558137816,-1.305228032114465,-0.8231376528938359,-0.08633538717205204,0.3670242775570142,-1.2057831540190032,-0.013330130245699762,0.7921056088030309
0,-0.1981225275369664,-0.6526696070542817,-0.4325418271679412,0.8102586931824172,-0.4415070456323723,-0.5738954342615326,-0.1425552636892633,-0.9334119659010187,-0.15785159586755926,-0.3470403509182274,-0.12246332130617313,0.07076033929966342,1.4336726740404044,-0.5334203090762542,-0.11744694608503647,-0.33083372133522443,0.14964242730364968,-0.2508951915625294,2,-0.7013908860474803,-0.6635274731100085,0.8844342476662675,-0.12848615791166926,-0.31017059839548333,-0.5039338352074368,-1.1312409156266163,-0.37489312867307606
0,-2.555809304951175,1.4549125033305093,0.4615690450778695,-1.4262185547869648,-0.2607679488312306,-0.8606619749232365,-1.7711564025812423,-2.0934400954726247,-0.14276336748773227,-0.07619293253809062,0.26155322905435463,0.4276083633547479,0.37150609179339067,0.05573555230927124,-2.085566146234955,-0.26012675277821207,0.44146056990083826,-0.5038048166622059,2,-0.3815297839289847,-0.11805003223829613,-0.5281096001492379,-0.10582436549582236,-0.3487210014706885,-0.0447486015342341,-0.525083197196662,0.06922807588803759
0,-3.0473319009961592,0.36412469859063484,0.16944702183392754,1.5891494234773376,-0.5149437098495753,-0.500839114703449,-1.785932047864149,-0.45004472320386507,0.027831496481070306,-0.09961560097536279,-0.009751824532593156,-0.4883282432416591,0.9951412634559924,-0.9137299359616384,0.08211162841293368,-0.6050445666773298,1.0204517163810893,-0.4626519297882161,2,-0.6081476672274332,-0.6127815462984482,-0.7613026830529596,0.014111832883166364,-1.09095311408826,-0.24021973455428258,-0.6941115396058577,-0.34918684800495076
0,0.9200796040189294,-2.126412304263874,-1.7248213163461297,-1.8843391721814404,0.02873713790844712,-0.8327805644973796,0.6880915957228618,0.747370708337321,-1.033543284387549,1.155460986675859,0.3673930056350549,0.28559756391947744,-0.33119944742184987,-0.21297039881419308,-0.888048346706443,0.15695557738077764,-0.43928598772159383,0.31096494020959164,1,-1.1045072981551747,-0.11806423835248037,-0.740345744485476,-0.06641794722980522,-0.1879719831670174,-1.2217506366370554,0.6830791748270988,-1.3905257669933895
0,1.3385015344738964,0.5216137135717419,-0.6211759351104287,-0.2992931303424589,0.5272567666423695,1.874498901894097,0.6224135964633339,0.4965105335803548,-1.2660552501562214,0.271130617671738,-0.45106861907737567,0.5156746868779913,-0.8852758899704943,-0.39855881080693856,-2.0002942039654137,0.7475703245384014,-0.21071374935466541,0.4562001634403733,1,0.2936723490965158,0.8830631168946254,0.8350825373969246,-0.06687098714160376,0.9520393748425966,0.5459652847334049,0.6621086650288242,-0.5217273119194994
0,-1.7102067265952758,0.2811413928520953,-0.17410197174263609,0.12475661439726662,0.11356134422857433,-0.4652614623404632,-1.438729374636653,-1.63871758997394,-0.9103762410867984,-0.3376003331311651,-0.10698778885147792,0.2394957377494363,-0.9064666446924807,-0.4541378270786409,-1.0967913801710503,-0.47027689430621755,-0.65175997996054,1.806657893924897,2,0.06611866717986292,-0.46213461807285894,0.4285909363191663,-0.13858845242106,-0.4796082377516353,-0.4046152049096202,-1.21975314077183,0.48980438396643294
0,-0.4029647206543546,0.1145343761496464,0.4793762047114635,2.3245645760503195,-0.5727655312743395,-1.2790633652528467,0.6804820047210836,0.07543800650084198,-1.905841228203399,0.09252672154838253,-0.40339543866129995,1.0325715665334223,-0.8866077857232966,0.015992559209091844,-0.5978118041258443,0.06215476715851709,-0.26848272971915926,-0.5742440064729193,1,0.15693931578303838,-1.347885127674262,-0.30566780476862043,0.06083316782843025,0.04537078702705884,-0.8430424420291114,0.15002049966059156,1.3460049211099991
0,0.630872339328356,-1.9542097913100895,-1.9151132830596458,-2.720610702729974,0.07622660530607689,0.42073522102802374,0.7155611015204715,0.32686614707660244,-0.9857249564565489,-0.010913079458318375,1.2858832271508644,-0.19893381059093493,-1.1242504840479817,-0.8886545925106325,-0.7841906725424947,-1.3939305213522868,0.6357084892695526,-0.07435633918670809,2,-0.05821091328419825,1.6033690680636097,4.136695866434474,-0.020089921144896924,0.24436780107302233,0.6243519222895318,-1.0507126755678378,-0.3046850625546633
0,-1.7903836752827833,1.0654130372391362,1.135462644750245,1.3992613823631102,-0.406718387469602,-0.6084458539187824,0.5070559807355298,-0.4043799319471424,1.2848877844678885,-0.4027752257204703,-0.23352649785474539,0.4392166309711313,-0.16140304885944945,-0.29939961644623336,-0.8994652721969956,-0.5450605519369978,1.3357485253912496,-0.02710638785288516,2,-0.38465959140511474,-1.8957806617172277,0.5236697938563196,-0.08258719308945961,-0.6120874945861976,-0.9500705745211931,-0.04770673229211836,0.7624311551033511
0,0.7589161633084731,-0.3649862233623542,-0.9496374779698045,0.4583638437223866,-0.26631491554291375,-0.26763367048219794,0.8298486036634828,0.4423423637143299,0.5806193724477109,-1.1080294123142473,-0.6139788019482746,-0.031271266630417904,0.8896944842277816,-0.5900078737434472,-0.46386421996512905,-1.1645861379520746,-0.1711889995307656,-0.25103575800354355,1,0.4194947600978006,-0.8463954527964438,-0.837083612328585,-0.13858845242106,0.11929051517352335,-1.2844382702837842,-0.7849147057874464,-0.18224861207618143
0,1.1119580125624045,-0.2744134392488125,0.029788686700399025,1.334770127566573,-0.1508038165114867,-0.6717706814601245,0.5151276317421177,1.2273221358320268,-0.8860403827624505,-0.14006370731735945,0.0904513519740976,2.50655006502043,-0.7384350411451632,-1.0937173409067977,-0.17649435856019272,-0.37742536708469054,-0.3100795789144707,-0.0396708061322891,1,0.3429071972653697,-1.691509126212896,1.4267852439897606,0.029660844889835364,0.5354906369145774,0.2526664537698943,1.4724120912436764,-0.5407491268581375
0,-0.4843635477163283,-0.6747110781926176,0.6462320830949121,-0.029228417534605422,-0.44106067930919796,-1.021249937459086,0.4003317427695724,-0.013125321605029883,-2.6881360870221744,-0.046771429698278966,-0.3705788260733082,0.27292043481754336,0.22931922090419543,0.7252401445721988,1.250393668776498,-3.8785619673486913,0.8413040656638807,-0.4566145408947365,2,-0.7779637250249027,-0.249462914688521,-0.7156724590829856,0.015614430551653902,-0.34599422018828097,-0.3416443491935255,1.3303026349601557,0.3858467860995728
0,0.648102233822792,-0.3194831506465985,-1.0093840571535242,-0.028497743106123963,0.29372620935866806,0.23475234581689802,0.5775880599686217,0.5690026617055983,-2.21288644632949,-0.2503466511228918,0.5364193001332137,2.5935650226921245,1.5015315288571076,1.1938015687876193,0.9760452984519598,2.6402663220250857,-0.3729919751990529,-0.27006307603929325,2,0.8106798177103377,0.6972283858388537,-0.13046471520944614,-0.015292988872124928,0.24092098326389,-0.4307004535303991,-1.111503700606943,-0.6329152188923463
0,2.0232892944157057,1.156425725336303,-0.1762626592710246,0.7924334259219987,0.28810056139569085,-0.5788530835375485,0.4961565557741736,0.9769795247797467,-0.7781638679384502,-0.1087961817573232,0.6630477858187607,0.6464410169651904,-1.2729071749104477,1.4017448976682712,-1.018185718963132,-0.17545289293363686,-0.598187182370686,0.23821389164049353,1,-0.09463869156280476,0.6066792649375248,-0.7825421519500436,-0.027229471950483402,0.7138641560785574,0.23363628734894126,2.0612411071681516,-1.0488648659489266
0,-0.12114533499809776,-0.7897943113031691,-0.04418674501875299,0.7518719462298072,0.10447031224249753,0.6492967131989249,0.8910583065252669,1.0733460940751178,0.05227447672342489,0.6442330956340485,0.48620524070766785,-0.09124956160960951,0.907690005281425,-0.22823585385655762,2.057613587492934,-4.280391972530847,-0.31362008581463,-0.3288619117866548,2,-0.07519281906340639,-0.7251624394871061,-0.8160093763777392,0.058516826053509,-0.501892095812488,-0.37625487240698796,-0.35867664787671905,-0.38251846116416865
0,-3.020854409513918,0.8398901145855745,1.5512204932240976,1.8888142076801167,-0.6166945900335221,-0.5954417437266709,-0.9885474792204858,-0.5597361676044041,0.5127192453427105,-0.5493909317350358,-0.33870127959147245,-0.3931295597979063,-0.1575507133213876,-0.42061403356362065,-0.4523093177240535,-0.5075421274099372,1.620086443843277,0.02780296793655857,2,-0.5463812506948689,0.2948541435505764,-0.2578526554458903,-0.13858845242106,-0.9990711788627029,-0.43696165553034994,-1.0750398011615174,-0.40023790286965133
0,1.444796816757644,0.9121735225396623,1.390094505185539,-0.13547515499262652,-0.8470031256952922,-1.3129476465185919,0.9423718403356125,1.0768189451342698,0.15122346714254375,1.016495008412764,-0.39664547032295117,-0.21394111302108074,-0.9970858838413258,-0.16110261844289467,-0.34704693226807104,1.1963187852543664,-0.5981150137991678,-0.43649900918903206,1,-1.2509338267871346,0.722819975361035,0.9137478973363454,0.012248372802570795,0.8736774214293335,0.7847981263389621,2.1665690020866326,0.5296177869096815
0,-0.9352764484114554,0.18366428520236955,0.4344858716762862,0.18565185376500049,-0.9144762220576084,-0.9575423829939658,0.6922500915889006,1.4187464160392662,-0.2401842978633426,0.28113702983882394,-0.29118020806616585,0.9007668310799872,0.3647920425316431,-0.39678763344507456,0.271895634318355,-1.5418227024910418,0.7302149196976999,-0.30720078030206344,2,0.4712145778077418,-0.23421561141629235,-0.35211869168214216,-0.06044927573464348,-0.7992750439095662,-3.014608718103888,-0.864125407320706,-0.2008263402309929
0,0.7975955166958235,-0.8150511422405065,0.44918391860402157,-0.3394318834707952,0.25735152789238647,-0.5752096685824701,0.7919225860239653,0.24993889503710764,-2.7972538192018774,0.499143674231344,0.06063174261977168,-0.05467344325024981,-1.293378798359763,0.6913004379168035,-0.3946658725855444,-0.1981597981381582,0.6905155196736076,-0.6087709211876984,1,-0.663274165980989,-0.1294722868496379,-0.6209474541536074,0.016781657807261263,1.5556769734753835,1.1866409790408667,1.0595124033512537,0.5720530695920985
0,1.0277265585231425,-2.955309352176501,-0.005037222003453412,1.1025688810652907,0.7237104338135332,0.10863910184131398,0.7652272266892638,-0.05331328901487332,-0.49412891494835615,0.7466699532694797,-0.06704812225903513,0.9213377559062759,-0.03903654473042273,0.46254476220765006,1.160523289977856,1.508886748439731,-0.5638355886163303,0.2645664550326152,1,-0.8927134062217364,0.07832087966322002,-0.7925659994506833,-0.015115172065365154,0.38330775629776903,-0.3039423146758582,-0.31048522396144174,0.09808367297613063
0,1.3948410466643832,1.1415628395421502,1.4972241699730513,0.3156625349518192,-0.4205441113908215,-1.0481853934826857,0.9228941121954083,-0.01472133298682032,0.19719221804969977,0.18697570981790052,-0.4329444436962866,0.22943370220030848,-1.512660812621147,0.07775764401957286,-0.6584203248585268,0.27393439870443936,-0.46937772859338195,0.10128757630589069,1,-0.9837775248638798,-0.6437308318458558,-0.6559660001740225,0.04410369065792241,0.14518325460981418,-0.23991889477003725,0.7815249257396543,-0.0842351430458217
0,2.24867707487614,-2.13834973602812,-0.76778384270231,0.9946023444614353,0.028388462836796413,-0.6910636732999629,0.887704647551462,0.5109795566482356,-1.5598480726045927,1.6234795578587355,-0.09629610433858049,1.806010692199169,-1.78526162662461,0.2473127203114644,0.0771036476500202,-0.17980771060959228,-0.65175997996054,-0.11968309937132887,1,0.25915943708756795,0.17674838951974836,-0.6562879495536686,0.015238252688172652,0.777861792034352,0.28561392380288353,1.0751775635236873,0.8981144288802938
0,0.3364606238998966,-1.443306092263937,-0.8373760640405516,1.143503315656988,-0.49950805701542345,-0.6956442855570864,0.6146380646642111,-1.266445475966703,-1.9791035747406138,0.5624049264970142,0.09220005049432511,-0.3041772393067363,-1.6899529346931095,0.29621559352785987,-0.8800492896866744,-0.32013843634236144,-0.65175997996054,0.16821731759230016,1,-0.3377012836894576,-1.0268677483441313,0.7067285992111599,0.001514355175375924,0.9232652247844216,-0.4227277237986931,-0.35901642889923446,1.2546635145217042
0,1.3060998122601712,-0.8328802341871431,-2.993400739334599,1.061974384519188,-0.8883289765886141,-0.05145797860205578,0.5106621169676006,-1.8102470190999176,-0.13755736877998087,0.39060414588637216,-0.35672027883147334,-0.0763775972314899,-0.5602602015252995,-0.3032711608528339,-0.5551533537109172,0.6350096516778029,-0.21505947571602646,0.2633595351910848,1,-0.2987242548599982,0.25194850218531184,-0.837083612328585,-0.11918520453798771,-0.25406050809741415,0.21990266929612812,-0.21136861102311216,1.625236167234351
0,-0.7485075716663792,0.6290224411213773,-0.45173605180795384,0.9883508768822581,2.540318514309835,-0.7190831207622439,-0.8809266253873547,-1.5100616423767517,1.2390965553269992,-0.21485550829304775,0.15316465882262387,0.5133688810143603,1.5580045191388787,-0.5866694013781351,-1.9580567301488299,1.7490952700404967,-0.6278163928912441,-0.4872050305271881,1,-0.38692073639518554,0.12495093307922206,-0.1034765097336775,-0.03972599741753828,-0.6314950193191797,0.11740113900725363,-0.2757393599549066,-0.7698779542110513
0,-0.33138569344698876,0.6241368380612389,0.9969208015474667,0.9678019725341829,-0.05686018918194913,1.1081647139366286,-1.0211530809149372,1.263436538066616,1.0893586568229128,-0.9923122096788559,-0.23377735070193506,0.5714413586764274,0.9597727762521999,-0.7919099124971024,-0.0337097493363967,1.172156606948132,0.9502423050610684,0.1380378632446475,2,-0.7833964926741548,-0.5637506025888748,-0.7830564846480008,-0.04134831033686831,-0.5598664356211345,0.025926833143077754,-1.1054729315243703,-0.4806010591501335
0,-0.29810964672297996,0.6657134855630461,0.8692102501894412,1.1311393592501138,-0.06791355051398396,-0.6813609675147841,0.5454262709793499,0.2276527664040876,-2.310847448731978,-0.2346371659483139,-0.04246204036174689,0.402472617175916,-0.04194475876144865,-0.21491247669355035,0.28845449737474393,-0.528716284622514,-0.5751575347215857,-0.317808681762868,2,-0.12101749908818293,0.7770505145412872,-0.32888929925444893,-0.11589414187104209,0.042300823334212756,-1.5767297998666503,-1.1613969351280335,-0.15640624649541546
0,0.08534996881379667,1.275413202670768,1.151614639399805,0.5302518430139663,-0.6784480967993078,-0.6674001636867528,-1.4087247807219916,1.3232304288008714,-0.5508009298710346,-0.004940694006574015,0.6129007916778566,-0.09045103169746055,0.8655572723460734,0.3099332731438198,0.15519892602060847,-0.026072330747385575,-0.2480391657209289,-0.3987907326525556,1,-0.5230249112610004,0.2088164895561953,-0.46480600067066496,-0.06163639844191979,0.470548379966854,-0.5540959536579506,-0.2766453082574688,-0.2622354496075845
0,0.19828385489409994,0.38946608052240006,1.0546095539531568,0.11069622111727673,-0.9898921700404351,-0.7860886834110281,0.5011684136290647,0.2795857984641458,-0.9078203840085162,0.17143021310615913,-0.5956986411358918,0.6006915385342831,0.7440454704722566,-0.3101755041062503,0.2923651807092944,-1.5294057839203847,-0.09080197108650157,-0.28962678081565374,2,0.1304519661778833,0.17697199067775105,0.7462490099799971,0.15231974325809988,-0.5367326092071948,-2.779769363325988,-0.2509517962934337,0.08745053697161975
0,0.5868068298137902,-0.3060908952208027,-0.3465366296614825,0.01258681113505633,-0.6414926928245198,-0.22711303012303785,0.7527776641722829,0.15947274355094973,-0.589025128994811,-0.79393928244596,-0.44785671118570913,0.44937012978416185,-1.5275943489660326,-0.11210889015860795,0.43847081672444493,1.4270104765599823,-0.14380339646341977,-0.0935014725813742,1,-0.8956496786929723,-0.9644016586414503,0.03824020653822979,-0.060597885055924054,0.7797492163207959,-0.030843969655320547,0.8803895973500884,0.4424559882217375
0,-1.997573840090923,0.5430099428083096,0.0609384695307299,1.0207839065773108,-1.05431981061192,-0.9834585129225379,-1.0400870661272654,-0.4939103141267691,0.8586865161549271,-0.5478380547251991,-0.7324924692132203,0.08003770324598142,1.1101101658554315,-1.2474591406475692,2.8978918336434236,-0.8541641165217153,-0.044872670258438885,-0.48194333440138865,2,-0.428724929606762,-0.4729268462647016,-0.3959450468665302,-0.08726976577284556,-1.0566197303614047,-1.976543407637755,-1.12352238074575,1.5072482447541944
0,2.012662751338811,-0.12905797737716507,0.36377010564276574,0.6134306348927112,0.045834894333338316,1.234091986509735,0.8530260758429202,1.326216610698568,-2.411448227600772,-0.41139930756222903,-0.8830066661379569,-0.7877874386904972,-0.4295882114770807,-1.8254149326525169,-0.39855740497982073,-0.31168686046859223,-0.0010024904330132867,-0.31761383952916306,1,-0.9220006167713366,-0.9537696686200758,-0.837083612328585,0.03617147902834673,-0.17765034119330314,-0.674509914620332,0.05019243433411019,-0.9743310627640591
0,0.8630734376817129,-0.00922608310190054,0.5963888857431189,0.9393605736423238,0.0726295031056522,-0.5305561124183658,-0.4109941743847126,0.21412223885640702,-0.3156619145184512,0.9951184019077302,0.08526732518009661,0.5074781539978244,-1.1113846047417257,1.359094566153332,1.12194439030068,-0.19788479445298773,-0.65175997996054,-0.33932389047843237,1,-1.101371503179593,0.7586603717603834,1.4771184022779331,-0.001172683809766567,0.234611773284237,0.7663325215186442,0.41599566133454025,-1.5528483832080122
0,-0.024587784589406858,-1.8472117806572053,-1.9987473082058083,0.9364581259319152,1.1944183387896974,-0.5026205172402856,0.7400407635026013,-0.5195974756160915,-0.06153030606142938,0.17076178612731102,-0.31833012683924405,0.09533394941488829,-1.2240656559383434,-0.1951087752074988,-0.39699138713371956,0.11478769808017497,-0.65175997996054,-0.36460748201196713,1,-1.3081072838630972,0.003786712587047325,-0.837083612328585,-0.13858845242106,-0.938420640189338,-0.29358037038956253,-0.500181353530189,-0.610413897271307
0,1.5868691716422876,-0.47776034544167995,0.018540933864721332,-0.5384635436182299,2.594167345389413,-0.2104785842695786,-1.2331449861622952,0.0008979565482239993,-1.5123298704894954,1.457703511745362,-0.5091952380870479,0.8922513039487234,1.519013127769673,-0.2477998961621435,-0.12030698156263397,-4.9314118369344975,-0.65175997996054,0.012665798064920353,2,0.5182644725531936,-0.02133901740409322,-0.5619111909778437,-0.13858845242106,-0.4149366991471791,-1.0585716429338206,-0.26090269396241217,-0.6140211615759885
0,1.405290383494013,-1.231111811414849,1.944289909609016,-0.39225553073834696,0.27164939015791306,-0.7612919380122734,0.8055523150128497,-0.8851407305405483,-1.1222817311571087,0.7489854097013151,-0.6217425768106767,1.3781266055342263,0.140428318336559,0.11489689040512722,2.170309995831855,-1.3107152414697936,-0.49817309655394915,-0.3905568355718626,1,-0.06630338442018047,-0.836048600841227,0.19482849890591952,-0.08559662865470746,0.4435061320044105,1.3890698280083154,0.42736420394646485,0.8923583317186705
0,2.130708979621351,-1.9926552097786403,-0.7756101701775248,2.033107747606248,0.14218468719186816,-1.1902505623056872,0.6010819406880319,-0.2453220547233249,-1.8405353064249739,0.7557513459610276,0.6491216673001128,1.5115792208938403,-1.78526162662461,-0.7403986566192589,-1.0535508520651176,0.1589535014961025,-0.65175997996054,-0.1475337687103699,1,-1.7942166305071447,-0.6470293248638855,-0.837083612328585,-0.1179613480844929,0.8262130309796434,0.10350416183230254,-0.09337101288092506,-0.504825338300541
0,0.22610952415995111,0.9843255783635864,-0.8723039862063887,-0.7782549930871778,-0.6733190356362733,-0.4943372712489771,0.8133016484176198,0.9234979101781348,-1.1623322453998708,2.31415528668951,-0.0975627019174548,0.041259654627327474,-1.4135595421421572,1.3335293322005266,-0.17840548690252603,1.4048043829318375,-0.6221020542201416,-0.319362963376588,1,-0.3374991918555619,-0.5649623571619957,0.3355454240596719,-0.09570764916075336,-0.5128944880964583,1.246474336405348,-1.21975314077183,-2.2795160930860128
0,0.4638229569370752,0.6815202779900172,1.0322666648930459,0.24082841944696132,-0.48556262466328703,-0.6417435754519422,1.038872803609339,1.471650898847408,1.590958632360059,0.32420654103772495,-0.2516413496607597,1.0489210021041986,-1.6814248939461054,-1.1061953080192146,0.6602966067477932,-0.8308133075432281,0.40865250541037973,0.2103944018919295,1,-0.7309721140959866,-0.9915244567982988,-0.5476596209441806,0.0685191574843963,1.0931892262118486,0.6848605973495452,0.8665424799127995,0.27106059801271143
0,0.07376814440401427,1.1320870436578574,0.7024570631823788,2.1439737009141986,0.5965058613008642,-0.46919328101547564,0.6604429529486221,2.3843813070503366,0.7426463928376373,0.01765943095365302,-0.10150913939416159,0.8201810948195404,-0.9598653311280639,0.19632125329293096,0.10260250088803069,1.8098811176805745,-0.65175997996054,-0.4159081827008245,1,-0.5557432054492542,-1.756388073749799,-0.7133526214118713,-0.045545180693357695,0.762442555705894,0.15650925216914574,-0.9124586583010066,-0.015485193013407977
0,1.5410061829537485,0.43645770373929177,-0.7413470160855724,0.6465862790848387,-0.9045252439692004,-0.3990775587722653,0.7080602891791419,0.42001784420962723,0.21337340001304705,0.12493247024215753,-0.31187433445510354,0.5740048400871568,-1.2258484548377213,-0.7851585391648805,1.937829527633975,0.5845271360219142,-0.29195310793190293,-0.12043741349993586,1,-0.7047086314997701,-0.6430018693333952,-0.5716385454099715,0.03874508462658574,1.1395833592282125,-0.5664051136630046,2.1741392883663324,-0.09696308521125208
0,1.803864309607703,0.8810035622512487,0.25128886965966346,-0.17520770646893738,-0.5001297297528171,2.1461215580563016,0.6460751768828895,-0.16821657825114011,-1.6414566984683925,0.5626349760757764,-0.17176217404942296,-0.10626414845233784,-0.9606244518553642,-0.0013582853070835954,0.277120399628734,-0.7631743299241549,0.23165338480187822,1.1154793912925876,1,-0.7904170753144206,-1.6676212365363066,-0.7614832249403214,0.05949414171208833,0.5653377010481371,-0.22250923726893468,0.6725841747300696,1.1726176307089353
0,-1.0656593703791364,0.09630322661843652,-0.43215859423000724,0.5766335336601396,0.027013305336086202,-0.8945643269857657,-1.714263175607564,0.7095553136098544,1.3731349299397961,0.4081054914477642,0.3236792669745434,0.33230958035225044,0.4190297706187638,-1.0702348243480153,0.375720769175746,1.216693514797948,-0.5580424516047188,-0.08255476832821396,2,0.39158307267352593,-2.9564765647970224,0.5835048564977491,-0.022285194909582702,-0.1774282839257132,-0.8874000412080876,-0.8243173149488985,0.5554322877434237
0,0.52017475662455,0.5997995494877579,0.27983855023793147,-0.8645846015351546,-0.305277511726408,-0.7600563537204931,-0.9399668170191744,1.0689441942740294,0.46140581100535993,-0.31504692574434,-0.22686311675930537,0.18780909936007334,2.215122714473231,0.11978323664273491,-0.5453469281778613,-0.8077777076188899,0.19103975168091603,-0.25937300742607816,2,1.0364615459633628,0.3847639349943953,-0.07637691920606454,0.16906354347386993,-0.7257010165656621,-0.8806774507618328,-0.9725612932561535,-0.11884614720780373
0,0.5281298501864004,-0.6104377873299607,-0.2978775715753904,-1.744474801402302,-0.6140650978440021,-0.5858367290896727,0.42652213168995506,1.1387006077082438,-2.629285747071039,1.6080160715659804,-0.32543788944915264,0.5242753312610504,0.4698510935395689,-0.30658974937238614,0.025020695741294563,-0.5187678450563461,-0.28028588285402317,-0.5394091261423442,1,-0.4382439100155152,-0.3986401268186428,0.0686847548115267,0.017691382961433133,0.6633979481686682,-0.3958130375463804,-0.19123767947641712,0.7729477064583572
0,-0.43521644022023376,0.2578250100857028,0.0768436160885726,-0.06117662844158021,2.14328834643282,0.9142957296363439,0.4050630590561019,1.527949287805117,-0.46224464913829283,1.1299288241392142,0.2621536935468798,0.9450210703641708,0.3526275728818493,1.8785864207089094,0.13279522742851807,-1.2146118290907104,0.5665331763373593,-0.5280385938751933,2,0.4208867574696671,0.7930191710183081,1.1133264347132736,0.014829595941861895,-0.8287034559640998,-0.5372341301825947,-0.11642648114742604,0.9000058263617697
0,0.9861873817885249,-0.7360550857206578,0.6266300630555262,-0.48882834937234354,-0.5453394505818276,-1.1063576621077533,0.7662065674582684,0.1497191806087943,-0.5966593694082103,0.3762287107303246,-0.5176654453201668,1.0135448884438856,-0.454531673469233,-0.3521573296892232,-0.475013390349852,-0.6945789927229772,-0.5728690896009845,-0.6373156739418254,1,-1.7779198146723982,0.14840712725192917,-0.7011832701148307,-0.08283015462063034,-0.2631106372078014,0.1342240028199861,-0.5625852012423975,0.8850401858081745
0,2.2208866029294705,-3.399602037678889,-2.7457909068033235,1.0226264075985767,-0.36807205004509247,0.3391797097655845,1.0418826788192541,-0.09975242240262006,-0.8687769701030364,2.1685860687214973,0.1326446406561125,0.9043340965275767,-0.09259041490980313,0.7670816488356315,0.13953610875283373,-0.9874069157591269,-0.1888384363017621,0.6071702272124389,1,-1.4399612557942776,-0.6711544024807036,-0.837083612328585,-0.10960839583601846,-1.09095311408826,0.1198462622714282,0.8395000200398846,-2.0762086749182047
0,2.0324450063095374,0.3099775959716764,1.046350755384084,0.474497372731559,-0.3516723222945352,0.8221524957471971,-1.0794920587580976,-0.13280642401714493,-2.932213662882673,1.0843841137492645,-0.6987128276768464,-0.06588471823324532,-1.3166499258138256,0.4962038012759924,0.41049313928281994,-0.689766815032045,-0.03725603510968756,1.1857867345225173,2,0.008315975494877031,-0.8578301603437719,6.358495207574466,-0.11305232189654629,-0.3718201524856921,-0.6953272860960725,-0.5752002830441739,-0.7676232156251122
0,0.9630444833663889,-0.3147219402230136,1.311535973932077,-2.1641929366007053,4.1221954440051976,-0.31660851543569163,0.5074211864710608,-0.9636720788519726,-0.4254814699388236,0.5778938428319933,0.3552298438499456,0.20326313068231963,-1.1278510843750085,0.27736069272081476,0.8833773361369529,0.228897093102155,-0.08260041870973195,-0.12822114482402,2,-0.5433911875552233,-0.6387099618235654,-0.2136939659558874,0.003911318245769714,-0.6851289571452397,0.5725002463881643,-0.7482446500910814,-1.3225221107905665
0,1.9530258532453826,-1.5480240410167614,-0.6621044562833494,-0.1540759507924674,0.2641233542617933,-0.8907501321212727,0.71053961696696,-0.08780205706398081,-1.3276599141097338,1.9523660531849432,0.10218228920205225,0.7684439248211665,-0.493973831920689,-0.11092836951844157,-0.5030864414864114,-0.6341882301955424,-0.65175997996054,-0.24918777316660384,1,0.32632749679153383,0.5020408780618456,0.22074606272064687,-0.07086585134063769,0.9039869866568508,-0.2238646341189578,1.704174594544985,-0.43787307612074
0,0.4867522284164322,0.2897937674706218,-0.3911084809073591,1.2936041781398555,0.5496955119711043,-0.6421452843818263,0.6124411201249622,1.8287260397885956,-0.2708200974977263,-0.6994771863604085,0.0649806263532619,0.1126580238760655,-0.9762474714187661,0.11533933306137065,2.012886820722289,-1.5049040833872,0.1104712803447612,0.3270569648298944,1,-0.49849467848631035,-1.3365788396539418,-0.6632374152542098,0.31676333873052354,0.5704086042309098,-0.6529261180612886,2.8201451118798806,0.6138049588359027
0,-0.7105391236648522,0.13042559782135238,2.521513902021409,0.8174144050829655,-0.20800383852080645,-0.6296519894445527,-2.58918649994163,-0.28844687322774565,-1.518359602961281,-0.2756561232956991,-0.3284465650334765,0.894031687082739,1.5095976402876987,0.37416657067073744,0.5301228957772967,1.5986191857147483,0.3967176414842554,-0.2428722959125116,2,0.35281599022022075,-0.100717143652873,0.5659493897540635,-0.11514400118869969,-1.09095311408826,-0.5375212234860143,-1.21975314077183,0.058694567700960376
0,2.24867707487614,-0.5056095013371117,-0.7220175009290918,0.8746631700688751,-0.10695825331935394,-0.5902356998275117,0.6445998674026232,0.356601433279897,-0.06817219948063874,1.0251638846900855,-0.21790872302172998,0.9617504650259183,-1.3317318565417613,0.3287829201461955,3.317179145331003,-1.3543598206217007,-0.65175997996054,0.737757045846855,1,-0.10701217339521993,-0.0718907363692943,-0.837083612328585,-0.10000896203542967,1.1685083781717212,-0.08193736885115138,3.225140017968349,-0.438977282029433
0,1.1087172662496112,-3.368505533407003,-0.29802645552443596,-1.8134951721495325,-0.32084035575826264,-0.5784984779675706,0.8407602018492913,-0.6779586847163863,-1.782817116857126,1.0874522369919597,0.875817388091933,0.6523609871789973,-0.9914767747788231,2.3087261571227096,1.9263603068921122,-0.7140515009439072,-0.37419104113860696,-0.017168661933028684,1,-1.0369465410255378,0.06990737718307989,0.5795108453250949,0.21483443695895746,0.5914459797254958,-0.7396481602110824,1.5990487783420977,-0.8712201995148356
0,-2.039556175086716,-0.8576219344265541,0.4022645229902199,-0.022764359949592528,1.1674218451630707,-0.815353561331533,0.8125092560933241,-0.742679992112482,0.857470130353776,-0.38059860878198215,-0.6106265047514327,0.12703099073571616,0.45194962988008636,0.33432459042466384,-0.8752154970208179,0.585008671342591,-0.65175997996054,-0.1690877559082073,2,0.3567931182488168,1.583164428532347,-0.12981366142763973,0.02904096166816552,-0.34522342215933566,-1.577493793356695,-1.21975314077183,-0.3692423841126147
0,1.1337317641322886,-3.3647260525897518,0.049173435470097504,0.23090268267760905,1.415676276807678,1.9730678593115432,0.9558155355974101,0.24253955281164807,-1.439253972296779,0.6656528369559159,0.07631348407690347,-0.06389539479886613,0.9950441260947142,0.7078537056277757,1.1948509087016013,-1.0131024229933052,0.32634791074086206,-0.2188608398338408,1,-0.20267764865393945,0.3149074582433883,2.513409483500354,-0.06122825392467743,-0.3821371121740176,0.5594340581583369,-0.49256831370955967,-1.6208019607578672
0,0.19404450329317835,0.8945709648104019,-1.9259762839390353,1.4286724814343454,0.477010086697683,0.03345583933916005,0.9341151538424285,1.6460555427095556,0.01530273482087572,-0.3276372479719887,0.2991003992003105,0.8802837063312221,0.6793352683308853,-0.3475290559325188,0.7188123181734324,0.15632776126960024,0.4918914914539613,-0.35836103710717543,2,-0.7979746925442972,-1.0921284201762704,0.25790452236832784,0.01943349656904099,0.10079194037780842,-1.214923700241599,-0.03332520391325677,-0.5365614214357011
0,0.6873488491240639,-0.047451764569839586,0.6219308959009027,0.2243550019794713,0.5111830040377805,-0.6180945948693516,0.618711754083917,-1.4841989465950736,0.4140594206371534,0.7968382021487662,0.07886199450308762,-0.5015100112049602,-1.320113861786407,-0.16671823850818052,-0.766843748422085,0.8161075156943619,-0.34268402935045983,-0.31454156492046237,2,-0.528947057156851,-0.27874582392497116,0.656634286329345,-0.13858845242106,-0.020734405460460487,-0.22762621093106705,-0.3481185607442781,-0.43484890738614174
0,1.757550080716113,-0.15353222776021247,-1.4148968466656524,-0.10297167840977967,0.8988680549626654,-0.5194093079250609,0.7190464864442763,0.8062634438933809,-1.9088508984009982,1.9730926165517044,-0.0009330051747758472,0.9585087905608665,-1.5310752065178224,-0.4373669113494947,-0.7099147456459839,-0.5713669007734336,-0.65175997996054,-0.24252380600531553,1,-0.886407648450809,-1.1372781835705705,-0.563110322385642,0.06255065013986266,1.0979350400522843,0.6056449825324687,2.127005914386647,-1.0367824985210696
0,2.042068169745197,1.3584865562325263,-0.2798607123382885,1.3408079326704128,-0.961749242005199,-0.6107982814623873,-1.1059879735695572,-0.5433668753216089,0.5686771552576638,-0.1335808171956534,-0.5286005746254054,0.9429963329673385,-0.03477975413624379,-0.9304319414755884,-0.2784688596517344,-0.6744474236169095,-0.23786605405292097,-0.3645906073377489,1,-1.238576328907758,-1.2350234008674033,1.8145540620726912,-0.010545657777095777,0.40223320369835047,-0.291796916012079,1.6054948929992934,0.5512681738729651
0,-0.4280970503611512,-0.09188169708637794,-1.788761144139329,1.034789165137573,-0.31396659227082585,1.2105718865752084,0.8099553689006794,-1.0420422413889696,-0.5024696461034406,0.29967442187313975,-0.7409279962101196,0.4010646862686261,1.1644596031047165,-0.02957108400574998,-0.8098055865754675,1.0815126843598493,-0.18801788392093888,0.23113767642744854,1,-0.7452767004892416,-0.5028805967781023,-0.837083612328585,0.1328913159754448,-1.09095311408826,-2.7944629269599863,-0.9312900383389958,1.4210829693495888
0,1.6737821455836497,0.415182808183673,1.4664622529150417,-0.18574114226891292,-0.0536893680698377,0.06851793683650031,-1.077881634531109,1.5298273490342655,-0.239365499530092,-0.6595594852414923,-0.07142916066585211,-0.04490772081401995,-1.0252041106893837,0.5626774272570545,0.7605742570666268,0.8285647013986444,0.11749304393126517,0.10251970021400364,1,-0.33444953974665337,0.8663360420591032,0.33288654145372726,0.041272817602651016,0.7055753104564928,-0.33424519816229836,-0.006089303800546342,-1.0100499461364856
0,1.5889416973944832,-2.8379460917072175,-1.6307407899071191,-1.3644465971847255,2.0346418690530075,0.9957109817354842,1.8838980679526043,-0.667257560093861,-1.8385179547684025,0.0019225488473643693,-0.07676532742768799,-0.2760979153951666,0.16360187267653103,-1.3219071811681975,0.16333592986332995,-0.4974810058998542,-0.2414344118973158,1.3078762264694666,1,0.20450375519386088,0.18039322236116018,-0.837083612328585,-0.12790917676032804,-0.7682372671042765,0.5747013838310346,-0.5990823169831077,1.9755819257613703
0,-0.6715115620664656,1.794643254826386,-0.3725183649135182,2.1817391618478656,0.07809220449750814,0.9832498045242725,0.5536661531179533,-0.6484895912354105,-0.0505480782079159,0.6871571365170037,0.7389723910865462,1.1018374349679971,0.05285407205748871,-0.15190580677685667,-0.8158984531314477,-0.634707306656918,0.729402006343772,-0.2742896968800347,2,0.3004194258563198,-0.43768009549442843,2.0503608841483114,-0.0893667833225334,0.21846389090329554,-0.09403236300196421,-0.7520424205139981,0.5895704082761549
0,1.8693475780302622,0.5105754958607895,-1.5924104157375685,2.569707103343174,-0.42656339432646784,-1.4834059461519478,0.8145066026350128,-1.0371295777015623,-1.3363656747801143,1.5598470877702457,-0.24646529423524893,0.49665690682980884,-1.3854655325014802,-0.49554108104091943,0.5303287883806374,-0.6974036901856886,-0.6177323710108655,-0.32700508904492415,1,0.039800477606571724,-1.4768873875602595,1.164393778316935,-0.057137229673131125,0.3352329679158599,0.7568813224308577,-0.428955426321732,-0.36745608378748507
0,0.6941178912771332,0.4697498071940876,0.46078754365609714,1.0288780344683215,-0.8763366656471966,-1.1343969140916186,0.8823747047868041,-0.2829311814942416,-1.9852597086914532,1.7566387147427298,-0.750372101919889,1.5403312124284005,-0.4989287027738162,-0.8587000198021113,-1.8520632969452668,0.8072761434911435,-0.5875729657933972,-0.21685012705343215,1,-0.9185744416528087,-0.5399812243984247,-0.837083612328585,-0.09155134259995683,0.4878898676642015,-0.007622419336415165,1.7025477174124375,-0.9792945865550257
0,-0.3705400090165606,0.19299011301648006,-0.9929039230247516,-0.2017703109445892,-0.6100928407658501,-1.0113020030951623,0.7434374544301793,0.1789855687245523,-2.2223710585993413,0.5022483218280561,-0.8254389486842761,1.4364894384473015,1.0190607673507701,-0.3199822299123338,2.8958263419392987,-1.2720190410320187,-0.65175997996054,3.985255077151799,1,-0.8230306711248909,-0.2470841206805307,-0.6350914263246429,-0.1302045578844443,-0.11138417515977977,-0.10176567585114699,-0.15080908760349782,1.0140859254642358
0,0.16434724091607622,1.0510929421457942,0.20524122353933866,2.3542290338167158,-0.1401388114175851,-0.6147710577168788,-1.130558583583925,0.8101224203117567,-0.009071190790442565,0.26135843150413285,0.005331041524272884,-0.1795503884123918,-0.3227824106745633,0.7343755243216874,3.057943812195495,-0.18329816014684513,0.15436382498359943,-0.4312677882211491,2,-0.03532334225912326,-0.22806110935457957,-0.3761545969779446,-0.05057741280514186,-0.1079456654715574,-1.8972604379071707,-0.21089954631177993,0.8206898624544559
0,2.178971710141365,-0.9500126516370242,-0.8647637726681849,0.8510724309984539,0.010136185547846219,-0.17537139490655568,-0.7363232923608083,0.6129495445866472,-2.072845414063929,0.08135970441879758,-0.2273084371147815,0.23591500659826392,-0.401972399115583,0.033365546697350035,3.990388403275042,-1.3553309159433704,0.7593026966443592,0.5892178453072222,2,-0.6978726682499237,-0.17505158918726094,-0.4689165891127198,-0.054196706469833565,-0.3077600968007125,0.6673683648043255,-0.296329977475854,0.39845272793777575
0,-0.3819909063864908,-0.5265825302862892,-0.4194305131340722,0.6205433585230012,0.263781447079505,-0.5115722457276319,-1.241079594475186,-0.5259641369657746,0.0064133096415846524,-0.6868046276949347,-0.10321783003707083,0.24218151852360884,1.8333759109145777,-0.12862005588254727,0.7778291343668613,1.5090496505063955,1.4733542461350093,-0.5806501221357321,2,-0.7828313930728713,0.21207639588618,-0.2748731897958431,-0.13858845242106,-0.1741762983572424,-0.27489078996813276,-1.0461916393477972,0.7705679794752625
0,1.7733288826132827,-1.5026076330608076,-1.9026281608869604,0.831847790410352,0.1170215583712813,-0.014573907097324645,1.139034665540395,1.9965041174046914,-1.7963898497583348,-0.3531647060192985,-0.13943806765272998,-0.3390714747858246,2.36386657361348,-0.8674779877337899,4.104396968047782,-5.355382228938364,-0.20599729677892376,-0.09210521760324597,1,-1.24289761783881,0.01204225276869142,0.0634732805524919,-0.12718883792117427,-0.8002691939908443,-0.19734998493065858,0.18753284569308531,-1.3988575168401287
0,0.1087866222753179,0.6287593020045278,0.7430340477876609,0.4415049487089302,-0.5091663584287311,-0.7679134700790213,-0.9644795012186499,-0.7913941293296114,0.31267664048145755,-0.4216185591687383,-0.252820101188626,-0.018830296414390546,-1.3150684413293008,-0.7073673387628039,0.6562495960649324,-1.1849089307087772,-0.6387897716788403,-0.4772184256202838,2,0.3802372436109256,0.7259497041008562,0.711821239151217,-0.10754353756986496,0.10139482971172631,-0.3863252660022194,-0.3371275666772781,0.6663834297646644
0,1.986517997394142,1.2164277872284592,-0.1560630573144215,0.5812377858952245,0.32095504682419485,0.9611455988311508,0.6981090276771865,1.310183112022655,-0.21587683444108835,0.17235827187951677,0.29090110130616054,0.7041986854065264,-0.5771357887158219,0.020936752179328,-0.7637758826447953,-0.43557906423531667,-0.28765411805502084,-0.07509683469459533,2,-1.8308385960186007,-5.489835005501874,-0.5648644318312671,0.010632054743287572,0.35437306720401995,-0.17554955049232007,0.6277758559138157,-1.570227484464595
0,-0.5560706525747351,0.08513671299226178,-0.40439774900944225,-1.4108094662163726,-0.6562792521927235,-1.095852079238264,-1.0846600746552735,0.11980106218845143,-1.083537025073634,0.14637789486972763,-0.04253685422823103,0.31323185971588857,0.5459806525770766,-0.18673226463011028,0.027449237889025757,-0.03827909902481175,0.7230376091976062,-0.1787662720802243,2,-0.20384214920354313,-0.5713644831851808,-0.19660959071713338,-0.03408558248213309,-1.09095311408826,0.05480141080242429,-0.2451316272560283,-1.178442202643072
0,0.6101715807478539,0.48603165330385867,1.337126094932065,1.91771864948641,-0.21627591634917276,-1.1871210602822209,0.8037997072323375,1.7358145773954456,0.007079903174219415,0.22781377901070807,-0.1477294537280316,0.39324237278874435,-0.9816354552629785,-0.9102717785474825,0.19884386519970326,-0.7243909230889461,-0.42266434438083034,-0.420378694074552,1,-0.7901159625309784,-1.2591210593853361,1.7462466851778013,-0.04564131046552035,-0.013525890119228223,-0.5629945893725136,-0.04962181542164834,2.5740168664809238
0,-2.8095954132986964,0.7797286438377956,0.33921052038097943,1.7125822713082355,-0.5573180795128899,-0.3858802907681447,0.13224714329898357,-0.2098390673050915,-0.20141655936178626,-0.5694011550742101,0.23637979933915865,-0.5503773807908737,0.10692141905017549,-0.3606533911921727,-0.6668410017114039,-1.2498186220655574,0.6696300951986194,0.001845461919242286,2,-0.5043149680077698,-1.9729450160276132,-0.20776879362126247,0.009902089953084767,0.23423678159930783,-1.08961711575298,-0.005314094409426651,1.8038840004150445
0,1.603241018806918,-1.0755730985252137,-0.5324885648119291,-0.9257775137862141,-0.6436329180643223,-0.8005961819029024,0.7017080161213793,-1.1307441357079626,-1.027616331331015,0.7579914090693523,-0.6357187886886764,0.2419055445426431,-0.6483932467239246,0.49818967461443026,0.03503270566720018,0.36752561920806415,-0.6321937769994362,-0.27993840159444683,1,2.1383256446129586,0.6012488753325792,-0.7800629216228402,-0.07887683038680368,0.7293723141644913,0.022599387658327252,-0.5788827833002727,0.186889189609633
0,-0.9254607415670045,0.7186768178394847,-0.18314556652989517,0.4765209249624637,-0.466655002816042,0.038427937207186375,-0.43592479688290675,0.7357417879591506,0.7801050001892513,-0.19764269856236016,0.5256182605883968,-0.3451677960421945,0.05729217509585138,0.1396695960518009,-0.6700991576856389,1.5770357616827027,0.08803650611740185,-0.14213158822319497,2,-0.6170727926172939,-0.8772449487868703,1.5816134825287405,-0.013553178910921969,0.3046033123378248,0.33654214175923125,0.3206794147849865,0.6163887188777366
0,1.5622888350126685,-0.6699620438214493,0.900676675045578,-0.19266860434581942,-0.14143088466301498,-1.001114007863449,0.6251992753055593,-2.1590702078336426,-0.6652741533237816,2.685195697441714,-0.7242363087835689,1.1144649657737595,0.3204926891755938,-1.0182629953886102,-0.05987039150889842,-1.4227539241221914,-0.65175997996054,0.05912220794909917,1,-1.0770640000241765,-1.7881565214091357,3.092869326345392,-0.100136817575251,0.58822538344798,0.569913834862571,-0.1547535818102288,1.7995683965952556
0,0.21702277593677644,0.6481289022634852,-0.27507227999510786,0.2899759356029513,0.5596229391571947,1.461112155649193,-1.7081298028123215,0.20590063850309548,-0.7379974070160031,-0.051426672327705036,0.038625199542068944,0.06417035026119398,-1.0300976941492885,-0.0082631406835606,-0.9440606781459502,0.5694322705670946,0.8899763762536046,-0.14086092345555634,2,2.145457775519814,-0.8218468041334385,-0.3026717288440514,-0.03757424927963737,-0.3451828179201932,-2.4363582386711937,-0.6113814098606006,-0.7387007790106044
0,-0.41435769411115564,0.49079893215372594,0.8221678508385213,2.1353458220211645,-0.7975047032950803,-0.24305545404908807,-0.7934696898668725,-0.4966441235151253,-0.11608892757412786,-0.7885588328656941,-0.7908754202001312,-0.5926347409448239,1.3271622445891027,-0.9087026817258373,0.4705099075296506,1.2368442333623875,-0.026053515197829766,-0.3905623590598384,1,0.07514238389666049,-0.24837536941425534,-0.7724141523233955,-0.08848575565358958,0.43321654683913474,-0.5432061864852973,0.13792455269352275,0.4984555576782561
0,-0.058440082671314064,-0.3009199173978945,0.6142188971650482,0.10675379798534657,-0.6061694954314684,-0.7538790192625987,0.5834819096162671,-0.14870904450141836,1.4461328783804452,-0.10973454339769378,-0.8560550096215888,0.746273411958873,-1.4385494323664623,-0.5951263244105853,-0.4789356016198876,-0.09829682108038995,-0.31028020092465025,-0.31326917310727476,2,0.16912748773650002,-0.012780038976133556,0.2770664898554319,-0.051289221744789844,0.7117006599089274,-0.01866584028568423,0.35811360005144977,0.24759940820397805
0,2.0855472750923765,-0.7027036414164526,0.2939270598395865,-0.04888747937025961,-0.1216219069186879,-0.44882841261041406,1.0176518046013654,0.03563925553169206,-0.20068148528382973,-0.4089088882357562,-0.7290819661715369,0.5175924052320997,-1.5659962243395043,-0.21145914112308895,-0.03510196054282866,-0.4316839874327897,-0.23369543586149844,-0.0866173551412821,1,-1.6945095304489348,0.6070634587952446,-0.7150260850756318,-0.10578323528157665,1.5910498394829267,-0.006786608385954573,2.2596899539777366,-0.45688234558834273
0,-1.431845961857844,0.45745919423174275,0.5307849808143922,0.7595457330558559,-0.2463393341998626,-0.3766891488784957,-1.9276416745835707,-1.6758370249280987,1.679963357961931,-0.46933551679227725,0.39764669656137075,-0.03639100059096481,0.9666764606813988,0.4606727793305966,0.3241512838950824,1.4138773750243332,0.9584910226537008,-0.31202401374408484,2,0.0366142693463265,-0.7170686416310028,0.15042879030029838,-0.028058537836989247,0.11219623757049582,0.6227576931777994,0.637954962881576,-0.1777004590818238
0,0.015888853543214176,0.4450938584710179,0.8410551694378837,2.2025277780894377,-0.49694157598752675,-0.07041265226102572,-0.29712508655526637,-0.8577509906659262,0.6479597013596268,-1.0369764831418884,-0.3528331290250484,-0.5295547258281046,-0.10719977781746892,-1.1329922221665778,1.2567378780583607,-0.0030984533793634306,-0.4210529826551275,-0.16755422941099546,2,0.6819480633776093,-0.585436763018128,0.8881138255759755,-0.09697436989199645,-0.1766610926631551,-0.37358143501361585,-0.39007532174449155,-0.07003982633098582
0,-0.06815849066000515,0.8082632370653748,-0.352538182074046,1.2894909587974848,2.383010836335567,-0.5996930023283602,0.6764806066473292,0.6155858872024355,-0.579466911348185,0.5171890848940673,0.5685890451362315,-0.2241708013602828,-0.6334456513809184,-0.18980599290544323,-0.5326368964432052,1.9504661931152198,-0.65175997996054,-0.36438380262828657,1,0.19384030842994404,-0.30621747573308,-0.7807785845290357,-0.13858845242106,0.00033335316698368533,-0.4992298162158797,-0.2771178189306799,0.4828645498199499
0,-2.9890405754300238,0.5162737605676211,1.602814296188318,0.3680410826417583,-0.451042156458969,-0.5461978092130209,-0.42096870132705744,1.137394356245213,2.3083855670487012,0.0889583504909538,-0.7114312165435737,0.2658963432808222,0.32396746335465687,-1.083494894507667,1.0090556223425604,0.08982982142546547,1.194841487748655,-0.40248459524091496,2,-0.11734202087796683,-0.38459327885201045,1.661698094071336,-0.0010383128744127015,-0.4609774809725619,-0.5090649830163431,-0.4705489079169905,-0.7643035273674545
0,-0.8579830016770225,0.08225198697934544,0.01098004661448243,-0.29633371233998207,-0.3342368118773931,-0.056799540791032,-1.8631040961513343,1.952559791360505,0.3055089024809799,0.19527105170891793,-0.07416347009378521,0.3238981799684375,1.758432779379854,-0.5193331377351765,-0.05246895048359346,-1.474269505441092,-0.5757213513084777,-0.1395017116234165,2,0.3128272559037283,0.02574921192770671,2.9069838541623043,0.1369151093459815,-0.44139184388369845,-3.2871450311704207,0.2648201443748788,0.1366255802787851
0,1.8216089678678467,0.2485732515062119,1.8736302851316535,2.1384880205574257,0.3724219807210474,-1.2331813973013988,0.4340918588044692,1.2261976770140317,0.053798277472436595,-0.44875106536018977,-0.17850222487077866,1.0457672899791888,-1.78526162662461,-0.36473571044126557,2.2211679249327707,-0.9348719319711167,0.07356290194258905,-0.39968634969016803,1,-0.8048112641762608,-0.30012774676069887,-0.06879281979908874,-0.011221575478568266,-0.46130568799874805,0.5656090884307345,0.9373551400058227,-0.002555517263494067
0,0.982451372831995,1.0800266516393073,0.1259280197613979,1.1231728857074983,0.45176052044398574,0.04340878964499406,0.8555236737376531,0.624932474188465,0.2876803290912807,1.339778901117071,-0.23707616509729487,-0.6591908831582218,-1.286845568413169,-0.5558213463674245,-0.6271065616242824,-1.2042392916343754,-0.03713820764037254,-0.1396066476305753,1,0.5379012090141208,-0.4972365368188222,-0.6286314770956359,0.06685316323384845,1.2405001165760041,0.27851226159744724,0.18062337982204368,0.00998852174727105
0,2.24867707487614,-0.3017552974240621,-0.42838955029489617,0.48618960162390135,2.0958432636092135,-0.37019401176072986,0.7021544071375229,-0.23460427172936993,-0.8683773866343502,0.9453561075029243,0.28942169654721456,0.3548677396606607,-1.1078945877891806,0.5810386233885503,-0.8850316240627188,-0.8851896225371569,-0.65175997996054,0.03752651080224795,1,-0.5487776776833045,-0.6285373445153553,-0.837083612328585,-0.13858845242106,0.5795345270679666,0.20240991265321412,1.8902921090805136,-0.3003941803034783
0,-0.2684806536376355,-0.02235575834925485,0.3811868610189695,2.003481501681164,-0.7687663621688001,-1.0478431309355116,1.0944288199729857,-0.21819495801162087,-1.7311674808619064,-0.16686524799926783,0.30790051789586015,-0.5739428471470919,-0.32362648374093594,-0.6660357837095352,-0.8667948363675751,-1.0726703668093962,0.010321752367754483,-0.41238411027800004,1,-1.3388676640089399,-0.061889409577311705,0.9450518126946412,0.0034895800788025677,-0.2498813875506503,-1.011160305948116,1.0806240327275412,-0.391877888777491
0,0.3418246836049217,0.23688856417986837,0.6675434342853456,0.9179113420426998,0.8855386729198166,-0.4918642175395135,0.6954977491172059,0.8020726237815634,-0.009457499871791841,1.2205173937292053,0.29700163607405317,0.35312030718336507,-1.079563114759559,0.534062792019685,1.7867499643299771,0.24436561298507198,-0.65175997996054,-0.30007547834725906,1,-0.16399833512849246,-0.8490333804036881,-0.390145064489784,0.010455522015764926,-0.12022210145086709,-0.9329778447523387,-0.23023367309358228,-0.20683347346677966
0,0.052807173101546256,-2.997021473670542,0.4000115800678689,1.2465496990285279,0.21059583583837582,-0.6827658313488538,0.37220005415013946,0.1679903590546984,-1.3802966128840946,0.46863880502469146,0.5605300055216226,-0.5684430584934077,-0.8146451681412854,0.6569441771722423,-0.736026266160065,-3.005429413059315,0.9935049568472072,2.0295262494820543,1,-1.87737378862638,-1.162751849324066,-0.6453701049776229,0.07900450787384042,0.3121493559117989,0.5591085210460566,0.3182600548647484,0.9902733645658148
0,-1.049099235425363,0.6614924607424812,1.0113502032456163,1.8491197316236916,-0.4893136675919445,-0.6751913956441028,-1.4792871792061406,1.6553695280594884,-0.7868515688597768,-0.6800016246470059,-0.5646545297016893,-0.4286641159053068,0.3108209321245568,-0.28252371458361825,3.583662024213744,0.5233102803235903,-0.012050963307158935,-0.2826298525401883,2,-0.1325272612762915,-0.5825736239613223,1.363011541410403,-0.08321360454367299,-0.8410882280605684,-0.37992515918186226,-0.8404188470135645,0.7484910610781965
0,0.11756490896637106,0.43416905012230067,0.29860944819148755,0.5560290602073289,-0.7188243110618999,-1.2517891776066534,-1.217388613107359,0.21863910014485272,0.33918732098347604,0.4907886444540114,-0.21661719010870317,0.47409173708002156,-0.054183077987053185,0.09803687204519018,-1.2010385261823031,-0.11414473065528491,-0.191254422158248,-0.5822336789836913,2,-0.31023749516444643,0.5257721776324369,0.04738694282665668,-0.06694882064520444,-0.7543130625948959,-0.673576896653525,-0.0685357550403154,1.4315060133896464
0,0.6274090838382641,0.00042671126184834485,0.6063458939646122,0.9815337080456851,0.16151222985376779,-0.49558538743936936,0.6684068504537334,-0.9846601095817702,-1.7638353152239818,0.06978251112224287,1.0850147725933292,0.055557257082595735,-1.5156549111555826,-0.346132588179481,-0.4536967278577513,-0.4011418990822896,-0.3700468647452222,1.5550146817968564,1,-0.6350577079796123,-0.1177953708736951,-0.6609063209529603,0.09294405731257319,0.8024579282332903,-0.021350148120579754,1.4787468454951775,-0.2611218929699461
0,1.036616928643385,-1.7769004190790678,0.30877871124938727,1.0088709075347317,-0.04096042308906245,1.0394680277081862,-0.41404468010688067,-1.1264650083763592,-1.1799993443538819,0.2210683051497178,0.23162708438749405,0.6711418034191263,-0.7646148705704743,-0.17116993337957676,0.3897459972930698,-0.6654443527073135,-0.65175997996054,0.61538898891217,1,-0.15317178954646746,-0.8698725692568874,-0.837083612328585,-0.13156269667150816,-0.6194346375648988,-0.04704846838339244,-0.36300277126774516,-0.9098715091496087
0,-2.2229821018448788,0.4675990461654398,0.6951883322963943,0.3357439473798729,0.15757504375152653,-0.25684038092465517,0.4316802397899877,-0.275421193336729,0.03497010358416619,-0.06818816536150468,1.1045281332204597,0.20948776450249548,0.6980299415747055,-0.2737122622135496,-1.617409771681364,-1.0484361217467804,0.08724821270504193,-0.28088352052485854,2,-0.5419691448904331,0.24599527861060283,0.20138208708514654,-0.13858845242106,-0.7811549543009266,-0.6960312770313881,-0.9500405128564149,-0.4275623797086036
0,0.53327822758314,0.44179140238701414,1.0951346570685967,1.5187816742809916,-0.8243634037874908,-0.20378693224209282,-0.28349982781382377,0.22835002198742033,-0.21831448453511532,0.48066979160371137,-0.17971688873736757,0.12123421878973789,0.4586587696821481,-0.061241644159438446,2.8082285647728806,-0.337395260643576,1.0080146005852482,-0.18247030804627065,2,-1.091673894909573,0.219881664713715,1.5148810567428164,0.3150573018610937,-0.5542485183321594,-2.220615006106526,1.51225170761764,1.678148018831651
0,-0.12251836908201418,-0.0859900320468554,0.28645869740021784,1.8708327956497324,0.3241554943041588,-0.9963595347925813,0.42177774037878446,0.7005906217991732,-1.3967369347504672,0.2562223856784527,-0.18534791025927883,0.49843185290850817,1.285896141930421,-0.8856740559491622,0.20465172535759213,-0.7145952114926091,0.3327452018320758,-0.4917206249857673,2,-0.05674017205911139,0.415842990264947,0.253061124167325,-0.07774753102379127,-1.09095311408826,0.7336679912349204,-1.120304592117387,-0.4934577538567214
0,0.6741254410869153,0.20753314647551768,1.3862954423867586,1.7340233640535103,-0.6946291767285983,-0.6682423053537099,-0.9230136036949923,-1.0777732296051095,0.09073794587491713,-0.46383684020273175,-0.6830231696006979,-0.37732176097796444,0.8585552199356318,-0.26958558859492066,0.9708095638420797,1.6217778956841657,-0.39922757785507623,-0.3327054336658686,1,0.14010316255543553,0.08607180793138339,-0.8097664884536463,-0.0732947660553907,-0.39936692782023714,0.4379608070470088,-0.6074415282056109,0.062243839118196365
0,1.42174648447197,-3.2885065022577598,-1.7440996993498776,1.2357511740258997,0.04263796236317053,0.43809886376394286,0.8219319188125053,-0.07729371709581685,-0.5803286073333979,-0.17758611258283288,0.3902278373251912,0.5119237648341528,-1.0591563304420706,-0.019087938732442855,-0.6293181155947073,0.8389839182763621,-0.65175997996054,-0.059544962687840264,1,-0.6783045534908427,0.20371425051488207,-0.837083612328585,-0.09995179489813448,0.2456351767465128,0.1049466078985733,1.7953186562005552,1.1856913341889606
0,-0.6621220587020625,-0.28707758574405406,-1.5070068225945998,0.3647372172162434,1.0396811051495307,-0.30886208005314997,-0.9760884500731122,-0.4069725354059302,-1.7884790699566449,0.2021930932579701,0.8023323095374622,-0.20137947180146296,-0.12123416092421885,0.3615883942956043,1.322567191329412,0.5888813948083576,0.7636429380201811,0.5717854671064543,2,-0.5878227373054283,-1.1694828925025524,-0.21449126858527584,-0.10878139310535875,-0.557112773208702,-1.2568199517142822,-0.6990031753955956,-0.058471681776372075
0,0.6411357910446508,0.10842558217569787,0.6700461574996157,0.6200236202154434,1.1355567143981857,-0.7713445884598624,-0.513072742833342,1.2947805319296406,-0.7073905201905767,-0.18758761752407535,-0.49233223273597104,0.1873906755122839,-1.5659620464317454,-0.022479054246393626,0.31814438130516454,-0.7240553735433962,0.36073114783813165,-0.14042052684056452,2,0.2951577890935677,-1.1547509511260823,-0.575369519141313,-0.13858845242106,0.5814691112232654,-0.594207892924565,-0.9593921073568902,-0.1794689350892411
0,0.7509469589920668,-0.15629647978774444,0.08600694535632877,-0.19398005413170555,-0.5243910242827093,0.3369002228968672,-1.7070354335130793,0.2875558977212445,0.42483787653144545,0.8553658426171447,0.01653438778673816,0.05893001901235073,0.4893886618423381,-0.36142288998566796,2.3911490338699237,-0.1360743058605386,0.7501833311100892,-0.5190227864574557,2,1.435367966944715,0.7986621225486537,-0.7795262295822819,0.11798442969010955,-0.23910109269100538,-0.16340728269273092,-0.4055266728608381,0.07125732346715952
0,1.8862830957753638,-1.0250278010118372,0.7809356791454702,2.2476167269415113,-0.9087475077467715,-0.989764364322644,3.82247885296888,1.1194028929537279,-0.7367499401450932,-0.5986260226458323,0.073962802260194,0.021128538124972618,-1.017382148359497,-0.2514106998964919,0.38968973285149433,-1.6698879451528934,-0.44338754510724354,-0.14659133254732792,1,-0.7739532218623146,0.04699365684664414,-0.837083612328585,-0.0944982696060256,0.011839104820225377,-0.2218975841427613,0.6524481110354133,-0.15676506333008206
0,1.1510427985719847,-2.438164819148559,-1.5752742222012175,-1.4321714593670103,0.15832451787567337,1.8700421925046893,0.5547007406271943,-0.0595191774147904,-0.6590337325504738,0.8792534984212644,0.05717638255452462,0.8504545111347599,-0.876169921223001,0.9859946691138234,0.6562329587378027,-0.6936136099156786,-0.65175997996054,0.20242577638162415,1,-0.9388060645112559,-0.9380063188425303,-0.7538946334944715,0.02836386032038285,0.17316542953722586,0.32564470896398734,0.7868124266408706,1.676994989458211
0,0.16939626563481225,1.7052590029320829,0.3746057723870525,1.1870373251832982,-0.8798723395890113,-0.28623365235146453,0.8436826166491193,0.03879568922494658,-0.6982035834822922,0.3747485815379701,-0.6326945894537841,0.4458613309108748,0.2665687680957644,0.6567487821615864,2.2625206455628226,-0.18529966372022988,-0.2572011086206944,-0.34518694026637775,1,-0.9385731572648832,-0.7280798042987654,-0.20746405086074154,-0.0571552365613784,-0.09805236436419032,-1.2863150118388558,1.5358121777933682,0.7235789860266102
0,2.24867707487614,0.1880125323032512,1.6617488907280782,2.075572735413602,-0.47868041245631,-0.8273790114812412,1.0892495874062296,0.4900420299074627,0.3442452210162028,-0.5554148692588681,-0.04886081212172713,0.46240469364559866,-0.3296672984957939,-0.8240751918799061,0.0825525065366563,0.3794102282538585,-0.5368169334860433,-0.22497071771234342,1,0.5521993597261895,0.6217834134956085,-0.40445152615497054,0.017166879381491418,-0.17553697456198503,-0.0926434574162262,1.8799206698257604,-0.246646445456345
0,1.1117729298866805,1.123998651349122,1.3714725316263312,1.968112166059595,-0.19932322719144363,-0.6392568888980424,-0.9096835852067924,1.938734979923791,-0.6546539881460851,0.03457405289519011,-0.05246112674019798,0.40999623508150573,-1.4596845401250136,-0.10328199054493054,0.14302628917394478,-0.6357469900738385,0.7499776794738442,-0.37115835467488345,2,-0.31993985955153814,0.0018093310488258574,-0.142272282835201,-0.08681980477306896,-0.2779724415148255,0.011582763342441404,0.12669050162189155,0.2725379853768014
0,0.7176498985438228,0.7323993108991073,0.8909205062965286,2.2290595429611155,-0.5922220136642787,-0.7884763124250798,0.8024092835474027,0.4568089034986756,0.21210147434346738,-1.1530714293862965,-0.3205383859287842,0.07591623536971859,0.13488538209221243,-0.6389885229401817,0.39883696939877755,0.36484009728706224,-0.043440302930466135,-0.1789057961086623,2,0.5730850675016519,0.11369637465173854,0.28325859082710897,-0.09206943837224757,0.2823856059391942,-0.43061221498933144,-0.44131334608353145,-0.15546251813247203
0,-0.6449096402892605,-0.400547977334439,0.9299425427482992,0.2703479428180008,-0.26499625896595136,0.5410422041747106,0.9363972486736708,1.1206684668227562,-0.39173566282036415,0.15959650182171703,-0.015368325637363178,0.5276922213797314,-0.2221520452877139,0.04659568698435579,-0.637386410634073,-0.06483403615523375,0.013579975385052762,1.1932832256771049,1,-0.5300192298818664,-0.44938998606419056,-0.28371624562655734,0.019641685448534243,0.08223136666061953,-0.9921062232237885,0.6091563194423517,1.1095103871405165
0,0.6254023964654849,-0.18856433008308127,1.663361080443356,1.3800598888957742,-0.18427995783329848,-1.093905462702561,1.0301271952173725,1.3319821477132123,-0.5537198833630728,-1.2078363774825718,-0.8822552438892318,0.21864977247852285,-1.5375743315064985,-1.1012691058505524,0.22385399046375265,0.5875644297293309,-0.21914596746475745,-0.4186818448375851,1,-1.2276989654021468,1.8025315565404751,-0.5891028154885535,-0.07842873635320687,0.485266021447589,0.09177074058970153,0.23301216006798825,0.23425636371330863
0,0.7159324639043229,-0.09342999528564466,0.7781728850171168,0.7999148414469018,-0.13297110564340509,0.1098238619239118,0.9473772985955569,0.6753848221099439,-1.2426823537147351,0.2849544378176544,0.22621481247600728,-0.14473740699523086,-1.78526162662461,-0.17065542452894414,-0.5685542659670386,-1.2061723897216359,-0.38261148900589015,-0.3620338423328776,1,-1.0674505933984724,-0.6224639099984794,-0.7484723450055792,-0.022809749119115735,-0.33992719720516607,-0.7717819246182949,-0.30392926888536786,-1.5158681108188286
0,-0.8537212756920909,-0.07586206068293244,0.4993280412974689,1.432902882100653,0.07839361283533519,1.8753371393527254,0.798524519684953,0.610349260563375,0.9200427493316425,-0.87027948690843,1.703780919955624,0.02270625273450605,0.5891224402207749,-0.20126476474260802,0.727028453538705,1.8821250890526502,0.5530440889068675,-0.022705348493692844,2,0.1412653946375732,0.013573055026125463,1.1174369398915336,0.23255625021132814,-1.09095311408826,-0.262108365489816,-0.9452758357075585,-0.5290263818696579
0,-0.9745438027288443,-0.24178383392485966,-0.6364125036126395,1.2612953776276168,-0.2633414691038758,-0.45172752929806753,-2.5025355768243163,-0.12841322991025694,-1.347522554806416,-0.7874462996617411,-0.09036793927719805,-0.8046305407003921,1.7533324044669905,-0.32889141006221045,0.5743601627900714,-0.4930264477926036,0.5502490460977063,-0.26010786868030816,2,-0.32106414371999203,-1.4717414567754339,0.09763151109418522,-0.13858845242106,-0.27772583671392215,-0.06150511909941103,-0.3411826101448166,0.5498412914379818
0,2.24867707487614,-1.2324733948844424,-0.012881946942670697,-0.33652646612433207,3.2779945615602726,-0.550808208465146,1.0027339460115028,-0.7009368098146684,-2.069023080359006,-0.08941452108720117,-0.0009948519555124657,-0.0881642337638161,-1.78526162662461,0.055618718363534714,-0.26546204819819186,-0.6056117163916667,-0.65175997996054,-0.07472322842552112,1,-1.2854204739051398,0.017756185822670856,-0.7689119315677286,-0.028882385711240043,-0.08534855106815414,0.07158184530095185,0.17600981134177118,-0.4207307859193753
0,0.20707098087403894,-1.77561787127692,-0.47118553555146525,-0.01975835053871422,-0.11661931363878009,0.0357698479497944,-1.2592023952697842,0.19626793291599753,-2.5227097182919236,-0.614057557357511,-0.3248679122534184,0.6225269847604946,-0.28655955626251983,-0.5902049579940214,0.17158651216443765,0.5038305123050691,-0.3904660627388966,-0.4422477321596461,1,-0.7097770661451666,0.6020638028466992,-0.10182849617428877,0.007718549596186577,0.25942917822316675,0.9349811546329807,0.14490261974574076,1.128315887114354
0,0.8257111886891673,0.6884730133739444,1.47310189306688,0.3287550257667686,-0.45546155241911934,-1.0651201891970468,-2.0722019423851528,0.7455277411908836,-0.5529875670222706,0.37466863513726645,-0.6225095433829244,-0.1563896418510092,-0.3842551965514159,-0.5032220061138017,2.96349786369326,-1.5609469310373527,-0.5731544556385089,-0.5218427639980273,2,0.1273985757167067,0.0020964368966114033,1.9640903371150384,0.22024672857448435,0.3844013375927469,0.44097560103185063,-0.48502882279998216,0.2734155048856162
0,-1.9049826029053352,0.6588015104470033,-0.5730284832404042,-0.14616296132149148,0.00026208590881944636,-0.4532724293511447,-1.4927624234209742,0.1023622219192507,1.1536983629244892,-0.4342605230861506,-0.2354768192266871,0.2626318424958185,2.0619812274223914,0.6653958936940269,0.8484669813818193,-0.25475753439537163,0.304289473105145,-0.33465791262917227,2,0.11365975723452107,-0.652217384214526,-0.5233493436096457,-0.03211181001510734,-0.4917616163988575,-0.47842282242718137,-0.6033679160319989,0.32355475640307063
0,1.8896008698784135,-0.3198066653361325,-3.2699385394742477,-2.819094428683865,2.5893726215545474,3.6054632482136277,0.8155320121100889,0.13164638198288814,0.150859137042737,1.8006558285702237,-0.6515550298625772,1.0123243461987126,-0.944693345735589,-0.148418752742275,-0.18673975695607836,0.2508966947692244,-0.65175997996054,0.2491886306015943,1,-1.11116702694295,-4.404817155905029,-0.8115392571258008,-0.13858845242106,0.357425326524057,-0.3127754096134865,0.5480063868487599,-1.2688118123023369
0,-1.8394604522874989,0.3313225135052124,0.2662791681943942,1.738851788462505,-0.6511825024294362,-0.2220030831662072,0.7455065514772494,0.663246259633412,1.5505577777564208,-0.18818921135933897,-0.6085961784261172,-0.5848508778557444,1.6330353315092025,-1.0551282635873265,1.6322475751260692,0.8415350957890306,-0.5023667999546012,-0.5694828117452277,2,-0.027814219333196832,-2.1774090791376883,-0.8365438320369463,-0.11886752283857371,-0.44900252933933726,0.22267515955841072,-0.8890979505365315,-0.6181893824849238
0,0.9328172737484076,0.27239617124476656,-0.050791144725084114,-3.68396223575996,-0.34460001825775594,-0.44178250465821256,0.2711437087721861,0.39065138000237365,-1.8736149699394546,0.9235510875310433,0.6090841965310722,0.5106076454470685,0.9900354611956989,0.30881658087404695,2.019812604086375,-0.8762432557799403,0.037808487077882175,-0.114556238728755,2,-0.24673170604049455,-0.13357290610622008,2.329156280222704,0.07120960130955484,0.32747863439525493,1.0672114422885512,2.8107530478641136,0.6128332325327454
0,-0.4593945138858664,-0.9369728239855915,0.8348188433149796,0.5299694294309948,2.035056812488809,-0.0966882785773329,-0.6604927842065882,-1.6064937559575299,0.8612206653536093,-0.29030778351366326,0.6633020385024551,0.25553376789216964,-0.7825617879979245,-0.21492199983484683,-1.3721460898006812,-0.6487805699339286,-0.13601245185104657,-0.19821517515193846,2,0.12208829675979571,-0.5909238799203409,0.7949857315307396,-0.07242529210700399,-0.5770680816999774,-0.016691086858453663,-0.08875319320302899,-1.7440066627569935
0,-0.7245452469026163,-0.42044333194217276,0.7642055031481202,0.9715030729640116,-0.18851155251068497,-0.31502512510023817,0.46290057651580774,0.5079263968842962,-0.250774829233245,0.2708852663384332,0.2665110019760518,0.37173268891449385,0.8957554642612161,0.17208908994404748,-1.168804522554654,-0.4865534312304888,1.2548243578378688,-0.14554199046579783,2,-1.2735461066640483,-1.8685489089172411,-0.7137303129620488,-0.08076500087231114,-0.7440001214134637,-0.3897915041822955,-0.31437376975045017,-0.9611917029701365
0,-0.6816038306845696,0.7269254408273047,1.2640383161392181,0.18910075435240392,-0.7262024650384966,-1.153312979463069,-1.6795279344689669,-0.776584580793042,-0.24245950417312906,-0.43223456595458454,-0.9297503837428684,0.1069326716581614,2.146154636166676,-0.5950748225853433,-0.4395756569002241,-0.8110402856941843,-0.40878145039317576,-0.21531767546217395,1,-0.3514689601783668,-1.3844320026690546,-0.69543379547489,-0.04989838573478391,0.08914157241976456,0.33446205493180126,-0.17776705244617835,0.7051930120652936
0,-0.8077030316549173,-0.9291827975805564,0.5444183686382524,1.347539499597192,-0.41003599535106644,-0.2220193733282101,0.7290943465354037,0.6947138331328504,1.696255278033054,0.916024178081216,0.25638543477141235,-0.4297392098367968,-0.7760012122298432,-0.4614222087382703,-0.47389723559198826,-0.7376025911182595,-0.023201947540469336,-0.43178788079220354,2,0.2104760037315214,0.3314915420562953,0.3044037276643947,-0.02337960415547917,0.06927396485224391,-2.3630883080575087,-0.12686283112180738,0.3722911081464688
1,-1.8500333946013123,-3.0842267958065834,-1.877548287661289,-0.018287410612995325,0.9350805260593708,0.09437695233423371,1.0626753256640007,1.71411391423614,-4.410246258758849,0.4815025224809617,0.31495423347101903,-0.420858904733065,0.3937021120867945,0.46614715005374163,0.22134277718656326,0.08928171589801051,0.8378216695059961,-0.2446257193837512,2,-1.1385043100591805,-0.9373718334861105,-0.2328152172963491,0.22753715916037426,-0.5813455880485987,0.7997012652386122,0.6587894656357647,-2.31159320995854
0,1.0055382134293671,0.49260497819163485,0.21604718924087352,-0.15614245043296537,0.09505247071793405,-0.8197969265618701,0.9008001946738691,0.2329054285658878,-0.4097346293632922,0.5675767823118607,-0.08626871315694537,-0.35936535857441754,-0.8618684096626161,0.1714719671911178,-0.01651544281172368,0.17268735385693224,0.5920439464574627,-0.04885020419217628,2,0.2884313482583518,-0.6191638657962566,-0.3474747858710334,-0.0875601359720938,0.34213778237321846,-0.23191279829676437,-0.28273298163907634,0.3292162338948827
0,0.678432283609652,0.33249848178024344,-0.6321766036054769,-1.6958436593512511,-0.5891929782156204,-0.7129135928632688,0.3210491787774621,-0.07480587598209193,0.17051941213499155,1.0720830213373544,-0.38696897703706185,0.5368591486672676,-0.08538101177020396,-0.04933704011484244,1.7045460462917665,-3.454823334607318,-0.5758845212965494,-0.40940495670599664,2,-0.025137812334277865,-0.7572638944627634,-0.7759829092063868,0.008685220383191639,-0.6310761886419911,-2.2285832384234556,-0.5091221065744067,0.3223811436077181
0,0.18915860132383777,0.5015731298878078,0.9460934555035252,1.0835365834890907,-0.8398285590791503,-1.4666688689307574,-0.9566479947079735,3.0473644336099937,-0.20905903404878595,0.17428138159816073,-0.40872777150397743,0.6240695430602818,-1.0310718529274467,-0.15465832167529364,2.1888470308497374,-1.271764797718085,-0.65175997996054,-0.3814644090381771,2,-0.11648102787836204,-1.1687142844738674,-0.8059790196663312,-0.13858845242106,0.03531494866069214,-0.5789876627283115,-0.33697479110637474,1.217225415436612
0,0.7880300943152219,-1.6162801617068803,-1.0664985054266136,0.12427372893273758,-0.7730564229052048,-0.7304428770850897,0.9894279653449564,-0.9853514171478912,-1.7809981017246694,1.6621362950964766,-0.0018124581902406595,0.0551471910056085,0.35736440345760434,1.0000071460418942,2.1065379575278325,-1.0037632053143988,-0.5430270529747216,-0.42565360741765945,1,-1.87737378862638,0.033393563887686925,-0.7075455804268871,-0.016020475976702683,-0.6590577509904281,0.2091234242483173,-0.892528399051026,0.20397479168265306
0,0.9148418415100034,0.21008066255732794,1.4328399239303367,1.1793611145803218,-0.42434131874659076,0.1668929942085079,1.1552107171173962,-0.49214568656061763,-1.147930727006298,-0.9217721779137624,0.29596957021290154,1.1880282785775937,-1.6153795518581588,-0.9703585637941505,-1.6392493183612467,0.49681457602776824,-0.6333052414150317,-0.26424067855962763,1,-0.2837108014018485,0.9172140712796029,-0.18928182163886592,-0.09576612317437441,-0.38930013288535603,-0.5991659484062449,1.178123790242931,0.7904219128804313
0,-0.12459801970124107,0.9632126175246132,0.722021364862163,1.6138046578152552,0.18118268872457222,-0.1724290293885139,0.5723370253747385,-0.001450048334632692,-0.3630749009815754,1.0853842274893715,0.2847861164384663,-0.05808175435073257,1.468837584351117,0.6686301265915234,-0.15943390769671978,-0.23647485947877617,-0.0736795419147517,-0.4340559953196425,1,-0.4836293219164455,-0.24461922605260455,1.6346017104387083,-0.13858845242106,0.13695457599814173,0.02911084456733526,-0.921412829416139,-0.42382604946536195
0,0.030601067894172662,0.14560778260617557,0.27168261863284243,1.2700441428632339,-0.7026045764357043,-1.305592435107243,-0.8393703368129045,0.5982053000135306,-0.06675315110269991,-0.6861035167588517,-0.03400879929389672,0.3099105234614702,-0.527315309034794,-0.2745915922767256,1.2839459994070084,-1.4135121674640634,-0.06206653026688724,-0.16737072182638663,2,-0.7981697647762266,-0.5558608640458979,2.6630289613793243,0.349266118610127,-0.44203514206816136,-2.0243330232176864,-0.568882397762029,1.664998154112044
0,-0.11838182245538356,0.15432400939770208,0.8202542602863262,0.7218792074723246,0.008726055771225358,-1.1423647092506144,-1.156042364495228,-0.23038897533026886,-0.05052751559326313,0.05706678024934847,-0.4847372686492256,-0.19503224675537298,1.2304240581787376,-0.6502291956069753,-0.2585951765365994,-0.904541282320612,0.016317291705388898,-0.3545015130715468,2,-0.39677549722545297,-0.11431059456469322,-0.020433135441675132,-0.03714844338952518,-1.09095311408826,-0.1372082499386037,-1.0256321755366293,1.4514385471715203
0,-0.9992145223681282,0.727363282084153,-0.4802894825520245,0.2241762437110696,-0.697078571111544,-1.226788359066846,0.20354351738081367,-0.31441304470653836,0.9626544528802803,-0.39955875405209107,-0.5278478907891884,0.49321965972108056,-0.5277024539120609,-0.2906958791613362,-0.5134091604264854,-0.7015756107948984,-0.3715297133929164,-0.18408437603226185,1,0.15401121900040982,-0.03930775360966621,0.45589145042272694,0.08137872577286435,-0.42997046116798576,-0.03722612838851186,-0.6827032547885772,0.6628844970719774
0,1.25372451821728,-0.0365305145522169,-0.26702660959491886,0.15347106295111868,-0.424097095173394,-0.1747189784215219,0.9841251246715791,2.7088663415393786,-1.8609072301726282,0.42481064590152895,-0.6284587847220962,-0.0707711130412138,-1.251462026103479,-0.4381679949638183,2.8012628035628184,-0.06068063325564774,-0.6065543145124548,-0.40082637965307777,1,-1.7956339361490168,-0.05839915364935988,-0.7933560181546162,0.2185511375013987,-0.21462318738062797,-2.024065084915388,1.564736204346383,-1.1093391565299568
0,0.03373570567533146,1.7659058700557981,0.6998586752237624,1.5315192847370516,-0.18514667277830543,-0.7603283850559539,0.5476617697483442,-0.15923909111214846,0.06337191493634287,-0.7086551318512494,0.25319143774668496,-0.0494919900051254,-1.605586192075533,0.20019458873713605,-1.276766145482562,-0.49444721560795957,-0.16778849397256512,-0.4887405899009316,1,-0.25989505720666306,-0.8633062609314034,0.864975743939492,-0.010376229014104725,-0.44226663581502024,0.0034658101070482727,-0.5793585244773478,-1.156458612154026
0,-2.6102229917081727,-2.2507999766634565,-1.8180973588929337,1.3988133985184303,0.9045434487546835,0.012223921455924075,0.7934022685157069,-1.7207625365110402,-1.4301281074858025,0.23979169862051672,-0.0500349525904111,-0.07306926390359725,-1.2714125857579894,0.015044358218058246,0.8987049125378972,-0.9458426784249688,-0.0504744919825873,-0.31641588130156995,2,-0.8652944847080168,0.7040864053701863,0.18762312639593848,-0.09770635037280355,-0.9932191861938949,0.14878154546428426,-1.21975314077183,-1.4254996967726898
0,0.4147803084124486,-2.3616063578464352,0.5159289431056556,-0.1294869629104763,-0.12058893326188891,1.5053697521054583,-0.11320595457833593,2.176572362254921,0.47130506780417963,-0.43841287481646224,-0.15153908653910392,-0.07686201005279508,-1.136207230812149,-0.16282029393711744,0.5045125762292704,-3.614910420944651,-0.49957673858963714,-0.03519487975116328,1,-0.5919269803370082,-2.1300693808490716,1.2062470069852869,-0.07677961981179895,0.019055564878248887,-1.0215819815801763,-0.49292403435086063,0.5836709355844498
0,1.0333397576695051,-0.058644501957812345,0.14142398187410082,0.06928704441636513,-0.48073572079992144,0.2863141180899089,0.885570794282611,-0.05634674245914573,-2.431695086992287,-0.32442005475058366,0.25125136240827395,-0.4864926840735378,0.3715267952320359,0.898475251959712,1.2425187904102042,0.16822193007968228,-0.45748535785289174,-0.3219490523554846,1,0.24402047931347332,0.14221635345520264,-0.1980932393549568,-0.13858845242106,-0.04600343879703689,0.09393404762995394,0.46257097834074923,1.3138459905478668
0,2.012835244353277,-0.2271533763007133,-0.47969768395351436,2.59951367970279,-0.789182519468969,-0.6629682965450201,0.9583295411017309,-0.24518025799264453,-1.8711218084669279,-0.6516768964132484,0.2505892842160516,-0.07066275337570238,-0.7915836931470626,0.00533521396070652,0.24802224691529484,-0.4921157748908688,0.530082261640891,-0.4952332017616563,1,-0.5822175960406943,-0.4567348816535648,-0.4538379963338467,-0.10728955422502595,-0.31115770046239166,0.7706110740804191,0.8205852025897272,-0.01767935320546249
0,0.4915160350456597,0.6670114531262412,-0.300355494454566,0.8643306158906378,-0.3402072017268078,-0.6185325650387259,-0.47480338885900253,-0.89583379839113,0.6580851552158254,-0.04325166195486281,-0.12627471537599996,-0.2572136940740655,0.4957242054409814,-0.14818680387943073,0.4176231441523448,1.2418695879530823,-0.055333479482269715,-0.24226517643684023,2,0.4592369404321103,1.7675877927373447,-0.10919556931701746,-0.045973534723952644,-0.3132001743281988,-0.5239670944368382,-0.5293917491782718,-0.16908445701064878
0,1.6850225701400081,0.4382859345040711,-0.7279050334397978,0.12968760870236629,0.3808514452469713,-0.6820247905579522,0.29615567689863326,-1.521811141200197,-2.662477120612105,1.2803201350929483,-0.06488356086021485,0.04993400665967475,-1.3879526067335277,0.7825007122597598,-1.2202705408739924,-0.2447721364406364,-0.3759100085704085,-0.4340429705177939,1,0.07056641137584538,-0.414877011533309,1.1719085079758012,0.08203014490830951,0.6322962933828808,0.6772573202525787,1.6405198210194563,-1.5991490595812683
0,-1.4327186389639177,0.30680616278507317,-0.1708073250105933,1.8984948587312251,-0.6413491414794703,-1.299687061633794,1.478594673636536,1.8068013087539079,-0.3837410674651578,-0.25307552788503956,1.1502299218335161,0.7979163858005838,1.491191350582909,-0.1698549716383541,1.1764410734853294,-0.177119014993262,0.7403573232117577,-0.3465488281196156,2,-1.0845288459966773,-0.08258402088813943,-0.30311699259699276,-0.06443007363051047,-0.7938969444960186,-0.41550839309193355,-0.17159007150446334,0.4091740492175276
0,0.45806130674679096,0.4742782797879573,0.35112055816165155,0.27038054366309816,-0.3766773464994345,-0.793540397322352,0.48791189506254673,1.1854810898890584,1.751848047755447,-0.3419417034581927,-0.28442262267730817,0.538714679925022,-1.284700990163021,-0.49152229255252106,0.7127121534515961,-0.7966214620788089,0.0325597594892241,-0.3167946487546078,1,-0.17627358193780285,-0.13043584233248043,-0.5237600495877244,0.017656986482832523,0.14735640370339131,0.8325813585095019,-0.011830302225695366,0.29872953871597235
0,1.3216495408846425,0.24386944165238156,-0.2667534770702997,1.5803302445782568,2.842189614916266,-0.49487154531599375,0.7879619468857965,-0.21897292668917337,-0.4746143908806845,1.9475217022766471,-0.07735962423595305,0.44445088134422556,-1.1103372849381514,0.3054723056260823,0.10498935111305266,0.010072451111810835,0.005917223738649349,-0.30562714946849656,2,-0.6321279104874177,-0.5065993064403789,-0.8138149608429552,0.2858185798003076,0.12560575947476263,-0.3459472079642756,0.29707957011309094,-0.08097671200566348
0,-0.0384759114530413,-0.3989018304480347,0.4091142190492429,-0.006740795969183644,1.091124662350588,-0.23761821004858835,-0.28818834723557757,1.0329656353195367,-0.20701219653055158,0.7849062285400525,0.19709379201465915,-0.9660595207840781,-0.6613715735050579,-0.25919987112412296,-1.1795223297162716,1.5881604406877465,-0.28930730676895494,-0.43653484538417353,1,0.28812404037580713,0.48758934013187355,0.39220338473033595,0.06331402949318778,0.4916321794533848,-0.27861873695061823,-0.1379271412755812,-1.0653679455675675
0,0.5417516938352303,-0.585438636473328,-0.2109964680723989,1.7556308915075498,-0.9949332550869247,-0.9647157455021882,-0.40429500031768884,1.9615066208247725,-0.21865032537664902,-0.4360364108037021,-0.39091343027053044,0.93151721342505,-0.47485381240771596,-0.6887615660330755,0.4561791350748603,-0.43471705610243117,-0.21472215126164576,-0.27589058686759127,2,0.5233800492395154,-0.24717142568803374,0.4854382358824791,-0.06709933767366408,-1.0073594195823143,-0.6050134876627224,-0.8826626561683332,2.2355434870982274
0,0.708633340847308,1.8018096310331915,0.31953388953701384,2.346885469213479,1.021326195573465,-0.8517588038792991,0.7123682432922164,-1.8041943836219259,0.3524739599411085,-0.7006928260973565,0.04321654847636702,0.10667838128464874,1.0595059197428136,-0.09709090534686625,0.10679939468732824,0.45564063208646643,0.9093403688093884,-0.20922244598823658,2,0.1766290880401427,-1.9907155534417953,0.750677302864012,-0.13858845242106,-0.4972630118843764,-0.21792112499427188,-1.2121845458204432,-0.5082031964343646
0,0.7226478911160317,0.832291452879687,0.8589665423793612,0.23544371261963795,-0.443637491958946,-1.3080557386301104,0.7500305116348094,0.2654731289513452,-0.6083791688749303,0.09631282978292732,-0.48360832066399184,0.5544273576753695,0.9414781988874023,-0.4927896190080859,0.06501002904116426,-1.048253134055694,0.5884895924525068,-0.33517093060999614,2,0.3642770310589697,-0.37138138717833885,-0.837083612328585,0.06053321281467593,-0.4215313713593246,-0.07484682555822353,0.49458472374479445,-0.45939009007197873
0,0.7134358447423921,0.579242239819396,0.45750905943240666,-0.837262982617105,-0.35924744381999674,-0.5505951241624619,-0.6015419626967877,0.8937853016234043,-0.9596914789175525,0.004921750537147718,-0.4831895081806523,0.6955331403408758,-0.231699099009741,-0.26828511983934766,2.2149415151735656,-0.7834261704067402,0.19055995406670673,-0.09377421390622831,2,-0.21476469020240013,0.11565702078612838,1.4335421815038016,0.022990389905193656,-0.5471639423838579,0.1842770063738652,-1.0060750522048785,-0.10991093312784972
0,0.580208245690833,-0.7487753972418516,0.9121309588146537,2.0623950123532957,0.8567267746385109,-0.015110038390104316,0.9417017644925728,0.7053508619089999,-0.4092514788210733,0.1462726398255413,0.6209101910942919,-0.17886785515338788,-1.5710145856164222,-0.2800000075196921,-1.169243320071926,1.7060626410828357,-0.2628423604924096,0.35557114709376425,1,-0.8007807121175695,1.3047314548283968,-0.4162205206347509,-0.08196284162674294,0.2817595455074957,-0.4088690227647551,0.9174959457564573,-0.6772185279220494
0,-0.29686812628710946,-0.1685932332276157,0.8900905031537092,1.5401127413200626,0.1315665138294942,-0.29478366149558544,0.602418794982394,2.1416947372357926,-0.08861395192406474,-0.4229838968846625,-0.16717664166794388,-0.03217613077244447,-0.914954582468383,-0.19108515220439867,1.8237732805372637,-1.12510439961676,0.15150828685419968,-0.5310443367526279,1,-0.9710658175644511,0.4924892703402195,-0.830140800681747,0.014974953498531438,-0.3067299628739377,0.18684465040746778,0.44342121843367754,0.9306651319508251
0,-0.9002026243994,0.6620297712312928,-0.4194962061926524,0.224445265139499,-0.4024661732593363,-0.6763972770357554,0.5723822895701303,-1.3754734204557029,0.2592625220809771,0.3623585588436007,-0.2354908975925879,0.098146905044939,-0.901990972482778,0.17473484980301285,-1.018524127727931,-0.06804529711640714,0.9670581867272561,-0.1997833460029624,2,-0.03301375149837779,-0.04846148361789521,-0.837083612328585,-0.05800912423845387,-0.2118254130345814,-0.18288868467799657,0.3122445104810079,-0.40457831317837883
0,0.25305155054259487,-0.24182015174723104,0.022609674400556334,-1.1822933499606032,-0.5539772010286337,-0.5408066042286938,-1.2250535783073153,-0.4672072187692585,-0.055272003451508844,1.3855071346293384,-0.0522892020545658,-0.03227305480752399,-0.07218628138318396,-0.7456846879692243,0.37913685244934703,-0.25667681090321476,-0.28923767143350815,1.146902069433899,1,-0.4169356812623255,-1.124248826698635,1.6186192445955823,-0.04924562948916397,0.3131313851165007,0.4902745027386515,-0.054768758548643895,0.4617018681360072
0,0.07214426589711505,0.026791105947576888,-0.40006721775765586,-0.41865770282678666,0.09073138422818182,-0.93990259412906,0.7413018733919885,0.34856282644197095,-1.4217001773875975,0.744077542375085,0.43746937974860944,-0.02864657675065439,-1.0344275464173114,0.33105070090282146,-0.7706897149262975,-1.0142572612724878,1.2420823871216171,-0.1340245305852652,2,-0.19617788651885867,-0.9016370181168725,0.9904720362137727,0.03929654846390347,-0.8006902085660178,0.02752867849429863,-0.8311926584070205,2.070971382562168
0,1.9414173571340017,-1.9702233631577974,-0.6322775346368925,0.594513285935256,0.7302607083236097,0.7387772731535205,1.035078502194088,-0.28845138665938563,0.3550705485599232,0.7865212056533764,1.1249491552323156,0.5185958264699368,-0.9134365109425242,0.03098744887195992,1.1473293102773363,-0.5950712015172649,-0.3396668649511775,0.6063568489191157,1,-0.6653472833178133,0.6164196652376951,0.7212093991554501,-0.07667435614492787,0.457237927115875,-1.2283515450006686,1.6826119016761636,-2.107008632557255
0,0.5574794039147685,-2.541731662912902,-0.6494286025248819,-0.5900021239345778,-0.14960170469027012,1.6423143874836175,0.9079329819516728,0.6693685472162121,0.14931835671350766,0.956000180910117,1.2769824371738077,-0.16127283632600184,-1.5618168118620455,1.1956219553056906,0.8691055980307234,0.8678718128487926,-0.10231488712503556,3.6197592482222176,2,-0.33535788956956114,-1.0141206781679553,0.9240584197378043,0.023406115808191963,-0.4028005247785681,0.6648202729497574,2.738637324877675,0.7549164943629707
0,-1.281124710581545,0.27323312793940013,0.6898265783009532,0.9856534075482664,-0.5220385248060333,0.9513995963068426,0.7598226473749198,-0.710377472418201,-0.0902998069225846,-0.1510614549383833,0.34405358661911184,0.2809234509347445,-0.04670450588678843,0.4104924309907903,-0.05334598103780255,0.742147682809924,0.011707971241322473,-0.30592280932219995,2,-0.24395291545731584,-0.052227392290599584,1.053534157262448,-0.09480365147909917,-0.7981807973441677,-0.3560969650846416,-0.5031158940144242,-1.1998833440840666
0,1.5886946724574278,0.5233304981422308,-0.9746872975760885,1.7324932352473887,0.14504040106274357,-0.539959530997858,-0.12195792529845018,1.4114911103326246,-1.4567445925237925,0.3686973015465175,-0.3556943403290713,-0.3670656398890865,0.44209246225113763,-0.2839490171379478,0.6239874691267216,-0.3126251023849001,-0.32316367158387554,-0.72520850861303,1,-0.4996338619833117,0.35162522351025716,0.4819071515713364,-0.026544937725438745,0.0729672963733614,0.32008953265714635,0.03985442928385166,0.8033757557949905
0,1.5866140305088694,-0.3612141397683065,-2.509586913089914,0.6265305619171934,-0.24107461784814793,2.094815852002519,1.0453640896807153,0.3501739205034728,-2.042113541045374,-0.6646359664987942,0.3601690382773004,-0.27576559500201053,0.2652378159464641,0.33123252713991713,-0.11041839644194673,-0.9837830701004534,-0.42599505692263323,-0.08584586950250317,1,-0.48683747247199516,0.13892839499696624,1.2362678212733504,-0.10220587809748377,-0.31762183234876196,-0.015910332445918274,-0.579698728810354,-0.9310027112617838
0,0.18247427044417838,0.5784894308229542,0.21752946068808166,0.37357366775058665,-0.7395880607010951,-1.5379853456228898,0.3003890148738998,-0.04181604906163494,-0.40986367480035085,0.45402417838411446,-0.6452421626306422,0.8837082222206651,0.6407344705974104,-0.7199898234190908,1.8550289362804828,-1.819972982174161,-0.5351180878955946,-0.3874641284540829,2,-0.7724617048761407,0.059546377769984754,-0.5889222708996517,0.01791358990902213,0.033477922223688616,-4.46430769387018,0.23791633265047019,1.1427279732859374
0,0.3093119135284955,-2.4027133546017865,-0.8604104853654038,1.02873371738818,4.47856908994314,-0.48573018651140487,0.03437228976365414,-1.5430667076875288,0.6473777874643813,-0.04180910050599916,-0.5148894689409532,0.6996458489351243,1.3736021399067129,0.24604381404456815,1.115629764014168,-1.2549059071916653,-0.25480287053355766,0.00945806281848538,2,-1.3080474075618098,-0.6055838705616078,0.25299541307793083,-0.06974054184800525,-0.14145844913842678,-0.12616826074158008,0.8742290714936394,1.2357770583627743
0,-0.08507478022623428,1.210292928843333,1.0954737451868581,1.2522113773841708,-0.617691811998181,-0.38349568127151873,-1.4254110539518665,0.33974771928042014,0.5516778203615008,0.5285603124197757,-0.36400865123460546,0.7412062313504751,0.6563887983806278,-0.4484771486515646,0.19288255127918746,-0.5042711022584745,0.9257638899340237,-0.05609653845807297,2,-0.080831531312192,-0.7300696011049833,4.05580278662065,0.00638289034766721,-0.9639491482647805,0.2757478030652435,-0.8291096102180071,0.42148786898408835
0,-0.10535175520528844,-3.1146828681074377,1.306410600067959,0.6098163337921071,-0.26889586017061273,-0.6702284227232701,0.6137260625411656,0.4021136425483911,-0.7081019302942434,-0.03381510632510873,-0.26679247349980034,0.414410331304708,1.9358846344892093,0.9231733130064832,1.3986222341317993,-0.37315964626552445,0.056626533802110385,-0.44207896742740593,2,0.6015097178215623,0.7269822465451171,-0.6627918050351136,-0.0611032561879597,-0.7376167276920182,-0.46835104230831537,-0.9780307606048234,1.1781965407008337
0,1.9868545131878061,-0.3531370812433135,-1.869795471544698,-1.2023111306978385,-0.18543171466070743,0.10091234683545947,0.8584033017941549,-0.6140673397134265,-0.46402160578454227,0.6939247408545386,0.543419411524003,0.5416402806331468,-1.4408389689478414,0.5913925450844699,0.9977546029062593,0.5912947306728038,-0.20346363631527747,1.1400078251033847,1,-0.3402608784729947,-0.851172418501792,-0.8236508674772323,0.036304719339035924,0.8860065428186019,1.2233789753109057,2.4147766759030294,1.0549562092370641
0,1.8200318915960085,-0.06972409565147161,-0.16277017443266698,0.36191664548513586,-0.13815514775818408,-0.6300628753327164,-0.7638472979192793,-0.20379559226369034,0.1330277188604903,0.44931068558490606,0.6398527814572877,0.3784422742388125,-0.3993962260727457,-0.198378874070628,1.1314544064661183,-0.2943388062449507,-0.5133939598689505,-0.01310240514816896,2,-0.4235656890686405,0.9366592637717199,0.3662757201205684,-0.06625834693622848,-0.15720842468832075,-1.0750472807864941,0.6012903205792391,-0.5629039281818786
0,1.7830899455326965,0.24163569542224456,0.08608519339634124,1.2923662757281789,-0.540223071468965,4.353072062929877,0.7294054431007517,-1.7482723215285842,1.1052448307499003,1.4509596024625604,-0.31923874342766595,0.5210723407801783,-0.69982085424523,-0.02578495120689539,0.08893064202129408,-0.6046178946086617,-0.37435057396614424,0.0650087707425917,1,-1.3549910578243767,-0.7107473739187545,-0.8313067252550083,-0.007864032993874684,0.6408609197767318,0.35781136549219345,1.620326914412743,-0.5388508221923459
0,0.00392916741734578,-0.0519941449227847,-0.8776900695460088,-1.4741421604300595,0.10582942292483964,-1.0399482708001706,0.699415870416988,-0.8917042400558062,-0.3592416459642098,-0.6236445818180789,1.2587784886790794,0.5873992955227914,-0.8462907149960162,-0.5060411336240932,-1.2521279901252285,-1.418856162312647,-0.2280382707295105,-0.16186160843563685,1,0.17209228995811618,-2.3963570867740445,-0.6752847458128539,-0.0011596720047982387,-0.5029146365641157,-0.3343443013529416,-0.44827505100588816,0.4614679147135312
0,1.0524639086428949,0.17612379888912344,-0.7743831817299294,2.290891108515603,-0.23107635411047323,-1.2480858159729693,0.9238233242345826,0.22694327993475494,-0.40583592189931506,-0.6214780411996138,-0.5739754525193577,-0.05185714172590833,-1.78526162662461,-1.2179785949503366,0.05780800679126635,-0.03569201358201046,-0.620819663637681,-0.49947472796042874,1,-0.1406657781202411,0.324611025181213,0.6336891791816485,-0.08840703296779141,0.15210053001248314,-0.3453747387204602,0.045980890024693855,-0.9778239877438069
0,2.2199165560715035,0.2947518241515012,1.0645295743992937,0.5857150968827806,-0.47483613059974034,0.2647660107795258,0.6805170990198286,-0.13441095671719439,-1.6078236781713666,0.23711168269693106,0.009347590458741228,0.10348159797185741,-0.8957415030049614,-0.25957924689765166,0.16636508169097292,0.010932317448658191,-0.5591299453451778,-0.02542843717163923,1,-0.534210571145873,-0.36651047985203844,-0.7220994617806388,0.2156427184819021,1.102680102796685,0.03818355561809872,1.4848442250462108,0.22327171590601094
0,0.5923317007821687,1.2837355524710574,0.9005794877781081,0.35447398909503325,-0.42777204996007556,-0.3629438516268634,-1.3325341254131686,0.9058592517755547,-0.3590466082255343,-0.47070101888191285,-1.0182646756228362,-0.06455852886939883,1.8380616750595273,-0.9126770519492213,0.14768724458327942,-1.07428034335123,-0.004044882761726709,0.010206143392063993,1,1.1686859702575605,0.3720280540032892,6.105525564590701,-0.0978243236492698,-0.5642781650894348,-2.0697244487031723,1.5057290156343897,0.027207891216122215
0,1.8642740448653652,-0.8614133410122669,-1.1930543616328457,0.7374349381116645,-0.5554137255209375,-0.7686240565037656,0.7474252559076188,0.6267976363906453,0.08938262864909308,-0.28681177766402044,-0.45811151647431236,-0.23661948321760415,-0.34823495121180204,-0.7618985694716207,1.674601898893368,-0.8529899756402228,-0.65175997996054,1.6937335285553348,1,-0.19106407163422698,-0.16600669724421557,0.3390553008045258,0.14425636811201956,0.8420142231018936,0.17637009161966322,-0.04914965447043179,0.4042932263318876
0,0.4618062213910499,-0.2703053751619152,-0.3398363531021844,-0.7736064857343014,2.462077966559783,-1.2182016772940596,-0.9111122022605578,0.8464137980045936,-0.39470060305459354,-0.12276720581406242,-0.44277054344217703,0.3042174308191384,0.38660663370201276,-0.46107653246257685,1.3699041182645906,-1.0772829126490335,0.10252273954382547,-0.4142712313613093,2,0.25582157517541004,0.0830488711676157,-0.837083612328585,0.10375823905849621,-0.34350591622712034,0.2182338210603139,-0.16463674596372013,0.6032215644227076
0,1.7786942564948371,-1.4369073154061986,-0.9994550117789935,-1.3833833879068385,2.2844826360271386,0.8417813609974434,1.0626678417477733,1.646375508563754,-0.42229616069340015,-0.02693512516248922,0.2655958397627462,0.4656120317274514,-1.4580333871238031,0.47866512928264937,0.10475661308272222,-0.35723309890495153,-0.3585171311967023,-0.21386999302327858,1,-0.5199780136409816,-0.6571517288208212,-0.6752662804103609,-0.10249552682505575,0.3889355175682284,0.49515227050091065,2.129897412242569,-1.1383609132612316
0,-0.7065027436078255,-2.0451204101605995,-0.6232731839542944,0.30022873534426364,-0.25121850073656526,-1.1493166629694036,-0.35377061451435265,0.969051338363464,-2.187385612139218,-0.1383372648553946,-0.3163059413539709,-0.3732685914071188,0.7804302811276387,-0.5245828908063107,1.4180661750049712,0.2487660110450509,-0.65175997996054,-0.03661403768042598,2,-0.4862107139538954,0.3562766086056469,1.5686493738494034,-0.13858845242106,-1.0661816193975635,-0.3586903804150368,-1.1794794234583013,-1.2137252502723923
0,-0.10564025690881848,0.006486283399838144,0.21434767566637974,1.7190167794806261,-0.46082140311298647,-1.1726166396738154,-0.30853971755546217,-0.12292182009633212,-1.7114412283495062,-0.3888917817330103,0.09979473663630145,0.5700110236612554,0.6935628160407967,-0.2116395297398712,2.6456024355438106,-0.8339830462335539,0.25403198633279495,-0.3622444789246517,2,1.0842901740525557,2.350249724238185,-0.27701870383322896,-0.1104602830108102,0.32385552720245925,0.19179119081343052,-0.2009171302125706,-0.07276500479469084
0,-0.23574852525482928,-0.07112178844695982,-0.030371562718727967,1.1829280626384933,-0.5185028800299329,-0.7000685712598657,0.7029792796518892,0.5906364008577427,-0.965696537915684,0.29460759570568307,-0.3980275567025777,-0.3472852340849236,0.362537778467108,-0.20083911605718466,-0.279814083753968,-0.22701372963183183,-0.4544404985832884,-0.3466497703339424,1,0.1804172472482095,-1.1934223120684797,0.47749361793384515,-0.04655471971354786,0.08094943282233275,-0.5953217827370141,0.6390294667215839,0.6214563652593981
0,1.134256618449795,-2.6946793663043254,-1.3633682862627514,-1.4548103345751064,-0.7881912953432287,-1.2038593114049978,0.5725193517402823,-0.02122238579881286,-1.7368550474241937,0.3816953801645713,0.19635306911188857,-0.1795784865565932,-1.6206395017347774,0.3084182195448152,-0.9539076373994122,-0.7048610844383127,-0.6410183709162098,1.068962919442826,1,-0.537710361282097,-0.8116009527816396,1.0598166001016138,-0.059086770791695,0.5088868330199524,-0.4792622179311694,2.4972330237334277,-0.970277763354723
0,0.46712013012070364,1.3243562306476706,1.3135752072928168,2.228675530734916,-0.40089340209670643,-0.4295520459046849,-0.19343870414262676,0.6649536738860065,0.02211124397265929,0.324668739959878,-0.35215823226799337,0.16059748932219559,-1.0299721296713231,-1.1268869414476674,0.7556820838214088,-1.2678338601516637,-0.055372120907322395,-0.3044988557695454,1,0.2536700653501856,-0.1932408461781188,1.0536457144782005,0.03397787130376701,-0.44502347376594875,-0.2714176682103002,-0.22948871380242164,0.32070962045597223
0,0.7172167725372818,0.4658979568658368,0.8652415863785763,1.852961424244707,-0.4963704546062073,-0.5226369238500623,0.8811235826770913,0.8681467162200778,0.6109810402349228,0.1396558201408946,-0.11078647360668639,0.5863018626983947,-0.6592963350073043,-0.2612452455566844,-0.9329396170870228,0.955107594313714,-0.17699788694467983,-0.37351962172162095,2,-0.7200598298908263,-2.1511850791865674,0.07547551500313568,-0.006458720085101705,-0.6589829367028086,-0.22541349236793143,-0.9853736395157073,2.0140380751168325
0,-0.24611568342959889,0.21292488924823721,0.13814039365999065,0.601569351862722,-0.5925065937066687,-0.644576415523496,-1.5255126160332453,2.5933520103129917,-1.2626836363595548,0.16492585779280433,-0.6462334238988556,0.5175961036147577,-0.4546363499233454,-0.5212226202390104,0.2882313418734266,1.066905199825371,0.3180447030026933,-0.3074812722882826,1,-0.4864554893400778,-0.6992308055935719,0.8938641631839692,0.28453009589202505,0.40158793929347675,-0.14993465153402097,-0.2567154997401561,2.218120317712864
0,1.5815527938706104,-0.1470168235966473,-0.2379014950867678,-0.49161098577505585,-0.05113337303323462,-0.47164899783004943,-0.6063105724500881,1.6999259222601388,-2.807105216258575,-0.9806024539716447,-0.7400074653448133,-0.8188618043584375,1.2887406514831399,1.0380957953002872,0.9490851039681778,-0.32454715605589535,-0.12375022852611893,-0.07998897231432606,2,-1.7868257142405863,-0.5996474271589937,0.11737433849070622,-0.019716002626928165,-0.10824507476240927,-0.3429336250859812,1.0497949232424066,-0.018590542326103354
0,0.7611591867344145,-0.3296997583900411,0.6486987577957176,-2.6683351250678053,0.19426372976426198,-0.8012359469564415,-2.3591156271605596,-0.9803395059308464,-1.2450482388085833,0.5061418217530026,0.05988830621045321,-0.010162383052093743,1.4271598192927355,0.3208629393381412,-0.21482514864641356,0.09469518748954708,-0.4920277782574588,-0.171928088884086,2,0.1357244182947931,-0.5250519926713785,-0.48453255101234205,-0.040030228163731515,0.24494794925649593,-0.11439818703032051,-1.0857217419909102,0.4153829700662848
0,0.5204053565116098,0.307866759263001,2.026221748334921,-0.06713481547893504,-0.4623602875982664,-0.8357812916826541,-1.8886883474217058,0.024473293125882645,-2.9607803402440647,0.029134385986969324,-0.7415679148629667,0.2873826884576354,-1.1678907747750846,-0.5903333998554315,-0.23478010580809316,1.9255962912282332,-0.65175997996054,-0.48258023641775116,1,-1.1881245580141582,-1.7044065502841574,-0.5901972467788865,-0.018840446118195985,1.1086053601178245,0.4115669049802408,0.3720656835607292,1.1728852265878944
0,1.368762797320556,-0.049883989466421474,-0.3888597323220383,-0.06881921127656776,1.225559292086023,-0.5717828073623235,0.5462942961240912,1.3082080417267719,-2.758894673412613,2.380113378782528,0.07361609108119313,0.05845236841597612,-1.769089687500124,0.26361734260493014,1.1337026668648882,-0.8406987191105172,-0.08215613953827794,0.48669950755856295,1,-1.2981592610230919,-0.10942913340380794,-0.6617010297186804,-0.012679628599745703,0.3434346185929914,0.004505322426195585,2.2516967941894506,0.6796181354053259
0,1.084359330089587,-0.47792517787487504,-0.9644865388688619,-0.9510410820733715,11.6700423385604,1.536039213064376,0.5149305464628446,-0.9728345119029476,-1.0184048950376479,0.8721373529271995,1.202984928862807,0.2919640884603735,-1.7366686558166036,1.2651818619851574,-0.4056406470242353,-0.8204091128174277,-0.4351776123834954,-0.5103318974736791,2,-0.3457046310500733,-0.8993740354104961,-0.837083612328585,0.14959944998829744,-0.3441900804971507,0.7513195897921612,5.946715050237714,-0.19156659965710138
0,-3.1700959802885067,1.4166357631454667,1.7349193957286067,0.9706877873930383,-0.045866693861468966,-0.41766022314704754,-1.7747156643882385,0.6640349777159389,1.478020800807128,-0.360682402234496,-0.2557531398099758,-0.5559825703298866,1.7106997748292454,-0.04506366972984982,0.08122133443259494,-0.6519920281259909,-0.40067323939181243,-0.19419043492297117,2,-0.16959113042972598,-1.1704305511376454,0.0769937597077997,-0.1344590447158518,-0.6786057278214028,-1.243159226864879,-0.9858834309439839,0.7507176786274475
0,0.9241460866879606,-0.1819083473992889,0.8636282953539229,0.0809131029122071,-0.2056476210181761,0.07994179361215392,0.7769866799452115,0.5133588762982747,-2.6507948379077924,-0.2381554795973273,-0.28780186208565006,-0.45128295090112114,-1.5741779479756857,-0.17342074959894213,-0.24243537616809518,0.09792295208001267,-0.34777742715629656,-0.05566271480147353,1,-1.87737378862638,0.9210367447844512,-0.6460912181025794,-0.09924597092994125,1.700050684980992,0.4164183632387139,1.6855547262805572,-0.6183367748995583
0,-0.34582459760970097,1.8770266605304042,1.8304484365333447,0.6613862635457209,-0.07600008063154251,-0.6362058904212621,-1.2928381127007575,-0.7557977153333492,-0.23507164767564087,-0.8701256835079625,0.2443265441378045,-0.12942471372275954,1.0497654474887328,-0.17196040576979538,0.5814491833178866,1.3646202226420063,0.6837351853696035,-0.42532599595020454,2,-0.5508939936645489,-0.2359287696477763,0.01038624938716817,-0.13858845242106,-0.418416098605799,-2.3066018377111335,-1.0161304748865319,0.20503604789137664
0,0.13963928425863253,0.7286508310408764,1.1534349458172355,0.1253035663263944,-0.18096791548479105,-0.40198061882740854,1.0879918528799712,1.4453620290038502,-0.06327676011712247,0.2912543939332272,0.24266973159145888,0.017673800005661933,-1.400678069472559,-1.056251339867238,-0.7225081062234444,0.8509808505586385,0.09222860342132568,0.8832289818232896,1,-0.576065127871921,0.22923849008430552,-0.5638583551801503,-0.03112263871589868,0.7774362138043636,-0.9768713978427235,0.040166092258841074,-0.2889092266293718
0,0.6714411212201671,-0.04522394427680697,0.8678812216694677,0.9860031342826687,-0.8144246723456421,-0.8530955101666331,-1.1233038057743672,-1.0797881373003997,0.5796795636080763,-0.39092615881682086,-0.7747531615879508,1.1112100840308892,-1.135451782097631,-0.48264841529368424,-0.1514997200148882,-0.8264935529424242,0.04569631604037424,0.039435327895266326,1,-1.3914948931511906,-0.33043438330349406,-0.7387102424622778,-0.13858845242106,0.8009807946070568,-0.2532721537908833,1.822986368840445,-0.22851312012568153
0,0.21160866261885625,-0.7414189862960844,0.8990589877656645,-1.8669505790353744,-0.2942394018906054,0.3285979321897697,0.5334919171016388,0.10856394369477473,-1.6243479401006027,2.177258154673564,-0.6787725875454329,0.26986533552796876,-0.6277051745022094,0.22033974332068668,-0.26077735576868183,-0.11328956375337074,-0.65175997996054,-0.6552290221373105,1,-0.9996837159336196,-1.4542142503928877,-0.6972701805257884,-0.06808097899795151,0.9709171803939661,-0.4252460873460528,1.8008088409198995,-0.34037220220029096
0,-0.9015973763680651,0.1749617872392955,1.912776791536735,1.1181244302659301,0.08809456228725038,-0.24230577102641304,-2.188587819398088,-0.4989160700802768,-0.2637808419813888,0.09444233187908145,0.05272228187102501,0.39937033901789404,-0.09424246279996845,-0.21283534697608708,-0.26610191474925354,-0.1439274303262873,0.7968078889611534,-0.5834725103440492,2,-0.2940175313785025,-1.4999141840578667,0.25740405446133663,-0.07941400085762289,-0.7539267413681978,0.5376344394131598,-1.213748030091478,-0.37718294142859443
0,0.3718205052896604,-0.3556968467915492,0.026830724192382638,0.346880316634975,-0.47929394750425136,-0.5957538387994239,0.7259757721946192,0.5214512084924238,-2.1031143520016484,0.4228341845309781,-0.013191296569645197,0.40528539234510574,-0.9998084774337901,-0.34077403181481547,-0.12275901223378172,-0.0245307620419188,-0.5265791487906348,-0.0807685456845639,1,-1.0354564550990704,-0.2882841028413113,-0.7543361776955515,0.0022512878630836577,0.43734301209839865,0.011723118172379032,0.24332298563432958,0.019441344121552184
0,1.1934064557896467,-2.3786607944261613,0.7722576559587322,1.4806754472939594,-0.44289910719914655,0.11513259377708507,-0.49257096831498126,-1.1447995287241701,-0.7582744893889748,0.04663491704693987,-0.3073972844834896,-0.1513175645837806,-0.2443638600085342,-0.8792849233218542,0.0020713190984199548,-0.6929200543946755,-0.3600678819789334,0.4343751964065183,1,-0.5531749041893613,-0.0012743857941734937,-0.017211115348010786,-0.13383828795411856,-0.07792311049746686,0.353178022476365,0.36050758626983176,-0.3940250852021338
0,0.6264321621184582,0.5029532572270187,0.029986741641832237,0.9074308945434064,1.3636063361007102,-0.6790246897593071,0.3810661938514754,3.2652688428694088,0.19391947959651828,0.15303264234708958,-0.5045460760155753,0.6896822988036309,-0.8965366402286885,-0.28822737016452427,-0.2890481199025143,0.39446272633422585,-0.3512513535056835,-0.38472480118379837,1,-0.7504314273113687,-0.7679477102634321,0.7069045033041598,0.02064617021155378,0.5725852968837629,-3.3334262647047987,0.12090577167664285,0.502927833241043
0,-1.5134196110103781,-1.5868252689749327,-0.3726080744465252,-2.608428865435233,-0.09688165704623064,-0.3163663333814061,-1.8831981345349877,0.1926799763891749,-1.3465719752287333,0.9516656557508232,0.41160097091227227,-0.81920975504125,0.35125420497581666,-0.1158004997645008,1.4725688480255663,-0.48295115976876823,-0.029965428398091673,-0.49352082006770476,2,-0.5829012093065284,-1.2880098088211234,-0.15482730466551942,-0.04462853352474802,-1.0309346346179933,0.26146378683226845,-1.2044939306858442,-1.3464667325801956
0,-0.5546789688549951,-0.03976732813169859,0.15405294649000656,2.7010383112883627,-0.9429833410222619,-0.6142779890623375,0.8478716442464869,2.149180795178424,-1.8562847243856315,-0.14848671068526326,-0.47117205151693625,-0.11956406110842921,0.07720297438126159,-0.6475581367251014,2.9062942530401887,0.12290690730932252,0.9135524203776137,-0.45290223595250567,2,-1.2305422000891229,-0.721029894582241,-0.2911786981913962,0.046732643114529335,0.4765178436890935,-3.5865525045442697,0.5260263116078066,0.47595858032204386
0,-0.09820909177980156,0.6065072799779824,0.8748206048950751,2.1966618574896755,-0.22774200406347211,-0.7843480069104071,0.334485524520852,1.1310226562796035,1.087070990544985,-0.49228824946573263,0.00034827210903243255,-0.3048983197935955,-0.9585503281787175,-0.6894285992247169,1.5033215195921876,0.7256578401932959,0.5734044546307594,-0.31333661783397426,2,0.6910020954658909,-0.857398356046652,0.605946505571569,0.2249033226030323,-0.5955323405820314,0.22520804016112628,-0.5748870367066549,-0.8285305440116753
0,0.9792617480020767,0.15345724141887107,1.5958022998054755,1.6921974532103916,-0.5352866367707751,-0.8615187191340199,-1.7658023284139095,0.08615811913987326,-0.24689648588242719,-0.03156309517338429,-0.8001791613398881,0.6822065435642682,-0.3553801343391565,-0.8446237543175973,0.4030926586528114,1.1507342686407227,-0.5911459415913013,-0.423271765219973,1,-1.1162537464334163,-0.026614668025102678,0.44512661444348045,0.003248114900416571,-0.670279361054424,-0.8780814932309953,-0.1748060109646615,-0.7308317059561276
0,1.23967993253179,0.918969819152851,-0.2692011395587195,0.012525327259636048,-0.16447849515659213,-0.33860815308795833,-2.1780476698451228,-0.2576084650433046,-0.13771035542996984,0.004196001999598242,-0.0786383016495746,0.857347134063424,0.7964303003737245,-0.3092648158902185,-0.9454633154049532,0.2989365618904894,-0.16240531000780972,-0.1481740168774836,1,0.4504606006541003,-1.3790039131480238,-0.7905273770271701,-0.06147075384533596,0.20094983867826294,-1.861221967056679,1.107292351596325,-1.0488289931768935
0,0.2938949006913385,0.7987330353000728,-0.39018646752668334,0.28644581397742774,-0.23056098873262895,-0.7007622484327722,0.6786215528349944,-0.5257610140636036,-0.07938513005739123,-0.2594313272510811,-0.5454383607298574,0.5967243345408312,-0.7950700113934168,0.07564661616132015,-0.836611584601415,0.13513629297629615,-0.14494008012134835,-0.48349508482715386,2,-0.006306947103842581,-2.121696198600174,0.020399087904942007,-0.07891181471332148,0.021663786606497426,-0.39416545590342245,-0.2627129974684258,-0.5604893084545493
0,2.24867707487614,-0.5344804990086862,0.9948070383270002,0.7856656823774972,0.5373648501177293,0.2546451341999275,0.9133863035925115,0.1419198238195183,-1.758977200908428,-0.15313566163905434,-0.5464648714732141,-0.19560921233757983,0.42589093186497495,0.20012587658341774,1.532159166266676,-0.5336434137992664,-0.5329741066213267,-0.26643480138480047,1,-0.38254551918367974,-0.3164384908025803,-0.837083612328585,-0.13858845242106,-0.20134019660629696,-0.5832858905105001,1.1525497204696495,-0.09876299453554933
0,0.2595520245897899,-0.24200628642951977,0.99449440769052,-0.7492576798781327,-0.8530401788837647,-0.4092160427737136,0.898357356404687,0.030197046330144306,-2.9233712596144885,0.6877707844171209,-0.4771197006267878,-0.077073856117026,-0.3655114081793278,-0.3705677414807931,0.0725771862829151,-0.09802830238417182,-0.4005097777828516,-0.5325162832819836,1,-1.2186119740462975,0.4293935343653694,6.858176389211614,0.28446709151358973,0.7004693620675847,-0.6404371220245356,2.0501456481772937,2.355891076854566
0,-1.246013445339165,0.7573347690147183,0.6574530539566384,1.7468268207915747,-0.7624691828834339,-0.4087821358602299,-0.2232692094012732,1.172191212098082,0.0668865186551667,-0.41210167551017385,-0.4673350517572079,-0.5840446514908348,-0.5248715096645565,-0.5497934906815503,0.5874289025428713,-1.028573226343565,0.2799146268658199,-0.33266155141737513,2,-0.11867921306738302,0.6948676525285675,-0.3904883897934053,0.2680449432282098,-0.8771937228890113,1.0278331119996504,-0.616839412297387,0.25975761653445906
0,-0.6093449441349257,-0.7546286690944978,-0.043146601213605806,0.07929041636259604,-0.730433323658364,-0.9803478866104807,0.3713622345241773,-0.5971421742241748,-1.8362337975074328,1.8718481508725098,0.24041074714614347,-0.0373470601328303,0.613864593400002,0.6314006921060488,-0.3985218470749597,-0.49652818049400915,-0.2801672172937165,-0.3005116900250547,1,0.2002125784923921,-1.6853128073611643,-0.5621884447239488,0.002950387588680166,0.6585447323292466,-1.379732013389058,0.03264358685160676,-0.7122374950780208
0,0.1823784164763709,0.4224469493268895,1.2800350274208208,0.19089061025140153,-0.7625688972416567,-1.2540476981529844,0.6656838396872471,2.2708415109878155,0.5012881695512688,0.254365644946102,-0.10118081556984515,0.1980494635519488,0.2679421746749061,-0.4538488825971,-0.24395337117393623,1.2347481668386164,-0.5197480835811118,-0.51975035836514,2,-0.3641427924785877,0.5951997327021934,0.008866578572793937,0.28343209564377647,0.6341811365389973,-0.1044593871195599,-0.010274941343317856,-0.7178850977061455
0,-0.9270120103925745,-0.21676922680768482,1.068197471743585,1.3020006431855384,-0.41849632165857753,-0.45821993493263546,-1.3510246092752156,0.8063884554000458,0.6865930928381347,-0.2878117845343659,-0.5091564870184185,-0.37824697404819285,-0.3773435648417722,-0.39917311145636075,-0.27683035867834316,-0.9727874500516411,1.590072318477891,-0.4894693671424887,2,-0.28810423268141205,-0.1662989707960927,-0.1408664685196317,0.004718588093213828,0.7600852202840719,-2.3084749402652784,0.014242615894214772,-0.3128343846488722
0,1.1716318035977382,1.0835479458169446,0.15701065881655285,-0.11322536549182663,-0.45505066634969943,-0.8867476467449322,-1.5109285480528891,0.8232365768403165,0.8259742562556696,-0.4702346413787482,-0.8483819703337481,0.9673098509764286,2.631532384107887,-0.7620382291719008,0.0711789329929956,-0.5529215525024209,0.026135106008744108,-0.34505275692274745,2,-0.7139072284042332,-2.638706133062057,-0.7746018398718051,0.042907178782539634,-1.09095311408826,-0.749742078582327,-0.5465717167036347,-0.5344997231671087
0,0.7632066087405429,-0.2901504429460884,-1.6236490941470203,0.19704244387604364,0.015065590820826757,0.4259436106633117,0.8604256520869404,2.823435616085023,0.10063395871609082,0.3690847317421695,1.1703369814742057,0.8094171292740207,-0.5544746659735545,0.9851123007361827,-1.3632026454539212,0.6756481581661651,-0.39634726221662037,-0.14303823330389218,1,-0.6429569384533202,-0.6207769679095874,-0.837083612328585,0.20001892567755244,0.4723810552071986,-0.47914833748389846,0.742363972629137,1.0894162074909794
0,1.6414902115360654,-1.5442652430531343,1.5171028305974632,2.5406893581820538,-0.014163147906383733,-0.8611161017975166,0.9882689762391088,0.8356945866759465,-2.378998337310172,-0.17702760839164638,-0.008738994442694825,0.4753944255373712,0.4308606975858528,0.27073072177643076,0.06560681392170525,2.2975125929769025,-0.04326891403571703,-0.1541964765676121,1,-1.1046907661413734,0.4000983228228344,2.457205096082994,0.15817437124721695,0.5489800056557209,-2.7019262647886415,-0.21062005601108416,-0.09533492053177217
0,1.7446247922264986,-0.16242553287544903,0.8005265208641884,0.6294899364786541,-0.28067995732427387,0.5312699432881262,0.8415863395393567,-0.9138140849333589,-0.5143467266935969,-0.25592538861067926,-0.012332211378254299,0.3355389430902066,-1.4573404295669983,-0.09496353879668712,-1.3773195607380575,-4.766180875330431,0.32333011905835796,0.1944473548857063,1,-1.6602383459466716,0.8645785457138604,0.8609607461623434,-0.050809459692911944,0.155164800256542,-0.12283904631147782,1.6558966972226195,1.3743328593919575
0,-1.3405221406601655,0.15289829842929265,0.6976897312827016,1.1570119814022812,0.1873927049858345,-0.9086981097090754,-1.4672488706027844,-0.7091127203626766,0.47223571988908153,-1.2350105910393219,-0.4615511051563961,0.1990154864789665,0.04978890444266568,-0.4357028008600335,0.3973890866782783,-0.954311136802729,0.5601528882822275,0.09237366354583548,2,-0.7881736768418304,0.2652718380462832,-0.13435585680613943,-0.04440386027456228,-0.9811118502893724,-0.7664519045370604,-0.9363933179007858,1.388137649343011
0,2.084842702247854,-0.2904316989162582,-2.1340219509075915,0.8759957093835691,-0.23693726642129329,-0.712356224678785,0.9862550986560568,-0.23089204846174632,-2.288555327841703,0.7867110711263324,0.006556035464412413,0.2294999775643194,-0.8947761432297756,0.356995578520518,2.5429152244562685,-0.05070020153295418,0.032029568080869014,0.38418024243454557,1,-1.3398668356151213,0.5924469513628421,-0.5247785380093152,-0.06506656116448317,0.6320606034081623,-0.5041264395880065,0.7815694148156612,0.0993946516556056
0,0.3398866732098995,-0.11407828904001271,1.1170310771130272,-0.2200944980019166,-0.08385065301299999,-1.032369163882994,0.7781349018327843,0.15525377572247634,0.7613739195143729,-0.31969262138555077,-0.5987349884350522,-0.0025497946145787154,0.5271031281022487,-0.5899200645255979,1.0147068028247395,0.17091455962497581,0.9188449680339188,-0.45689361811679374,1,0.18970548404818827,-3.8919361124168104,2.2921407698660476,0.18831476582811732,1.001998061177967,-0.43426829343692913,-0.37927678114122676,0.5499639420150484
0,-1.3632613063212404,0.15399397060263875,-1.162273828300995,0.387918521673184,-1.007338104619055,-1.013363743032535,0.7044624711326776,2.1175194722726394,0.303689026352021,-0.15204668131414015,-0.44716045314622815,-0.7441208113566036,1.0708530653485917,-0.4782529721960028,0.5100417076461682,0.4221362439540354,0.5599534504651746,-0.5139386881822771,2,-0.03556304314077452,-0.503771184310872,-0.837083612328585,-0.041968447677195264,-0.31595282258354296,-0.5024529605603799,-0.2786600299944596,0.1575850387561802
0,-0.06966549475745853,0.18407601829726172,-0.0901656465339069,0.9859077809843708,0.8704963430778604,-0.5161229613711391,0.665661269305439,0.35279837884086196,-0.9773410333529255,0.004746161809402016,0.14750245035729342,-0.44752612627465616,-0.36586740772771775,0.14822537655595514,0.6837343476293662,0.16960730107166883,-0.4047061173219365,0.09286235975753884,1,-0.967130192831142,-0.241324624133838,-0.7772908703019616,-0.08048566634179516,-0.7504348663475218,-0.8731943697840607,-0.5548382452377361,0.5945451716739673
0,-0.48853146517175905,0.38234555658937247,0.0438040275132211,2.3368327689269943,-0.20706103907737988,-0.4336964724278046,-1.770033625925847,0.18872086136649496,1.0260756049001258,-1.090224681449031,-0.016677058481232798,-0.6333863185877846,0.6082453814506295,-2.0653518583025177,1.0917494407082289,-3.4707084156018135,-0.2994166261531107,-0.493864770024893,2,-0.6332807559720639,0.36054191532336977,-0.19010411006819092,-0.041105581000874136,-0.9495630847388545,-0.12678778327103973,-0.5617360206704994,-0.26501057366152947
0,1.5483709407999195,-0.9691941077433776,-0.7564249325175288,-0.7297535067078962,-0.13321881769204347,0.5441217182628961,0.6396324349460923,0.6410950528077846,-2.5537805090892327,0.030943289387103223,-0.4415124296361758,-0.7115336781614836,-0.6023662127173592,0.018371420346507378,-0.046995509788845785,-0.060146240126090156,-0.65175997996054,-0.4245047498115454,1,-1.4912722875032525,-0.3292487984092608,-0.7701876580058163,-0.005813888952697521,-0.12133744895241738,-0.38820169384392006,-0.14792854771206465,-0.7835917095054293
0,-1.1597261262282184,0.15134356508937785,0.645756552961723,-0.45481821479413487,0.04628381075650462,-0.9018972742282243,-1.4712248016500316,-0.19543055721424746,1.5118412532519983,-0.699247599069012,-0.5641625830574424,0.22013549684471923,0.24839353755112215,-0.3276128094118693,-0.1679791244787045,2.532516541625964,0.01918126982929494,-0.13198773222104374,2,0.07840791306663868,-1.252612381805449,1.6578500218035215,-0.13858845242106,-0.4876662056314537,-0.6819691684728066,-1.1666761292337509,0.39939037982170733
0,-0.2736892529880962,0.4406815826860742,0.3415967732711043,2.1622400771567567,-0.9305390754047301,-0.9406980911753267,0.41142159407233286,-0.9262939138010164,-0.4916849173261058,-0.28547498577027164,-0.9021516192531502,0.37862736592186924,1.7805675125946054,-1.1598201338805478,0.14057484638300088,0.5442806708168588,-0.5831668214368778,-0.588220770220181,1,-0.11900832501786546,-0.0842800908268806,-0.837083612328585,-0.0913139088027794,0.5201015743631863,-3.3282438311509948,-0.3372607805550183,-0.11050065562706085
0,1.7763045944118812,-1.1090454095557885,-2.4169621251869584,0.38712692700927037,0.6728178200701813,-0.47777515613011845,0.35058468162226497,2.7034428426313886,-3.2690547796858453,0.5689235585472951,-0.6683114694968186,0.6923994264183225,-0.8678692600110332,-0.7162279150509825,2.3609741188080062,-0.5225865206329349,-0.4586191943855574,-0.12488708339169974,1,-0.24864766798840462,-0.9067855787776,-0.7877503944436559,0.19962675194490162,0.9056591530515424,0.21680671514949956,1.617452157846774,-0.21871242607230246
0,-0.44989112962619937,0.03417291708155934,0.31708913882517514,1.031246917545673,-0.21996920674388665,1.8861361624854271,0.14952774190547724,-0.7200886273618723,1.6268239923052652,-0.9968413285491158,-0.10582380318121754,-0.5876178503543221,0.857190073515785,-0.5080189742610185,2.3583619451662363,0.4283155249993328,1.3628928469341584,-0.19762162017984974,2,-0.5234107322951472,0.1359252272866467,0.005297471752765515,0.21960925610486712,-0.7913951599121105,0.04048127543390079,-1.1481240734149591,0.29080310511088864
0,1.5783426581250133,-0.2557029808984774,-1.1814926876609524,0.03452061776809401,-0.22139154824952728,1.627488103293484,0.8997381524111318,0.07024856747637759,-1.0371495863004099,0.3668226050798714,0.5609972809328017,0.8942463132412772,0.21884437847210414,-0.4320237345329181,-1.1102913212922614,-2.357911729606956,-0.65175997996054,0.512784481754361,1,-0.01118462737439782,-1.026739097316718,0.5584874433209073,-0.04302725166299843,-0.195857924434197,-0.146616230859914,1.927470746112423,2.4098024783872383
0,1.60385251556586,0.3362949126474599,0.7227413272228723,1.9004529222291686,-0.6652407380554364,0.5231420898353188,0.9504434673310806,0.2419706002986997,-1.3751814005762628,-0.5680244665411731,0.09770275810891628,-0.6056919579053476,-1.2556116472125243,-0.5633376657630147,0.35053360895412,-1.177919699832429,-0.621292599334354,-0.12364625513492564,1,-0.7040504726181548,-0.49115418374860903,-0.8365600898042658,-0.13706263347710695,-0.3632348539815189,0.010974418160874466,0.33974717556137696,-0.1226128686853104
0,1.8586882588859983,-0.47465978117484203,0.2569386771525112,1.07163142696771,-0.23507450787233647,-1.0935575897329781,0.677467404018058,-0.7047244498391011,0.7304036892330618,0.39223371230767307,0.09661717334738854,0.09689646088027329,-1.12829545523396,0.8751857960076684,-2.2016042328768908,1.1565751586592392,-0.65175997996054,0.13507064553486256,1,-0.09575666009347839,-0.88950212371506,-0.8335297964798944,-0.13858845242106,0.7154620211670059,0.024040209279511338,-0.13591291162924976,-1.1760907048407017
0,0.863757524480073,-0.07613585645113968,0.36782891962512776,0.39593072447802324,-0.7611491390966898,-0.6057726013658378,-1.63913058104102,0.4604026577656333,0.8488404774955407,0.4167430072696494,-0.12300210921937997,1.3643228526404074,1.4593172388174938,-0.449683498138319,0.24747483502813294,0.087219547912054,0.12756628515335106,-0.30017248748519887,2,-0.12314391619300444,-0.6924483278636262,-0.39916421335744534,0.04424513517058623,-0.7942698351707548,-0.38301165874163473,-1.1880763581793738,0.9500558031832548
0,0.670430915977254,-1.531077227956838,-0.593839696735009,-2.3419856154193726,-0.519593414190752,-0.8055507268242237,0.6417664733626065,1.3110144899241791,-1.5844246317425164,2.3645160063651525,-0.01695853451990738,0.3466372599771676,-1.0793999830367529,0.47111496860540414,0.16587529746146767,-0.6135726199140856,-0.21410351826777235,0.019056219342995583,1,-0.8863581487364649,-1.1490259941951537,1.6492276289529397,-0.12248364013916879,0.0784695152574365,-0.381456072187266,0.7136362320813001,-0.5322165285349905
0,-0.18868607661886871,1.4129741468074415,1.8205985724600773,0.505752512514288,-0.635622389651304,-0.12681320000787966,0.7549977521694405,1.0515481632198664,0.0732900854600082,0.11426663710143196,0.29410970801348724,-0.12876133971764764,-0.016964560736292156,0.7587533428968084,2.4365494487955743,-0.5951422659203021,-0.25189154247152623,-0.38926366578214433,1,0.03558213577369676,1.6667418521269093,-0.5889509375479883,0.06457622617185352,-0.4235243557786913,-0.15158381944333787,-0.05127472761311991,2.366925182460858
0,1.391827405851287,-1.7803363096428035,-0.27960038258850733,0.9893799979394196,-0.2557687072922255,-1.4013396080643377,0.5925615333899085,1.9592065317039908,-1.4671461676934159,0.13537450247682734,-0.6855292008206408,0.04618239527466712,-1.78526162662461,-0.818291665902376,-1.3974711676239815,-0.5425235634211663,-0.3674092191481586,-0.4743420852286186,1,-0.855273713200097,-0.746545543044781,-0.6998149856772007,0.02037734606776015,1.8227023992154487,-0.3937243458215729,1.4915773336175104,0.3079527788040791
0,-1.4540658521821441,0.7681421965997576,0.20294930698412156,2.454597248356091,-0.17834824347676315,-0.05936969587138352,1.0060243726500233,1.4220349105065144,0.845580060051579,-0.43868400246527456,-0.4118727708656433,-0.2896065476576015,-1.3174244117254943,-0.5534938376276193,0.8120995819426382,0.02966837580141457,0.295055432698513,-0.22255999149919392,2,-0.9557192497777314,-0.482114470906679,-0.4162798564083764,0.010286241977198365,-0.900413026518154,1.9523672250897919,-0.674280449225247,-0.957090349281789
0,2.1701918466476924,0.298856400579703,-0.03571830687213584,1.3430342101626924,-0.6062919407646481,0.8883679723520835,0.849371040556089,0.470461037745045,0.3815942811581135,-0.24169607892892958,-0.408544469754182,0.3645087211664019,-0.5492022822622498,-0.8387786809494822,0.22249789861328395,-2.190154280656132,-0.11203146368638811,-0.21185163446830413,1,-0.160196588791318,-0.5703709519692262,-0.837083612328585,-0.056679748201325604,-0.2697785779013269,-0.2377614888118637,0.11688124976616021,0.12873245940847486
0,0.1588344374723893,0.5386631393172444,2.1090708722936613,1.213193891797609,-0.37716713034752447,-0.6892338415386876,0.5872153681633261,0.3081895457307518,0.3734414612874486,-0.24112045831381573,-0.5071747058885187,-0.39436296728185716,-0.04156069260455414,0.25721708960058665,2.262577490597156,0.0900458652027103,0.6835443910405591,-0.5374043978674679,2,-0.7235612661344786,-1.6984531565283465,4.661119581174069,0.05715610515728799,-0.6851795007807424,0.34446100340985697,-0.7829358470095293,-0.913690470331708
0,-0.4405480317184831,0.05029868506932894,0.9846047137938889,0.118509998682897,-0.31677153803635316,-0.8752594754997258,0.6501883027548718,1.719972253601886,-0.5165269393945571,-0.6396245386948674,-0.1241566223098807,0.07232686924026958,-1.2573385271772004,-0.5776434956471876,0.3439567077346417,-1.2373515394497154,0.3360953731627508,-0.4155624047948421,2,-0.9356975855342777,-0.3224439315743364,0.916550250354662,0.025404174657302325,-0.19500781228340322,-0.0029658679780791286,0.15651556025353952,0.4346634532368614
0,-1.0087116700552625,1.016533989872223,1.3330619937936712,1.46669540726087,0.05293156475413413,-0.18058344588115793,0.9004193900133,0.46018041797032394,-1.2211727848894112,-0.04877641286770701,0.05712884890294256,-0.8892113210685879,0.7258088382051137,0.5761835133498896,-0.6466042683657276,1.2408804414617385,0.5901558569575788,-0.03940280824121342,1,-0.007525463985084274,0.7040074992259324,0.8976569867485088,-0.08272454484200224,0.22642078658762443,-1.1543590640867094,-1.21975314077183,0.5073031837976738
0,0.38891016821277913,-0.439741980777607,-0.24520501464005295,1.1424140945808372,2.432441313719715,-0.16987921054942723,0.722219439094591,0.381992440973284,-1.3831176701895218,0.2268708903996708,0.11919619527228908,0.4508664763198322,-0.7606905373490302,-0.1308935207427251,-1.3636149826674195,0.197990345701623,-0.5657768764732238,-0.11592253634313585,2,-1.253219965816625,-0.04051660063228166,-0.6812617333476009,-0.05846670954047595,1.6448024875903684,0.890731963984533,1.0031821299947308,-0.3771070805582625
0,0.7745250581801868,2.3340303894914283,1.8737467728213566,2.1477371667432066,-0.6894553463196564,0.1643274013489075,0.9871373184549821,-1.1017850256806383,0.6275644828038249,-0.31110856588154656,-0.14539993242385107,0.8116566464630051,-0.8209428966090275,-0.7870425368215119,2.6999868316833284,-0.6149715683507622,-0.08652746363434388,-0.17925334390018327,1,-0.7665097113506316,-0.677371993977425,0.5763524691475942,-0.048447426689546005,0.6177590765474252,0.3405664283412676,1.4162461645720898,0.2469707323075962
0,-1.2370693665157526,0.5547339753323155,0.19613241156073957,0.7469356212686857,-0.2752534126669563,-0.2699264777456464,-0.8123006964274568,-0.2622152305781477,1.6164285174741682,-0.75995311905676,-0.5357730451584577,0.7460224846176533,1.7707590490225291,0.19504543371335972,0.4161699357321845,0.09849069130990151,0.5837599960996271,-0.3067783737448736,2,-0.5040071189747488,-0.7613187394592165,-0.2534106537572535,-0.012810645324674859,-0.7817281146826603,1.0018495523873812,-1.062652900547128,0.12214554632873609
0,0.37440464624439707,-0.42928872782372524,0.09919730886772773,-0.6969630523749011,-0.1397659556848544,-0.19086026814441626,0.7995952180293502,2.4254209223304484,0.3402863260414429,-0.14461908173719984,-0.6662019569538478,0.48692682476309596,-0.7533731201942176,-0.44365328061470566,0.7521749084766041,0.1297444800343826,1.132492029336075,-0.29475426211522177,2,-0.7601392245736842,0.03640268929805464,-0.23090720472142745,0.38828869805648913,-0.40889502831859054,-0.15118649032426607,0.5726937276684639,0.3873914250192485
0,-0.2763709312642995,0.9275705451962137,-0.1599443743767925,1.852051463714405,0.3610546069922301,1.785025215962717,-1.6370238310352374,0.3694895496117046,-0.6017677261700592,1.767603307621254,1.9162242386461144,-0.055754781227068256,1.223758351044026,-1.0071377620829216,-0.3630921821314219,0.22239621696487688,0.4318439135345438,-0.4394429022477436,2,-1.1020812640471647,-2.3142641982652083,0.7944233819765003,0.06624777478656406,-0.0530502419342003,1.7881828397377622,-0.37255730108929197,0.21041727320985348
0,1.4182034937526211,-0.6927489299703953,-0.7283619812513863,0.15194436011322476,-0.31568236774681946,-0.2258198421332296,-1.2268371933418507,0.16229544622656145,-0.965752947917324,1.0875134073147685,0.5233782645507484,-0.07048634819046323,-0.46003716045424786,0.33908139858296077,1.8351802184301373,-0.4515290497868122,0.06023411414512855,-0.6056531002501575,1,-0.8166159597856391,1.2776278872643951,-0.837083612328585,-0.07128777108341298,-0.6052782166400184,-0.03433736014416028,-0.01686388264236538,-0.8065935567834263
0,0.4685102093585122,0.9024095410226891,1.6801294296213167,0.7060779234571509,-0.08287531954251265,0.21525329503460988,-1.606767955531935,-0.5786072251417319,-0.06588145125891981,-0.641415145235689,0.04901843381439541,0.06835987079656697,0.2714307135942248,0.5665335391908726,-1.0514710065658817,0.7663325683619703,0.8201727063256304,-0.4903724500540889,2,-0.3884253206166367,-2.6447773638511443,0.06873654295467566,0.21626055437562475,-0.7361680078554653,0.8865028253409246,-0.3733602656354167,0.0291692004440135
0,0.006067506042533102,-0.04628857527201602,-1.4813575491114515,1.8689779950175476,-0.5068250821366826,2.1863879873540855,0.2526039493932837,1.9120144760212467,-2.2015179550407784,0.37652074360630716,0.42687139648408584,0.1183038501562848,3.16681207939237,-0.22353328037999498,0.29823133793241086,0.6624112269697983,0.21794896738423794,-0.45470316666888577,2,0.03549293183103469,0.2803133400202512,3.7794665218011216,0.3471990425660819,-0.5551922844365635,1.249179609829691,0.5334740118850885,0.5902874559790992
0,1.7501523761873632,-0.8200953710256443,-0.7419596109171279,-0.47186604379221836,-0.43983297819604694,0.9186123833213198,0.7399731013992663,-0.6474680549103117,-0.3836825963576719,0.4035489765584792,-0.2816584747609594,0.10678606065011476,0.6497439652428313,-0.3622485958448638,-0.9689626669490834,-1.3910174420362797,-0.5298362693189294,0.3251295191873218,1,0.7626828777578518,-2.162294173532109,0.1699862412712193,0.13203143967785158,2.047073996890914,0.6319655311732683,1.4654516599874028,1.4977321285400056
0,0.7484857546643962,0.702927336255412,0.8854573781828288,-0.11808263795890972,-0.7833890828985244,-1.1045325138891702,-1.6707022943827443,-1.2598409884238293,-0.4191504081221871,-0.3211588373834631,-0.1507097381528852,1.1407091205912034,0.14750319296111525,-0.34614167373467186,0.0538964809260184,-2.497861381877059,0.22947778205820643,-0.32907071339253313,2,-0.6318165310438029,-0.7221665665908598,-0.3990755081318921,-0.10932171843258687,-0.2764131386302593,0.031316798474482155,1.0168865141988244,0.6886143384228117
0,0.508034612019784,-0.5177795743402831,0.18959245157341503,0.6393200374219169,-0.6116032540710288,-0.15927816842190212,0.7226185359034633,-0.7176385763871238,-2.102003116335546,0.37171613923462,0.3137845076667583,0.3422602117651726,-1.2480702466744125,0.525334361596369,-0.12830390767740338,1.1805926703334375,-0.47567160995584074,-0.36092881202742155,1,-1.6262044585834434,-0.2909254730222298,0.12579051220425025,0.18382780189772688,0.36527493140376,-0.2648670198336725,0.19365729556249103,0.7953872364088042
0,1.7566929649131415,-0.19960803072593492,1.43591993072237,-0.03568418688213626,0.9476477749752699,0.06641639140480987,-0.9055209584497965,0.2091081665819966,-1.5905871855786493,1.399035578096142,-0.3325488025457909,-0.5818690540023539,-0.4080462579306226,-0.12937691313386768,-0.6634387601275724,0.7019815450846514,0.9639259032154279,-0.3187834773750761,1,-0.7657836191904441,-0.8446389139127731,-0.35368600107098325,0.030666500462154078,0.13472559955130659,-2.4031973701996074,-0.29596070894730353,-1.4180820276524715
0,0.22183216310149556,-0.6054312180761856,1.0362867729058218,1.2112894585405987,-0.004104031574990594,-0.25704766561011233,-1.300588274512912,-0.45398432989444565,-1.3714810677712221,0.5003449170247626,-0.12043300575022498,0.5408848917040006,-0.8281258923444215,0.10669511763889084,0.4275198134614777,-1.0736809532523992,0.7327115079400968,-0.1188968146029876,2,-0.9292424890627773,-0.693127384036827,-0.5895011171663151,0.33170181630384454,-0.3956150840186391,-1.5650386149512014,0.18902982187575748,0.06709135137041033
0,0.36103193750744556,-1.0181583648838413,-0.4147473672283476,1.1110449237944602,0.44440581573706134,-0.9761854814162603,-0.39097353980914906,0.5066068506196991,-0.5832843527248857,-0.2542054307074475,-0.08002147015218183,0.017855834932255926,0.7285371214080449,-1.246658783477777,0.8896869523223039,-0.7377803385113315,-0.13364261909366787,-0.36696293827003457,2,-0.42724315069407115,-2.5289832827927405,0.31680767229174916,0.06858159642788732,-0.851637421588008,0.32503786437501003,-0.16275452215550928,-0.21061032938192054
0,-0.3942399121053698,1.8077895759865945,-0.22263062212578916,1.00414823732785,-0.5491139824048451,-0.6585515225907433,0.7490184210579399,1.0613602602949541,-1.0701243495297348,1.4374529882025575,-0.9051327333802066,0.39227057797818254,-0.21088811410187475,-0.3992021027915734,1.8852043149512654,-0.21729046293336396,0.40937040460527874,-0.27878415049084465,1,0.3160130541009922,0.0780920262416776,-0.837083612328585,0.23912590817253068,-1.0728308890912783,-0.030974242927941605,0.09561521659017302,0.6763112415978505
0,2.201553241512208,0.38703037854215583,0.7037370059683675,-1.2539737022653266,-0.6874089431711026,-0.9306389528407417,0.5489920562759296,-0.6878675582380135,-0.3782443461077338,-0.26921855873625644,-0.7668201957454426,0.7626243249715079,-1.416995710656868,1.1985580504075264,1.090915929678279,0.2158850213928648,-0.2918950267714763,-0.09228609431490858,1,-0.09494039804826307,-0.44739681850339785,0.6312257155166279,0.054833329174677446,0.8383253152627235,0.48648102884805816,1.3015167867077426,0.03627726888722682
0,1.6108309364274116,0.3587115022959575,0.7118734735630419,1.288941908616246,-0.4848011587272632,-0.3253980553318697,0.30758708178602545,-0.46303391281590794,0.07686522271443963,-0.44258438116661203,-0.9469732996728225,0.43451107409366896,-0.5178267709107596,-0.7082685241284205,0.5787138403838948,0.25630945172985864,-0.5940795181270823,-0.22980398960661833,1,-0.2890930105340749,-3.0121941065221556,-0.6516956948788938,-0.13858845242106,-0.00858480688573876,0.08428625779156779,0.10498214193833416,-0.6246624085024093
0,1.998086525694454,-0.8455367170611363,0.12196465581656046,1.18295390266545,-0.40917312666740935,-1.1828463416592911,0.6018210237101389,1.36111138210492,-0.4090020510936844,-0.05576535736569502,-0.6879102139047218,-0.20268170379875808,-0.2108541784949858,-0.6601515525522591,-0.13742218269665596,-0.5685478021373016,0.03971785330940644,-0.5671050658055438,1,-0.07439749722286793,1.9966833226655618,0.6701036495847071,0.004213026309123374,0.7136368348400055,-0.011648254341401626,0.06403483654058464,-0.3500656957762147
0,0.19686627733382278,0.29025076839546254,1.1516249219037658,1.624821794733248,-0.28173689594532003,-0.41996023538176386,-1.9318483007208527,0.44435115375492773,-1.1208825673089193,0.9163260471459567,-0.4865852262475925,0.11771710080550774,-0.9526773222257094,0.20578963839601516,-0.7888640462313086,-2.3097328292937775,-0.06050663952452924,-0.44713888706489874,1,0.1418001948639216,-0.15975548668832953,-0.837083612328585,-0.09054243724074548,0.5711907957819542,0.916881537773745,-0.07937752479590479,-0.22021187465786082
0,1.5679987475803563,2.4583516805512495,-0.8322387409159624,-0.4304260405025802,1.0001368850442298,-0.8050857092700324,0.6157059258535084,0.3393711874164746,-2.3548230439793185,-0.24095692792701331,0.9238404101114883,-0.24353941290404316,-1.6400335151648002,0.028834778746056167,-0.2004336773545547,-1.2269503269047846,-0.6246593138963572,-0.14616390339298552,1,0.6681279899617825,-0.6933234623317369,-0.5814870116880813,0.013379779622321758,2.2767296945547644,1.266924849436869,17.795774880484906,0.07977214716952563
0,1.9914859514656973,-0.8796880338317841,-0.08916366292621741,0.30489678272730336,2.32873731427628,-0.0961526414873982,0.9823302326913983,-0.5572707249493085,-1.0440825444496307,0.9323738870586273,0.2676810133146725,0.9524246742152485,-0.9793814541656777,0.3324769100887923,-0.6620454506222211,0.9680720956254827,-0.65175997996054,-0.051793486296111045,1,-1.7239122652734475,0.11295669885205889,-0.6346097006895175,-0.06440230250858603,-0.39985409169427694,-0.7793999954681121,-0.5225997961402339,2.838422675347057
0,1.0538072062134114,0.10239838947855084,0.1992087992226637,0.9319907993242417,-0.01796405357586528,-0.6740312084567149,-2.0716076919524387,0.8497908984317738,-0.6142167629540256,2.3048807148660297,-0.14167368686873144,-0.143200375193167,-0.9799640029100553,-0.01585021973154732,0.7458372635895925,-0.9875405097564282,0.23298770012606373,-0.5761723967488261,2,-0.25295381694157515,0.26141601979222284,0.6459497625045275,-0.09345729040071528,0.08528724046120391,-1.2818442291608692,1.3182181601958436,0.7984051268210087
0,-1.097036783050602,0.38189996788344244,0.7368634075357858,1.0479234440030167,-0.863506981034034,-0.6499113284889702,0.20628334258173353,-1.3301874798254865,0.5060264357592001,-0.31983166357902254,3.2302145972489154,-0.19564586831149772,2.303716174965017,-0.7422059343941451,-0.47071458174859704,1.6338755620940175,0.27856373760454656,-0.36024567556250797,2,0.5644398469400257,0.5217046317100691,-0.3126055503487255,-0.12366140342089155,-1.09095311408826,-0.373937173247235,-0.8996638765861946,-0.30101287610999855
0,1.4304565725264773,-1.5271262947366144,-0.44476357719807746,1.0870726222275717,-0.14187885888498597,-0.30928370986591447,0.8219689307120485,-1.6919711420120374,-1.0595286422298726,2.3054746865547475,-0.18070169955109444,0.315002353769181,-0.6036286727736037,1.179791571291056,-2.1279150969588416,-0.08416579585187026,0.14582250948288264,0.11765980517006364,1,-0.4417133959279044,-1.4013107416864141,-0.3329415155533342,0.2664640150531016,-0.46580128135392684,0.12375907830542904,0.027747020632993724,1.0196397710807537
0,1.3944372906075715,0.9291854069529865,-0.24628238292260507,0.008371864633179626,-0.6378437521255945,-0.1559735979241526,0.7557132630286327,1.4855200812829046,0.18240861316933873,-0.9289735120223888,-0.7105500754494269,0.04256008573985626,-0.5922847713169977,-1.11244944594132,-0.7484522309066326,0.9619598149772206,-0.43362064770266273,2.974374217647341,2,1.1754438976069248,-2.353519462073869,-0.7739301429284354,-0.06684377452735854,0.8987687711116482,0.27083992664265133,-0.5145383707372118,-0.04775250689138216
0,1.1744548204242227,0.7327183302982274,1.6388997785774597,2.6154672218529527,-0.5252201698143681,-1.1990125245043384,1.004092612463909,0.22838070458509452,0.7779691279031772,-0.6919245329983744,-0.600788507231798,-0.3901522346430265,0.5251842499160785,-1.0040524709533072,-0.4013318893058139,0.620739071924214,-0.34134512811717577,-0.4092552974151422,1,-0.42236329945322837,-0.032982496312666226,-0.40136326705632236,-0.00341456844195806,-0.050409730078011306,0.5138438798552755,-0.571652949919242,0.06035355559654082
0,-0.34960011653129464,1.6677497149307619,0.8309216854151277,0.8587387617687281,0.035527037307171605,-0.22290327673450627,-2.105190150785696,-0.46347585156750704,0.8726335312818858,-0.5936765041575326,0.40648928426771047,-0.6916038895751904,0.36092090975777097,-0.18647784055624816,-1.4429297350594779,-0.5912533863515802,-0.002995572823048104,-0.02537284789303118,2,-0.09767858253547868,0.1533383268507057,0.9065279346072032,-0.05335765715889344,-0.707694486196005,-0.5356320441435501,-0.48545227332567664,-0.4788689543532531
0,-0.8942352093499912,-1.0006391047418302,1.3761360483022889,0.7667061860065888,-1.0279131348833497,-1.1388591650800288,-0.20179006393732196,-0.0042829642562009496,2.9716930089381055,-0.2817816335662061,-0.7554367863957383,0.8548723959737936,0.6036677174633924,-0.5711266876344158,1.2437079050989968,0.3675325457347556,0.8723590530433321,-0.2002909444788734,2,-0.28784123883844337,-0.3431011896363433,0.730064488483113,0.0024480471123372247,-1.09095311408826,0.24915685438758767,-0.48882419973230284,0.8214457555774812
0,1.4226306378415003,0.20151726677863535,-0.18891829144172223,1.6789459984524453,-0.13582737284979002,-0.34586215765829187,0.665251740307397,1.4436156609960893,2.2103048005734096,-0.4450197696331899,0.7638211350861005,0.06669087162242465,-0.2556448226025314,-0.4438343300823871,0.10626369277114722,-0.04799753492354902,-0.46375394024184124,0.23864312160527953,1,1.526012533017504,-1.9798664666022852,-0.10881923629458634,-0.09663117720725789,0.13901276799402734,-0.10102806969864264,0.5383461947110089,-0.07419948409713839
0,0.39297845248102725,-0.7354442268093413,0.202162199765841,0.475456583467043,-0.2491216893521151,-0.5404267097036479,0.9424587186724631,-1.5861334885590397,-0.3227174236363773,-0.32715975733997815,-0.17485716189182493,0.2702181455200575,2.0393794188473366,-0.04256627612874811,0.17894577537273193,-1.4451635101612372,0.16088088946989654,-0.19766091946111808,1,-0.5632126384000217,0.2655509569360146,0.06768411892864856,-0.08865649445725596,-0.2299988196747661,1.4540751117729822,-0.6333364962003135,-0.38538676638708086
0,-0.08447692043546073,0.4007124596485569,-1.7596028812206577,-0.495978590780373,-0.4305821010805473,-0.7089264942182019,0.29899647017241815,0.5196152415846004,0.6134671030499105,-0.38112270591763264,0.6061376733805521,0.7138362041092137,-0.09710340285531827,-0.6692916328089553,0.2877500015366887,-1.832519986291446,0.11282406103071689,-0.46507788908280945,2,0.19952839643036233,0.2071353486514217,0.47690968417299673,-0.031362117088213126,-0.8550536908662656,-0.12068998768805854,-0.9900444724834222,0.8060216892577889
0,-0.03266819644735558,0.7734782590165161,0.08120319265684173,1.7780482732877911,-0.5191524435743008,-0.2641174059733746,-0.6951912809843558,1.7778362394023701,-0.31251353728712566,-1.1066886240399856,-0.4204268957278111,-0.9635738142498103,-1.460687391157155,-0.9436504459081552,-0.8043178200536055,0.18270801852108093,0.4577882578373079,-0.6850134697745702,1,-0.45017007398898123,-0.29555398184482096,1.424523021089295,-0.10742025135065994,0.2558757616903945,0.16830273766477724,0.546809235872878,0.12845165394596794
0,0.5491237395349939,-0.6550972624421014,0.16459366813501933,-1.096162610637053,-0.32415183523925545,-0.6299745393710307,0.6351263111174313,0.4850698387819285,-0.2668815850652088,-0.5181116063276622,-0.4989196412541874,0.7039276425928351,-1.4383773227158634,-0.9182905390530418,-0.006824567213008503,-0.5627113345605046,-0.373064047910663,-0.3462601056819521,2,-0.6901899067366388,1.9498133632970085,-0.7182994810379872,0.02365127061804516,0.506742116389935,0.011414636651119858,0.17975168473740144,0.27028280157455475
0,1.0118886858483045,-2.4979631911535503,0.5065674734169835,1.6140507303422476,0.008019877519469334,-0.2775860401213929,-0.5701109478594619,-0.027462604061827215,0.12793480451246309,-0.3632341021181763,-0.3024725027275825,0.19980156850409547,-0.06079634110528742,-0.12455727371085201,-0.983991251908875,0.3191046040264872,-0.06242603179989159,0.016696802694501953,1,0.2815979834335565,0.6627373210771089,-0.8108863631424006,-0.13858845242106,0.2850510324241119,0.7523314478153801,-0.16901001045868355,0.9724015283191096
0,-0.20959706763907726,0.058986214284955096,-0.07476798137151186,0.4791477988552398,-0.12496839964558998,-0.7274919222662812,0.5176579655070278,-0.22220043545351137,-0.9443042270117441,1.5837737571229007,-0.6841852472191148,0.8953517402362606,-0.13824822990303232,-0.3532924600816236,-0.3941885047855382,-0.2552208335111801,1.2106956251564134,0.3517479621075386,2,0.2650185383413381,-0.04653685183107831,-0.4528199330400003,-0.08794352222363874,-0.6765477132283533,-0.07482330887284872,-0.5727907037956668,0.14328772877029494
0,-0.35331858179906284,1.2677458389657277,0.6286392688196196,1.1471536251239514,-1.1249749905138615,-0.9896055503413578,0.7351696508116783,-0.5905457724160638,0.21485156020893972,-0.2311569062108041,-0.7971418808116238,0.21696448123151005,0.018636534354263434,-1.063828247281685,-0.2471301261512392,0.10450276455974866,0.1588425134303289,-0.22072618844969522,1,-0.9827016106348758,0.06856199665212737,0.9663695430847691,0.06465215509951705,0.10466749847589978,-0.09585105534907135,-0.36316362530464696,-0.5621501208322441
0,-1.0484481558263,-0.00673715976398459,1.0058649499438483,1.1728962019537448,-0.13340335022604305,-0.7189918763650562,0.6156266209377411,-0.06734574101663758,-2.3009853116853747,-0.06874125651800428,-0.0767493269661399,0.2641323435938162,0.18560685273568128,0.08385653512869257,-1.0573700056126087,-0.24148244708575695,-0.3221611923750276,-0.3687473361232947,2,-0.1632216884770087,-0.7565439895202181,-0.4493478891344106,0.018746269482608185,-0.4035950267325735,1.6817954473658308,-0.20528993421883596,0.20539173998392654
0,-0.8645310031857796,-0.23163064500112884,1.4226071180043445,2.5374991121241566,-0.353169380301536,-0.6838448705256701,-0.5161593572014216,-0.5859889987608089,1.8229456843510736,-0.882652153926365,-0.6925042933982495,0.493496645395045,0.6388784961265581,-0.41966766924467447,1.449366397277689,0.3593785303851547,0.255456620893609,-0.19327759240501335,2,-0.14834832940993167,0.40863018986993904,-0.6715716473002452,-0.10765857749438432,-0.798396480028001,0.20436079482733183,-1.21975314077183,-0.6618375998972407
0,0.8032898224227278,-0.48673954140905573,0.49581725706736646,0.9942751607768116,0.012464796523289023,1.2608434937167643,0.6827776021069114,-1.0058448004617855,-0.996274733346287,0.5872637839565831,-0.16133278009201066,0.4908296199989338,-1.0513236500493592,-0.25791452742614196,0.7359911307528841,-1.4666193370597287,-0.5401883666360449,-0.17816620470721128,1,-1.01281723684176,-0.5817721292784731,0.7070865259659072,-0.015174822570341785,1.2401268923040099,1.8138812690878419,1.722255807959638,0.3353984800068579
0,1.2683971023658858,-0.32611845432294584,-0.3138305402362833,-0.169188366715735,-0.43584748074117413,-0.6097411610983083,0.6908851786069978,-1.0425326498250833,-0.862138596363471,0.9427643023760288,0.27847314302073223,-0.5465832508597697,-1.3962382722198787,-0.2008080844821355,-1.0835586717000785,0.14344054010838403,-0.31272843929504734,-0.05873872025738794,1,-0.5750709684666062,0.18470534918678091,-0.5139614597110346,-0.07980852245490798,-0.07762582608546342,-0.48011014470569985,0.41108205440064016,-0.5359361287211624
0,0.32862960208364356,-1.2469210609161228,0.16688186096292854,0.3451750223946791,0.007863571078803977,-0.8523200083483196,-1.1100985644007224,0.3851728726034698,-1.7359943290884252,-0.05803784165265413,-0.024516848828383564,0.47625000531238576,0.3148413389336523,0.3466291807236807,1.3497880379838882,-0.8004939739634469,-0.6232467347115316,-0.1445891920294619,1,-0.38170514660312227,-0.7186010556885567,1.5053545934043686,-0.06251569204736102,0.28168552886881165,0.8620028708024663,-0.442894340791388,-0.6818479019943329
0,0.6139274548355004,1.150562537188021,0.8294845112154857,0.20960508658084498,0.01717376658177483,-0.7445387995524354,0.9905071610943025,0.6191803957659037,1.2279173878090863,-0.8198152967213457,-0.14512357050059616,0.07310704042331256,1.4062218598846423,-0.9846092817408206,0.5758509683597954,-0.7594392557154004,0.7018123120411196,-0.2013419326506924,2,-1.2030755673543878,0.8168861239439986,-0.837083612328585,-0.03143906774811672,-0.23332575125098076,0.31479983483122875,-0.13247102559738344,0.22621461828281988
0,0.4608302065070663,-1.1698057335843988,-1.0460385286189,-1.1324675923187626,0.0465395546631458,-0.06418292596510888,0.5533521939676883,0.788442876000558,-2.522031827086952,1.6327895740506666,2.1806245052299547,0.21386185331071667,-1.0532701607880965,-0.3241706309283673,-0.3059233740347813,0.26062164948820427,-0.22251273193625756,0.0751182845287294,1,-0.5993635902911837,-0.5327753876066725,-0.07290911353374102,-0.09548813823890195,-0.8191196293303681,0.30703674376903356,0.47563720019129696,-1.6369857964653065
0,0.8064747769309111,0.9003531763213921,0.028320505856103295,0.44388050564344544,-0.33403704442345555,-0.3204660578058274,0.6671627551386695,3.103087423482968,-0.018533738958785684,0.6562861712123148,0.14020991804474242,0.8047238079220136,-0.26354963425090483,0.10259075182195304,0.776438069449557,-0.2918368152641486,0.7256462539435449,0.021809712587209075,1,0.4274851860508595,-1.2881376600886663,0.95075602614874,-0.0335324636900492,2.1202816389878842,-0.9124860369097735,1.3054675039629549,1.4096948209455717
0,1.0708176360896375,-1.0254107879341836,0.937466042889968,2.1213085230254274,-0.382041987008346,-0.7780543425432764,0.8857959338411472,2.2054832156073196,1.0288094163586772,-0.4209090274955706,-0.7102097579029253,0.09735930905731172,-0.910570991475188,-0.3026280081378597,0.48743209490228934,0.7909419877028425,0.2641225519345404,0.003951935777330717,1,-0.016638095726189378,0.4366246694147915,0.0006796981413026426,-0.05874636967102201,1.3663492145978928,-1.1600531213781942,0.22439107619531734,1.0363650692653315
0,-1.6063214427156227,1.4451835808387412,0.6912005781022285,0.6259410046983075,-0.5762788057452639,-0.6558217905620601,-1.1653979559377194,0.16242815462865215,1.2023875114180043,-0.2855400852718605,-1.013495736646498,0.5643136721393742,1.63523463487455,-1.2657315173275694,2.1939915881308103,0.1774018891168072,0.5541379775206974,-0.06833450914860267,2,-0.7590084084781927,-0.497448257351201,1.4374232937425306,-0.07411081697257876,-0.7471859598632942,0.021328163572848058,-0.8167674631421873,0.7981880337223037
0,-0.4230217023818757,0.2221753570212332,1.7819389938009769,1.7664472287304682,0.04227146019231148,-0.3675646123326448,0.49234686928917976,-1.0375603432575893,1.1624421976284083,0.08613960880806204,-0.7373886729880774,0.45255089292603196,2.1483591129981088,-0.1710048196747836,-0.9073527564118594,1.0939240293017547,0.009028907888021853,-0.05865281305781704,2,0.18152540418848984,-1.9910045123632325,-0.2776406122200943,0.037678762146472075,-0.7569890059076445,-0.2001374208136436,-1.1773004607542803,0.4499544301080365
0,-0.43233605975990064,-0.6501323258423477,-0.9763028007288213,0.5538320248612597,-0.6417047268558804,-0.7488751972768338,1.0150538125903632,-0.7894500084115149,-0.6812578990283162,-0.15042010955364207,-0.11534742018954024,1.1885393369041992,-0.9686493864237324,-0.4374688803727117,-0.372296843564871,-0.20151029575726226,-0.4299821027225965,-0.18895794565601312,1,1.3327899510826795,-0.042304023327054574,0.030870359400464203,0.12471468543163555,-0.10393254277474354,0.11918831147954179,1.610025300790035,1.0905028090314635
0,-0.2904225059034047,-0.8163116562791343,-0.26485910981123684,0.5413504476180172,-0.14594751248799515,-0.9231255097694953,-1.5344279615109264,0.04166521773226983,-0.6689196821100805,0.09147610102789433,-0.7156984239025017,-0.2285162670666772,1.753131187391742,-0.17531317145748748,-0.32737975242435324,0.5832178673664381,1.2059578520478849,-0.2848547999239315,1,-0.613691869868087,-0.6377154937267593,-0.33803704677388374,0.20212181406950083,-0.24428426373056036,-0.5695423042626364,0.2027113895020806,-0.25246921941880285
0,1.5549695367548526,-0.9307852392680609,-0.2547333795992915,-1.9051917279861526,-0.16204901463850313,0.15972460885570913,0.6994635944313348,-0.2857710732313468,-1.6139487226777423,1.636324931110488,0.8101966268982059,-0.5148347723931631,-1.0853771024349983,5.1034753946863045,0.4645118829017384,-0.8466254105679539,-0.2431119715798086,0.09639906732184192,1,-1.1058197932025566,0.10489805725324627,-0.7702643736901895,-0.09387650025246605,1.6642990281352628,0.3825826966353335,2.686311528046528,0.7072148042508684
0,2.0404735621583105,-1.7777989340701814,-3.058461723852793,-2.4259892024699585,-0.20470841370898624,-0.7414426090835256,0.58887062353918,-1.8572278336762436,-1.5447028850628755,1.5136817532617477,0.21899672477731533,1.0810988175194118,-1.5919548976186277,-0.3218624638608073,-0.4108983010568051,-2.0587910849795312,-0.65175997996054,-0.2730913158835497,1,-1.3314158252606463,-0.9106438586204253,-0.8056984672672355,-0.06435445833587936,0.8540094370329285,-2.319821971708681,0.8262918736072725,-0.5597456741557583
0,0.07597048195407208,0.6980079743556106,0.3625582629442208,1.2154882104177525,-0.9643766498334277,-1.093795751569632,-1.1577105820425753,0.7080771736218126,0.7112077537207974,-0.28653841780542333,-0.6696756654447025,0.6357118913126657,0.6909512792618522,-0.33350567069517023,0.5736015794477218,-0.5520580513058947,0.1355511772747573,-0.22522809247428704,2,0.5676808282018511,1.3135626246669485,0.26728515189845564,-0.07795807801167126,-0.6086057198696938,-0.44945411712835504,-1.007460185293481,0.12025984855911934
0,1.0328605281031014,0.06373161882308448,-0.17800579112460074,0.9366265668731744,-0.6398781587668183,-1.165903132931518,0.5947479862282388,-0.6964046069276151,-1.299676335756353,-0.02245685412930823,-0.4576948123974665,0.1626238484063491,-1.1584359846607346,-0.9057461338228637,-0.0407203248775827,0.022640779988414794,-0.65175997996054,-0.37594161420846894,1,-0.6525021284060186,-0.009757578787652377,-0.48121093634756984,-0.061490059936918494,0.37767217427326505,0.07679632087471006,-0.4410354343714518,-0.4954375264126301
0,0.3283080647715746,0.29875215546120315,0.7133704846355584,1.8199613773899337,-0.30744286049910513,-0.4812397275359577,-0.267011708113669,1.1066710573150538,0.6519838757168985,-0.163554353116318,-0.6611281631369506,-0.07405134851992512,0.3319886159020252,-1.0036575581683789,0.14036983366219968,-1.2286050171243812,0.10763313893626211,-0.2577479924899145,2,0.35318780534802746,0.3303051322662107,-0.008162307065459173,0.03355876649569782,-0.41314957131108926,-0.058112242283902,0.3991463731908259,-0.1421650695712114
0,1.5647938072131429,-0.6109074884844135,0.5121101492875446,0.09549179632044458,-0.44493316246384207,-0.6810573308769976,-1.0447009425524145,1.308186283196953,-1.8719133174598497,0.6574103075108054,-0.17185641378750954,0.3451922569339272,-1.2355804558404726,-0.28454263775934174,0.01930710235033399,1.2106123663682167,-0.494438556379588,0.09334566306591252,1,0.1721994329787624,-0.24046826676480873,0.312566328999234,-0.04758983696148857,0.7668730840898358,-0.1367082636577221,1.3053016769864498,-0.3990941698703266
0,1.0276219110352658,-2.206476968256421,-0.16742023602470446,0.23228010628496765,-0.7832102642188807,0.00854812312244635,0.9215065098081995,-0.10892514041078838,0.5408442063905388,0.4332657046001748,-1.0765731065376103,0.5256897975352963,-0.7605938280064397,0.339835949795282,-0.4121454080975812,-0.6922864475642032,-0.4245623811511162,-0.21864433404748912,1,-0.7379583136569119,-1.2379142845972266,-0.837083612328585,0.06645229302068688,-0.026110682080292325,-0.0409340423757036,0.6023316735008178,-1.1648589699426748
0,0.9963795376866331,-0.7114939208336508,0.7932080448200205,1.138002711978484,1.0921437834899392,0.08140756936999383,-1.3888592217886382,-1.0840991869933396,-1.1408383014235475,0.37350711091365374,0.10410407899350399,-0.2447134971970047,0.23279989709669568,0.28251344791159394,2.377276068735984,-0.8903658573227793,-0.12132924132950024,-0.48589226002926406,2,-1.3167410749101056,0.2774223578776182,-0.837083612328585,0.026350769786007873,0.45334331046040144,0.8066815403076079,13.260896350039888,1.5876013997452205
0,0.4513086377188994,-3.5898377445395453,-1.1113972495125397,1.5756883226463074,1.704480496358602,1.8739197473839464,0.5534750983625697,-0.1634827253990725,-1.9565211208337416,1.2851097867816923,-0.4398029146560681,0.5635633255693668,-0.9072701267992168,-0.08056959130762825,1.1609737717555166,0.4866009707871727,-0.1578724909805782,-0.20970536660235775,1,-1.4900325948716377,-2.903159564255247,-0.7748288964453687,-0.004034670183353614,0.18699714906915252,-0.28269352242386636,-0.19328641551267234,-0.1597388687514627
0,2.140344946910631,0.4228327620882403,-1.7313129551038584,0.860904824165111,1.5600528088258598,-0.08202152265769863,0.9020258898378261,-0.04900051696672003,-0.9912869967728852,0.04293456507968163,-0.557127971201439,0.2564080618357733,-0.17166696181504426,-1.0001444513038462,-0.6433613831934996,0.18571836184081625,-0.4831599812171876,0.19219123088520151,1,0.3664766251572583,-1.612146031022042,0.5376349093893613,-0.13858845242106,-0.21362442455448277,0.20291247287601782,-0.269376390931655,1.2908491068057941
0,0.9248220693373446,0.07830011225506482,-0.3276107297402153,0.6733070447963445,0.2776125557977207,-0.6086846078976139,0.8855899702905925,2.3732836917287194,-1.3858360888187558,1.6792052587293114,0.1542168681466996,0.4047255153936648,-1.1907140141634593,-2.42873813349781,-0.15476613659435115,0.057941105169472755,-0.018997237744756215,0.189797722529212,1,-0.9531752478157554,-1.6505220395740081,0.031041942194410144,0.103335366595597,1.626512541336509,-0.6734786242680729,0.9575799256979568,0.6819139833482246
0,0.426822741642476,-0.1317104871958389,1.3964374649525795,1.4521788390147192,-0.31696824580021127,-1.1434965678008926,-1.1625954177576348,-0.27955650874122073,-0.49763043557655545,-0.6289132069402634,-1.0135307095534007,0.6241245085161913,0.6411708980706858,-0.3378800559051822,3.376186367189238,-0.4348638787093021,0.487315608982949,-0.172737075113449,2,-1.136034346575772,-0.8988238489841016,0.05347736656488916,-0.07559082751464025,-0.7059788369707529,-1.8657882711776863,-0.5038547476380686,0.21135069938982104
0,-0.8230158803608232,-0.435927846370506,2.3572640413509975,0.7506464762547186,0.6518092277651033,-0.7141129660018832,-1.389299895676138,0.48446723928759616,0.1178407917479884,-0.6667400123755902,-0.11953724193842916,0.3909230457815253,-0.5013083535131101,-0.01546977626405771,0.17903341854820987,-0.13511345701578684,-0.06800047368433562,-0.3768403885012256,1,-0.5933655526016178,-0.2456647614629781,-0.29035743825305227,-0.0310968560019084,-0.5511173151977256,-0.38012861988002483,-0.585202010434896,0.8862380693924423
0,-0.7105370373262444,1.2880637787358413,-1.5073016189979491,1.7860256353452129,2.363314211135208,-0.602109809834833,-1.2687297030706604,-1.9522434798671515,-0.9592856781772022,0.3867681188415078,0.418453190007253,0.47024196678015057,1.6549712614853829,-0.23265726812307655,-0.3528521027843949,-0.48733055979088175,-0.3792005938791775,-0.3478797595808908,2,-0.9928348525223012,-0.4506589530615639,-0.837083612328585,-0.047821631887933126,-1.0181546129320167,0.07932970284841306,-1.1448618039258507,-0.6054077413493442
0,-0.9049460811755621,0.3543081669141164,1.096333242783291,2.072622866505311,-0.6257907972059963,-1.3742211394455277,-1.3688576353722235,0.7019230451045222,0.39407522222883695,-0.252299855576262,-0.3138258936517592,0.2916078171104866,0.09472156147279834,-0.21311479003904898,0.6199094923517762,0.6855789278277659,-0.40946242705320524,-0.1648703635998261,2,0.25309959801972165,-1.2596117147228232,-0.6609917980369665,-0.13858845242106,-0.5751706565513515,-0.8169629534696949,-1.1140619850638158,-0.8211312844544539
0,-1.7204688069971996,0.7885304739233242,1.991582137417519,1.808970730891263,0.83790481703418,-0.32218879206238277,-2.103631971395175,-0.005656231312213711,-0.19674662702685247,0.10628544373672491,-0.41904498745994345,0.17899530817104986,1.4714815784997863,0.12312609580643419,0.3012664279601389,-0.7441688373190652,0.5955268859836174,-0.4634546461673392,2,-0.133383745222975,-1.0153540467381357,-0.276933884445465,0.017307876464608823,-0.495201432147601,0.09613948129950495,-0.781530953192811,-0.4468741708115448
0,-0.21547439622415004,1.3666437494361554,1.8525233557924805,1.0690160893248002,-0.38469273125810627,-1.0836935761881956,-2.2191408876305645,0.9599961767732248,-0.91243808621851,-0.5717516294895172,0.2821621181470009,0.25328321308824076,1.8185822609274513,0.7694074406407825,-1.290010161488674,-0.9295026984741036,0.3642679060724301,-0.27375668604200515,2,0.1707374281474412,0.40425096638511426,0.10761060347230447,0.04941732400882702,1.6268383068852983,-0.9821625633775728,-0.46746022131517295,0.9909841990038042
0,0.46224660565193,0.5824551007459545,0.9257381577021706,0.11450793719422087,-0.05608233514174976,-1.08581343520557,0.8211403596526945,-1.1277912212626262,-0.6194429003213421,-0.43463904346135196,-0.5153034078945287,0.3699685535581867,-0.9776100769220064,-0.9216236729485494,-0.7669231137281937,-0.26055819340194863,-0.43391493443628415,-0.18270298175473673,1,-0.9554300248368239,-0.15799012045306055,-0.5876924248380335,-0.0878779716115308,-0.11224476266462435,0.14631978744453378,1.9575028037971012,0.30051348356854507
0,1.1438986280012151,-0.7261233260506506,0.3071703602819232,1.8536257897763901,-0.17156027773799257,-0.37883789775473287,0.6538585554163128,0.8550371553347429,0.04705448953117071,-1.259856213298558,-0.5828174872010432,-0.5650388095941201,-0.7562330818107353,-0.5913333977757279,-0.25956926135029046,-0.4293773294288038,-0.36682568887264233,-0.3865825355076881,1,0.01996189789703015,0.17011318154779603,-0.4961816588695955,-0.09851476887910066,-0.5686326116788936,-2.4875815601451206,-0.663673648280245,-0.8512155503791266
0,0.729005916946066,-1.299948508881844,-0.6479238319250288,-0.18483162950994597,-0.6558821095061527,0.21447121415108872,0.8370121695361664,0.02483177440104494,-0.7014569329060139,0.29614853486306625,0.7313925952502099,0.5642455700728727,-0.7115697641853149,0.24819552882366186,2.27093877442596,-1.1037302025700662,0.7260442477277779,-0.2904582140299806,2,-0.5100752740013794,0.13623532239064873,-0.837083612328585,0.046980253459561375,-1.09095311408826,-2.5516888768221273,-0.1287149067203286,1.0443396793864956
0,1.0918666959466732,0.2363943604844292,1.019835135055791,1.6127827481541341,-0.3364369455320264,1.2218280498002634,0.8668428260130956,1.7690645969083016,-0.7234880692714027,-0.6758015229179032,-0.19528374129662357,0.17896491812194293,-0.9303733057047616,1.0229340961995175,-0.8968694732629352,0.766185319774285,-0.3473481983873844,0.010308380890552471,1,-0.904839788431842,-0.22859747508537132,1.095003749645715,-0.027015166383489223,0.5628957336347349,0.27587998093844535,0.38583025325403986,-0.17808356993917024
0,-1.1715637893479296,0.33262160528929274,0.048972339362591044,-0.044215590950265664,-0.5711393753505878,0.509134654254458,-0.011725594567685738,0.4537572510091228,0.912052102257096,-0.21284926628869344,-0.13167675524812159,0.8773781874262299,-0.16701804999808284,0.1262545454276242,0.2622376873979644,-0.27964340992261294,0.9959711399047722,-0.5049052145277779,2,-0.23244032970507583,0.5540376257728614,1.1901680931468894,0.1079330192041178,-0.261516441862792,0.79514907449981,-0.06811087989513409,0.827503250327782
0,0.8471093934903227,0.45305125865508733,1.32015393581306,0.44101957570784345,-0.23375544950058302,-0.44999252783902866,0.6195614672431053,-0.333369201483501,-0.43544088332345326,-0.32604804546884236,-0.7461527311935385,-0.21123419975848895,-0.6240383533433593,-0.9441083089547718,-0.1953732505880578,1.4716637135922914,0.761503780004121,-0.5326064161734091,1,-0.3693926707589082,-0.8075993723622122,-0.6729366004424424,-0.0052742091527586965,1.039953182748829,0.28607236644998557,0.10966231273353905,-1.0994098497370772
0,0.35593161736589735,0.3265711719986467,1.2631113816740722,0.7143002866270117,-0.1351034456376062,-1.0261751747259362,-2.1649674686916294,0.2258753219596217,1.349417555025812,-0.768301981579574,-0.8618344643510081,0.377046022155235,0.9386779969149037,-0.642690554399067,1.6198799155484722,-1.5370511770396718,-0.18525240260159404,0.03322199369185913,2,-0.037928401674015594,-0.87182424961543,-0.8225466420694808,0.08840151451977732,-0.5694722272426618,-0.23405398473158684,0.1076528230244169,-1.3822348215118812
0,0.9886160956128225,1.064488444985607,1.1983285829989845,0.655082836415329,-0.9296432212414666,-1.0140902917630576,0.07234559027993126,0.44925539900285777,-0.5938291514598936,0.31665723258825706,-0.2775193474536794,0.7773328601491577,-1.2781300345600373,0.30103621604629716,0.33514334580020033,-0.42877803666321346,0.4869921047306483,-0.38193887882264577,2,-0.41689291759437463,1.6007634863509834,-0.4606105060344956,-0.020621243897919077,-0.4531309200591811,-0.3269745608254766,1.2433231486719212,0.6506170364258519
0,1.1831529060940187,-0.6057878278640623,-0.32107183889854385,-0.06328842484935016,-0.24216340340502895,-0.2568441032575087,1.1360232828800882,0.42791914657131114,-0.3317033607810496,0.577200181686829,-0.5020126118087022,-0.6698296165644916,-1.0542214437201112,0.11108905185813112,1.4882491342095456,2.0003176685105113,0.33591367862897215,-0.4860947021497094,1,-1.87737378862638,0.7309345251277394,-0.6726461652896081,-0.023522623257899777,0.35377740776156485,0.21430742494269933,-0.4343386507567268,-1.6487054699570405
0,1.2288909389788667,-0.7015823535468331,0.45361660876288884,0.7999844354450174,0.22873027255929268,-0.7042035878066697,0.631070052027739,0.5516802865099124,-0.47230683146845154,0.2113280553880961,0.1847530495687229,0.8874378860102261,-1.095994886639641,0.02808287251270747,1.9056052129375785,-0.22784824641474438,2.0189387414155187,-0.46098325317939703,1,-1.4904245886649505,0.15591630511167537,0.3045592367818964,0.06674821032453372,-0.43908984453137767,-1.4457790479709791,-0.5795703857704348,1.6407603829241326
0,-0.8869821775659107,0.18890178788266954,0.5494018385680985,0.4951281001763609,-0.6068328853111953,-0.31539770861193506,-0.22458333309211576,1.650035875439146,1.1385323506243155,-0.5049559906188104,0.2802674211180973,-0.1078898917919702,-0.11128480256687126,-0.09187939596690928,1.5139167771398712,0.9089166643787764,0.37543397092767417,-0.26970866724043147,2,-0.0624261384425418,0.2513908949847472,-0.5493797153837316,0.007737029397017078,0.6056953993673251,-2.283434703411286,0.4518388593928473,-0.9725839343538167
0,1.0545275302091843,0.8697570750963503,0.30237713071887523,0.18339298813813706,-0.42468109908480944,-0.6969262568403929,0.5777274497093978,0.06831984602605101,-1.2044162168679482,-0.5393150926776801,-0.41571115081038695,0.18900966455895168,-1.774904685259746,-0.6672962505629828,-0.06889331166378054,-1.4759376795080552,-0.5039363157309924,-0.3407161320566966,1,-0.2317086621725309,-0.045345897471099184,-0.42771556431748375,-0.11733552836362804,1.4255947238731819,-0.6258199052421205,-0.31642905186281145,0.7132183926605884
0,-0.7688975912511135,-0.8853135545388252,-1.190435446075875,0.7802230757862119,2.8343793437789326,0.008164040759260804,0.7212964366042671,-0.2991324838427006,-0.9505884894253697,-0.17215369345314857,-0.10434078116121195,0.32008456039901134,0.03428300921495048,0.14006144676914947,0.4862648643420855,-0.9155693636971738,-0.448759660882731,-0.43011237675881864,1,-0.5326694725667285,-0.37162806560631456,-0.0012274574188937577,0.01664697043696166,-0.274819929686231,-1.5465990184972793,-0.9575711232903605,1.292961552826342
0,1.377998702338136,-0.6817968688729709,0.6163371785298639,-1.8844794014248671,-0.20891212740700815,-0.6983614666953639,0.8446052691710806,-0.7587843561633724,-0.09195650458966682,-0.10569070664391883,-0.3870294973972203,0.4970952287627089,-0.7216571698780996,-0.7224711441842387,0.3825004943920817,-1.0561327049741545,-0.2517236877009526,0.2784000218591793,1,-0.8713449757038784,0.4118095506602656,-0.6818295279620252,-0.020061612874652107,0.686404637497835,0.8983579917676648,1.3042769188675565,-0.1828001258141373
0,0.6922136833929289,1.4993735202910115,1.1850906618601968,-1.7783615264570525,-1.0275141051129875,-1.394941357746637,0.7372783069162485,0.4421016252606368,0.7581092689357731,-0.37213654662731555,-0.9687688999549997,0.6245983134209421,-0.14585545391089105,-1.234378305306387,3.4142328404491327,-0.8828609984402731,-0.04795613437463064,-0.35849657420265535,1,-0.7112739285576039,-1.3327126225467345,-0.2599284375898382,0.06705813643515167,0.4490110286216678,0.18527766867043846,-0.36666206027327297,1.22868991914702
0,1.4852805441973596,-0.14435197500948016,-2.6090856176477235,1.411267513664317,0.06709830506701747,0.277933881064847,0.8332829429356964,0.33427792527756794,2.035199911832723,0.02124992191773678,-0.1328922775147488,0.14310194422853467,-1.2180502521167487,-0.4473390505981739,-0.015251913958629348,1.7287559807812531,-0.21626553823357786,-0.2913209652753087,2,-1.1717198435970553,-1.2111682351560464,-0.7792247042790513,0.0040166715702252415,0.7538048939501489,-0.3143881707663038,0.044232517186999165,0.10240382730619912
0,-0.2877220100619724,0.7859830727265306,0.6518211809276858,-0.8966337984371362,-0.6782134776123137,-0.4886669406593111,0.8120208189245076,0.2534375785736872,0.929174384096884,-0.6314402902455748,-0.4688437030135258,-0.061269555816959004,-0.821301190864766,-1.2261449383146856,-1.1838705723638894,0.2666756083144218,0.7362340187056586,0.724053713081211,1,-0.3214739622045207,0.7108549304327766,3.520280568559735,-0.05582604399774395,-0.28998871778764085,-0.29617421769680347,0.4695243467899378,0.3967422251083721
0,0.85816118010214,-0.37507347884784376,0.42416720202320385,0.6523583628856748,-0.804764597363606,-1.3505362753805206,0.6924121442853164,0.6972834162894763,-0.3369492967146597,0.6922561301009392,-0.4027416598280601,0.341269812595532,-0.3841513014900095,-0.9800865645641592,0.5682235200777941,-1.342656667703232,0.06084224192744897,2.2037328752453083,1,-0.19463636680061772,1.1606597584605642,0.20965624378062758,0.32054238445065997,-0.6071227315172798,-1.0687444091563578,0.5867071475600686,-0.26881862334883405
0,1.04811243203406,-0.45487446167654016,0.9441474543472517,1.243198369129297,-0.3692109034999546,-0.26094524208414144,0.7965847937410404,-0.6348361331268861,-0.1657795150236704,-0.4658972097711907,-0.4115673716414403,-0.29584015433035743,-1.514066726380164,-0.5392010754093126,-0.820869630580379,0.981249224301093,-0.6175046383979426,-0.1845804428811218,1,-0.6241947291923386,-0.6364221515735331,0.3878817857849543,-0.045643347515483476,0.2864287458128537,-0.12546410089029236,0.09489320474039556,-0.5003493794033251
0,-0.39585405811305746,0.8181107899892157,-0.38740102398333626,0.8951188371523005,2.978092791306198,-0.08995666610943684,0.7373902898435482,-0.46609834610326883,0.835209960157722,-0.1380963329120916,-0.0337838392338311,-0.29800146472899725,-0.6261629278920584,-0.11405990860921594,-0.764245111890412,0.1995531569995389,-0.088682386101567,-0.505563416772578,2,-0.3773623054241825,-0.6236022998268025,-0.5889789642503699,0.05520753673368946,0.4270546616686856,-0.3495548726884711,-0.9018571666833667,-0.6946467097058793
0,-1.0261599673955024,-0.9305386989092244,0.9711182813114432,1.7240700029145672,-0.32553374715014105,-1.025419816205779,-0.11996111583864388,-0.15750247389224292,0.9606231022696423,-0.7324686415448154,-0.5242915447770129,0.4814734920607508,0.49250127440201885,-0.6492692885061583,-0.25245098023209056,1.1837461186922191,0.28234764098346055,-0.08777830754141552,2,-0.6953793134788606,-1.6958383091246518,1.1314732126288656,-0.0630144061792259,-0.6346526911436133,-0.3972169084208754,-1.21975314077183,-0.8922027131794247
0,-0.5687905700023056,-1.3000232648468817,-0.9061923548692682,1.8020462214550195,-0.826783706814514,-1.0992305064920744,0.5085519625996482,-1.1836750029474363,-2.0076767526222117,1.3483098003517564,-0.7450118413321808,0.22924730139239619,0.0908442600075906,-0.8655174229968461,-0.14106422356339562,-0.03715820830706329,-0.3898585838451111,-0.3233425890381024,2,-0.05785320545084893,0.6314421754634484,-0.837083612328585,-0.13858845242106,-0.6185680479906385,-0.18723607929989922,-0.5926924296393306,0.8901451875575984
0,0.3970589112735369,0.21952382540058601,0.9943933149554096,1.4642032181961138,-0.5706758369012517,-0.18640856009270018,-1.3614696927469838,0.08451856304697059,0.6228102857694231,-0.6417336491867286,-0.9882307237734205,0.19214978018354995,0.18397378846536455,-0.6571093997028392,1.6052427487796779,0.2617831274255854,0.757220607316548,-0.27428962941731794,2,-0.30046119917707614,-0.07209304325552246,0.2799301936809661,0.03419932575633468,-0.9894381767298852,-0.3417800315498647,-1.166100515723131,-0.08783825526014383
0,-0.17593447636361817,-2.0078349242066857,-0.4979021966306101,-1.8988224956234632,0.5173579717854092,-1.1883998857341718,-0.148317222029287,-0.6113249381095119,-1.2384124067522324,2.1670887726149752,0.8352696606239542,0.5887398239765245,1.6917348901771079,0.49232479038622334,-0.11180638229871545,-0.6174838225151666,-0.2553259454821382,-0.170771441548898,2,-0.9106527891923875,-0.5455785400467232,-0.272049009955572,0.040694089730409375,-1.0429918043986546,0.2872391788758687,-0.5344367968682706,-0.9759569339737804
0,-0.18623409998294066,0.6581817273671535,-1.1589181685751777,0.43055706213991285,-0.020769095279731975,-0.3900031450582354,0.6696067924593851,1.0263333936735877,-1.9687686661646728,0.7304452971138523,-0.22545001879496407,0.14054249109303127,-0.1105062951830145,-0.3031571586912016,1.725953791740905,-0.20472928627604997,-0.2123371705420607,-0.5747719427091753,2,-0.3914079837918516,-0.018502244155032765,0.20461389141920783,-0.13003194262154974,-0.7507015049415493,-0.43960105241034797,-0.43186860225434043,-2.31159320995854
0,0.931203972424978,0.5798922423526256,-0.1671624031410453,2.0759288272739544,-0.5940031586566407,-0.581130165725371,0.7977518940778503,0.8820748397019695,0.5261050963352845,0.32435067936056317,-0.36597563895500884,-0.027861407973426983,-0.8565335750678842,0.10021123918048797,0.8509373836243675,-0.01920785722148355,0.35459368301242056,-0.5700406654476086,1,0.5082865881886266,-1.213703733179858,-0.3063237910628192,0.018821207606455462,-0.59077468459814,-1.7546906864014038,0.31926194481696324,-0.46731180722427945
0,1.4326745762475173,-0.7763341321702892,-0.3057773968227856,-0.39812784117851874,-0.039162912897384494,-0.9345721773896347,0.8089499597815143,-0.518475108932519,-0.8554095905861332,3.0550731313829993,-0.1641744281488957,0.7312450489069032,-1.0924962445694042,-0.07924775902389362,0.9194701289618192,0.8710374113562993,-0.21265723675323295,0.10883073793121867,1,-0.7779840703161739,-1.270680225860323,0.5383150789962673,0.07994191694419248,0.46399434475638274,0.5182848194712978,0.038342063659973724,-0.2841683035298248
0,-0.7102722291832081,0.4255568213923377,-0.8603019031599943,-0.7704294459818983,-0.22099638886866735,-0.4987369919562278,0.3751917600042702,-0.2727743474360301,-0.9707070785353932,0.5294309474191042,-0.14231714168696458,-0.235327020584842,-0.13838731923237652,0.1789939846011164,-0.9133633196229881,-1.1551465665369816,-0.624179338315102,0.27375524739356294,2,-0.5890088945452141,0.4811917934045762,-0.21492134974864777,-0.13858845242106,0.5522670611202222,-0.3512868404015457,0.3714862416702267,0.4097732792673482
0,0.21777613636640458,0.1137102134545781,1.6499768456108108,1.4291059893150315,-0.12280335413442471,-0.5960353305237185,-2.4829009864894345,-0.2062737758405475,0.6014213979419577,-0.3140516648906723,-0.6534549114976125,0.5172201415870052,0.24678336093118164,-0.2907411350493875,2.613724050650459,-0.3436335342063745,0.9610875503616452,-0.15583537083336996,2,1.03025436057143,-0.2762214901850188,-0.7966005996363082,-0.13858845242106,1.682145502344031,-0.6151661644699027,-0.5490614159867326,-0.24667406934182412
0,-0.17551046029982975,0.20682777103640054,-0.5236489838290068,0.6151595582774105,-0.43140764371011003,-0.5407326987322443,0.5977102959412237,-0.4973699562121602,0.7399125043303887,0.25001308972935693,-0.4433723725219747,0.2810453507707648,2.5133953596766174,-1.4459329005759107,-0.0754310589146383,-0.7839381688224685,-0.40909278110015446,0.487528743222645,1,-0.04465755521064915,-1.7623089442710262,1.0442165471806824,-0.06267540546643086,-0.2547732356360358,-0.05204803127159141,0.31678980330221873,0.09661213339909122
0,-0.20258499802742216,-2.3462637077213024,-2.7061780264616275,0.5265018441045226,0.6029500352757527,-0.3234205681019359,0.5646629368619769,0.5154619410840716,1.1146940009859658,0.496936634432956,0.34614800385263655,0.23667323571616977,-1.069665057936038,0.4082839203984352,-1.0946255574830355,0.46080144726499456,-0.6310041743867032,0.018014745971059343,1,0.20074044338328634,-0.8626154406681644,-0.6981518633936816,-0.13858845242106,0.5981737868087126,-0.49237997008801654,-0.35120744511973495,-0.7901507110028899
0,0.8470857803722425,-0.38090896297860016,-1.965592811778655,0.5792163519000023,-0.9670014020815876,-0.8206312137724234,0.9466899952032777,0.8654709508862557,0.7008425744520247,-0.30989901878756976,-0.930297048613422,-0.0006414708771348698,-1.02251473448044,-1.1490867098167716,0.3145227180670843,0.6697779086548519,0.5637861140521666,-0.18430039399841353,1,-0.8711630913520481,0.6480279096810577,-0.7099327146997905,-0.13858845242106,0.3263782367349759,0.39007616597823547,-0.41774589248304905,0.1282966280854423
0,0.10251284250712023,1.0727943214591806,0.126985637357306,2.154263671112308,-0.18626467198733773,-0.922533294865147,-0.972088602857619,-0.0774972361050688,-0.7962489815301234,0.5252088404648773,-0.12198435875069269,0.8496508556839275,0.4802467760522055,-0.3868141481666824,2.729692086059493,-0.2629829580556875,-0.023987904259872975,-0.44490633888173425,2,-1.680463099142148,-1.698671665299666,-0.34993502567949736,-0.013053692677789497,0.08455909359851098,-0.20208802423608485,-0.4398242766697339,0.37961146176259
0,0.6922169287889594,-0.152788254352751,-0.20665114786540834,1.5204616272856184,0.28620141273170896,-0.6658920270265649,-0.3801462558238844,-0.8545335511759612,-1.860740972302574,1.060077699633795,0.4198890319340718,0.15982754251264783,-0.40967893443533393,-0.26392376532317174,-1.7629918927041381,-2.1703715404616952,-0.10869234816724072,-0.24302769628056212,2,-0.6393867083266978,-2.1639455939944536,0.0935340180592038,0.21016290949825722,0.5270521436996967,-0.14308199162018553,-1.0401581240481033,0.9889095809889197
0,0.9108099376121594,0.0940906040051418,1.2870515195626633,0.8069431172620258,-0.15431468098515716,-0.8605009472926469,0.44607732208584927,0.4128357558914877,0.2358114746350104,-0.5178656799560515,-0.9149042986480489,0.44213943508871045,-0.38656021866191004,-0.6316198940314771,-0.28318954858691536,0.47713904741285534,0.00012533406603537633,0.02902313219094116,1,0.8068336457170434,0.338632871114782,0.12106416821010677,-0.13858845242106,0.6875895350124074,0.7847964829613066,0.5915843694001188,-0.07039551366922422
0,1.228848727061759,-0.4749369951784557,0.6887491804836672,0.7601199246304905,0.49944077423232913,-0.5967995382910499,0.7449542386401221,-1.9996168253203368,-0.6838912405875875,0.026858495417373507,-0.16015754928064396,0.41389534359084657,-0.5839425137558228,-0.031718872888139016,1.7213604516102865,-0.15543699460421412,-0.49310655563551187,-0.01451399503359918,1,-1.10957891712961,-0.13095410522997522,-0.8108944494223886,-0.12058178384225861,0.5243576401493653,0.035017862460759996,1.6195285139839588,-0.7283671920891662
0,1.0472235656053261,0.12954364570790666,1.2520476891538093,0.49772497784148306,-0.07209761896763622,-1.0906596861822013,0.4220494578724582,-2.0297524316022852,-0.6425045376428449,0.7462238955544909,-0.4694359060079384,-0.12635897710063282,0.7566073457094933,-0.18503573043246951,0.9686150766635899,1.0200870183480046,0.12242689109537203,-0.4317029857094361,1,-1.0650533459783365,0.3381920272270762,-0.8033425456331755,-0.03458713661763589,-0.027899714134170167,-0.9609061697402418,0.3962928509432127,0.7045240957472891
0,0.7882591077219259,-2.2076776913917433,0.8427156093634389,-0.10880246909338842,1.374137047190611,-0.32621981916314446,0.7096324573369645,0.10657981673041972,-2.5234010344842774,0.9713416837216534,-0.3393115811817907,-0.3080130847953321,0.40452768446247783,0.6497699734771116,0.33561439117160885,-0.012574484175895018,-0.65175997996054,-0.2458903146439063,2,0.574151654754085,-1.0542201150451145,1.1703844123132574,0.000656398778325129,-0.5624262662883013,-0.45604536945454277,-0.7733846297272745,0.4344404572324563
0,-0.8764704507890091,1.14825930014319,1.0174762187509911,2.139381068001719,-0.819616477334281,-0.3913244456563636,1.1175243863528146,1.3405672569732918,0.9313338689758421,-0.702455860654357,-0.0802333995688358,0.3157044746065252,-0.34019058984170747,-0.43442817661593697,2.2033898694734866,-0.15915957032052586,1.2910631055552515,-0.285909487301386,2,-0.2991535637176632,0.38261619906792,0.31702429270912147,0.15122166694822747,-1.0033176995147977,-0.2658502883328804,-0.4923005774982018,1.2229960723576703
0,-0.06785804627730746,0.24884675136897316,-1.8924492158002797,-0.7714533962165943,-0.28899077361003017,-0.15737805242153666,0.8543543766949385,1.4845475011254505,-0.7144180771381761,-0.27641727826021,0.8940896027063265,-0.07510036882512844,0.3750773857714421,-0.8385676219626292,-1.3135234397082682,-0.3096476376662866,0.11208780591129999,-0.4728838651133657,2,0.41305060111111813,-0.6096402555159701,-0.010223783923985633,-0.052696413090509396,-0.38132215240004214,-0.564943895723559,-0.4428774054735119,-0.3516006823666416
0,1.2721471224765932,1.9150423142743236,0.6865101543676064,1.4794835652503375,-0.003961266905507443,-0.9685163514909831,-1.0029583113221447,0.9869520931651559,-0.8134962965348254,-0.6466259576369799,-0.5057833109035792,0.1606914937742176,-0.2426594000533242,0.25339633146195784,-0.4785766301399479,0.6706608119729366,-0.14633695348780484,-0.3255483230401131,2,0.8913559233801105,1.0904887686465095,6.929674444370221,-0.13858845242106,-0.5105754719873752,-0.7084307885526276,-0.7475480894273494,1.6252048247357758
0,-0.7540048555329517,0.6383641720929123,-0.6467269022449199,-0.32097486175217704,-0.46739518081401304,-1.2412471924929174,-1.536585029988352,1.5050452201036693,0.4429901381062519,0.6607264088345142,0.24103209290146044,-0.1563303720909452,-0.8405826517870971,0.29685136730053857,-0.8256780692996442,0.5777679243434404,-0.46869360041654423,-0.537615763056583,2,-0.3415648946809572,-1.5943625859991926,-0.17579638324943536,-0.13858845242106,-0.5331965360996568,-0.46608218454351236,-0.781813694405354,0.30860828363668846
0,1.0056344933882944,-0.4950304524527031,0.3363965420235816,1.3460980775799942,-0.1850722299413723,2.04217532473536,-1.5202378311026004,1.243177249676481,-0.7377322687615904,0.06504854045706632,-0.3634150656785577,0.6088388261136761,0.6586318732347514,0.1404476737933763,1.5127742657031966,0.43154906285648453,3.377288817292885,-0.12481093147702407,2,-0.3002641183717226,0.2127769175298272,1.7530927376778562,-0.04947837569816412,-0.7715703301825544,-0.6256587592866659,0.696544805388453,0.2059448722169396
0,0.9734142583258224,-0.47203445407782924,-0.8578504776084743,-0.1600846319168676,2.4993861920697173,-0.5016895103819514,-0.5405196564778536,-0.11468234330273283,0.06342528348935839,1.2769504433197816,-0.2944154238950329,-0.6043222371661772,-0.5284998773165817,-1.0214987969249718,-0.02544081564236983,-3.4462153231763715,-0.5678884952311343,-0.07977391916336152,2,0.2983767687236384,-0.6791206876605063,-0.13071924239289798,-0.02435572127166946,-0.18864129573107452,-0.7092493423286774,0.3772351923309419,-0.6160080282331932
0,-0.9433121818194168,0.30492386383136943,1.128119834081159,0.5385773235241623,-0.36126217396669047,-0.8065286358815205,0.4487529350505385,0.4802232084779742,1.0482848568508514,-0.7050604989350285,-1.0468625955510709,0.13974945011483803,0.04206740478571014,-1.0171195640399602,0.5529735815009453,0.7537053430905903,0.3493804270004946,1.4393218578122045,2,0.07235685346268547,-0.16827012529622842,0.48964059880816474,0.1424932596708159,-0.29904511807142814,-0.3404191946509904,-0.7443930313052805,-0.539108496379449
0,-2.0399812938656114,1.5161993173031745,-0.390585780424379,0.24458007721020647,-0.5831731390117967,-1.0192095111668271,-2.3028689252386387,0.48193981676483216,-0.27741982822898265,-0.5246141332601268,-0.0598947600198409,0.5272931834816593,1.0770072362363923,-0.006877250800603363,1.0865405495946805,0.09276451879798997,1.4400264447281756,-0.4064958474240452,2,-0.18011405080108822,-0.4556189910087167,-0.46578597135316513,0.2617838545980926,-0.17528743126361496,-0.3142658999794768,-0.012493125525916748,0.24154043162910754
0,-2.8910104710384887,-0.3643361871124302,1.0770887652697843,0.7699359466305373,-0.9348622442969947,-1.0566125251786516,1.0556200359081083,1.2050769236242234,1.628802340983392,-0.5744268621941965,-0.39719382019049765,0.3483516068653249,0.6021438830683067,-0.9848948726544929,0.44885350340524577,-0.1339752258772987,0.3861215498391929,-0.2520210296185906,2,0.5154184730792956,0.3095867553255292,-0.05447819885047134,0.08211152564182544,-0.7933212669868828,-1.2705613175731392,-1.0961093418145602,0.9596704534198477
0,-0.9866846592205132,1.3388470378049837,0.44209061607887223,1.6311175309648378,-0.17375295480949599,-0.9993893878546933,-1.5323841104630231,0.19403432666832787,0.5697122764321578,-1.1829561686458867,0.08488750918560778,-0.35447997655321134,1.4230312675448662,-1.146969369367071,-0.35904877864318224,0.4057640433301319,1.2184614079154108,0.17614192805951218,2,0.271241848214939,-2.0659408126052883,-0.4907768797622788,0.1925596129328064,-0.6064001888424931,-2.191441511782555,-0.8637847359223815,-0.3132664002041647
0,1.8242875897053512,1.1477607238245935,-0.514433147799572,-0.2280985392912221,0.12268412771547565,0.25143908577331664,0.3377923182067399,1.530635935326834,-2.6770103053737664,-0.1238040440491689,0.5177120127494885,0.42291941394630694,0.2947658007709111,1.648579787198188,0.08018060053213494,0.36292912944027433,-0.6420113181729897,0.14552779328401164,1,0.27568229528876464,-1.508281492444439,-0.6662862824900821,-0.06709607760263571,0.9611554182036678,0.26206457094367314,0.25665893173239057,-0.9805383927396751
0,0.8606271233610205,-0.3494524477702584,-0.04418231215988766,0.08359115593089816,-0.663688320585123,-0.9282468745648118,-1.331589800211111,0.031043511255407552,-1.3401761365718035,0.38786969561019025,-0.42842354581564024,0.36083133987860844,0.5374929223315763,0.007405952002301874,2.8732895033932566,-0.05583729677574695,-0.048674622022555236,-0.45209297119234265,1,-0.022919295514849225,1.0834732029190657,-0.14864540367954415,0.07934156172063186,-0.4713857435595847,0.355626997093219,-0.2537021911872698,0.33152634620442434
0,0.19825570492936034,-0.4215349811861323,-0.6645028028894138,-2.961420638678428,0.8309137927029913,1.9559698004895891,0.7746389943501171,0.3060776908610511,-0.04537341188281191,0.755670670990379,0.46000605278296325,-0.47239319164551774,0.15725021222152114,0.7336751100870178,2.0976136910050247,0.43516957007364837,-0.6407886222590242,-0.6166766161086509,1,0.06652994675637991,-0.27305011498273474,0.8128013850958097,0.010224182755642228,-1.030454628691691,-0.335455681325615,-0.6135627016349869,-2.0747809076690316
0,-0.6592035899673983,-0.36415022770920696,0.6906165144602506,1.2191184076202735,-0.04244994372274247,-0.4775005726509442,0.8774901303178643,0.9140396725810231,0.17805733822186703,-1.1182332137862991,-0.0369237209554365,0.3420885838143086,-0.6012075370190162,-0.26007360642242194,-0.42467394915400436,-0.6926966505364011,-0.49771719649765106,-0.1499283533441566,2,-0.24456616994750607,0.8659827024885097,-0.23326646825791808,-0.13858845242106,0.5816593285681657,0.20464595468659405,-0.5411054565329296,0.607557302795015
0,0.3393208122867158,0.09592630651598777,-0.37896913749381134,0.24447302549724628,-0.14326338350067597,1.9833855756988275,0.5029193122220996,1.3388846585799885,-5.211628157584315,0.6199766617773799,1.5383164020707298,0.3669856983097818,-0.023031455610359186,-1.4162419640019932,-0.233684650664187,-0.13914019176305495,-0.2978307755566356,-0.3032187749055795,2,-0.03669411748959012,-0.4454149594060661,-0.7893533956600642,0.0022350357642710733,-0.5099444973635148,-0.3124659084250431,-0.15150667234794654,-0.38553856639790224
0,1.0973504505619482,-0.20792376814014607,-0.9942194699938658,-0.46234715141068095,0.07857133464495025,-0.26924757576518954,0.49101290682498683,-1.3260397197459162,-1.7341606877855051,2.428587757282009,-0.4518520377990774,0.6527923267906585,0.016776552721439464,0.6138957053338655,1.3375651883566668,-0.7541460190278819,-0.65175997996054,2.620752742042616,1,-0.37070125171091806,-0.7128107481101055,-0.837083612328585,-0.07004053008742889,0.6788083345903734,-0.3937445699936515,4.158834432150176,0.5346783561327483
0,0.8474329814533097,0.5595018264741367,0.4972642250461534,1.2946828961492662,-0.5092471507080725,-1.0489129592616586,0.5509899582606081,0.09019427500642674,0.9034957689169146,0.036984831879166735,-0.3830027740804308,0.5367344626727828,-1.3880895694265685,0.32915253446796683,0.060637612668726026,-0.4759910737707058,-0.2602171082422854,-0.22150476217124812,1,-0.9858669909080499,0.6317106736940331,0.7671355039951273,-0.0011738293042701034,0.012061354682993103,0.011268925023364074,1.452919569472949,0.032502965483129614
0,-0.3930127641724719,0.22653265200078188,0.8024271666652479,0.9630271681096643,0.3135887563629063,-0.3281825463189214,0.6095174798239346,1.6043857612780013,-0.362365402754051,0.25733124326137385,-0.39164385486442105,0.4053306758857325,0.3270148352741222,-0.4490919005432956,0.7635361252207881,2.7285282145411793,0.30416001799476283,-0.48033800958348916,2,0.5317042532642866,-0.3646682855607552,1.029164963790421,0.008608649455024417,-0.22152930831952009,-0.11286924901339031,-0.8056026729120339,0.04584042892640522
0,1.5482559906325626,-0.920953633056066,-1.4448691643755303,-0.48997220117910945,-0.2450523159789412,-1.2794551723428207,-0.9883759593593415,-1.3503613348812378,-2.134468975295348,0.6986389983252841,-0.13646380493951205,0.5526716650743766,-1.5367040521927335,0.15905597038246422,-0.021485267619979265,-0.2860957816620481,-0.65175997996054,1.0424429755173192,1,-0.39007412111714623,-0.3810505943220659,-0.778119786536651,-0.13858845242106,-0.5120832341425704,-1.190342185288162,-0.1801429819759209,-1.9954072233922049
0,1.3363080275807215,0.8074975632572305,1.272356436721358,-0.9643929458101232,-0.13090096551964747,-0.9904588976847133,0.33397407966301407,2.7159861182522462,0.3498071850125499,-0.11327012009232257,0.06552387717617697,0.4407295640954319,-0.16710824611114916,-0.06506915480058678,-0.5235158598004899,-2.6439633137890057,-0.4975178148906955,-0.2418701383727912,2,-0.2115218821142845,-0.4365497787775573,-0.70500274473666,0.08535166683378853,0.8290919213566267,-0.2970788905690922,0.6812362555757143,0.678361461748093
0,1.3950855354101548,0.23462750864031034,-0.6289416319119767,0.4426719862609954,0.10639843656256726,0.11345030958990654,0.9049493714408566,0.014253420864930866,1.1077857687148445,1.091182402695489,-0.4957072039436301,-0.3684056019002502,-0.8496706021531768,0.37463910086360575,0.924575978553492,0.021945139331472574,0.7212683324902682,-0.3168961531582409,2,-0.21147322413481057,-0.19593817269092678,0.4335210436234365,-0.06317162529983605,0.20325484377209463,1.3317812873381079,-0.45950206840079777,-0.681334190244193
0,-1.388896952378021,-0.4167622724558507,0.10839942136325897,1.2750581790132791,-0.3096200699173418,0.5636541767372045,-1.7323704934866888,-0.8635562535164262,-0.21790368410019867,-0.4906491608054421,-0.5532480816192733,2.6204000977363178,2.204923120556361,-0.026280962410784675,1.9925577786666064,0.14593065460640758,0.007598773431161832,-0.3716752989858226,2,0.49065105414560917,0.41688586322907495,-0.25414304966293777,-0.13858845242106,-0.40305987940465166,-0.9704860021069406,-1.0985628629312698,-0.017100414377178852
0,-2.2902238803344153,0.15630309054017782,0.9238087168660105,0.4537536422256204,-0.14661475441270472,-0.15098563514803606,-0.8012568565913643,-1.1732627081414972,-0.2931590191504837,1.0159691352201785,-0.04913227809879642,0.8705444106488947,2.0711279568147685,0.8615029876210786,-1.4953537303313988,-0.6489359525440801,0.18571666766730785,-0.12624045745008283,2,0.06866946233707248,1.981765459281649,0.09550764026276104,0.1041298017337638,-0.5033910169796841,-1.2063034659286425,-0.42363206905581285,0.20218143157477972
0,2.24867707487614,-0.3290164510427458,-0.7516360051662497,0.5867099415862715,2.43536859187628,-0.6805076819877287,0.7958418226180048,-0.7068914135281812,-0.6085137491282451,0.5903794954292336,-0.4524838771628172,0.2707057622243578,-1.3234582929782674,-0.5278354516934683,0.33906828389630694,-5.0564211033788755,-0.6142745549970852,-0.2636542808195976,1,-1.238053799806413,-0.33353546423731595,0.508599795108923,0.05214873731690807,0.21297110899612917,1.2923659750921523,2.1129512125247802,-1.2731583269625661
0,0.26544818106312973,-3.97321422704135,-0.9709631024345957,0.3401252900451214,0.15835284006172445,-0.4178668562039103,0.6879969808586532,-1.0231499568253928,0.10112474911101692,1.0476596457876206,0.03529687865956724,0.2319215242563683,-0.10260361499460631,-0.07144673192126916,2.1357023142254006,0.6794867932408758,-0.5616934954755015,-0.14546596448152677,1,-0.47901195604437746,0.5147545384847522,-0.837083612328585,-0.06031427272048552,0.1639494008727947,0.7644626036537142,0.1598015802898994,0.3774010119728354
0,1.226415746828877,-0.139431095240619,1.0425448812823879,1.0427692034508953,0.21285174164806578,-0.4699682277349482,-0.821066806558734,-0.30550427211746856,1.6943944193995404,0.25728359304220105,0.25044729484912165,0.8571439628100269,-1.2077963941208592,0.8800775460937028,0.5145251983323983,-1.4882116486317232,1.4074790603195213,0.3233049090962926,2,-1.87737378862638,-0.8856499282628526,0.9686487463927147,-0.07613754008124787,0.21970087464830917,-1.0470574288702554,0.7799694150888467,1.0994482485694825
0,1.3550905976943413,0.15576426579363523,0.5775130736385601,-1.0538038296798444,-0.7355200584154568,-1.0281056155212613,-0.6688095159131654,-0.5627271555326626,-0.4521797789386094,-0.24915051098166655,-0.3188107282684422,0.13979693894830497,-1.78526162662461,-1.0585082382501514,-0.8768678097890672,-0.6423645952742167,0.1146303886671095,-0.08021165324979862,2,0.5608916518477346,-1.1603793301581895,1.7117467835097142,-0.12744728932744695,-0.22069515358665737,0.6910559755334226,-0.8697825889298748,-0.2443331147686808
0,0.5565992494907418,0.8039483953230755,-0.1407239248267546,0.5645826331526635,0.2899347541986568,-0.7361800797920254,0.3371646499951444,0.00012147926412953147,0.5730604914706486,0.16167426521801176,-0.29053174777471635,0.6108320549366048,0.1791005948660307,-0.02863072309404846,-0.8854240272586655,0.4805160054302002,-0.08723710125495938,-0.3366184196557701,1,0.21653881000978117,0.009863821084179158,-0.6470581277195884,-0.013817829277781447,0.501999562067965,-0.5349996827067278,0.25088334717250804,-0.5852772915890652
0,0.14735782747932613,-3.089501269434037,0.16523569348089706,2.049726441710363,-0.2644502170801678,-0.44867408508053774,0.5445110948963625,-1.1017545775313706,-2.1892636972161563,5.018247342991587,-0.3383034388399367,0.8763550643748446,0.6116774551699241,-0.22166780215207152,-1.5193073732435602,-1.358413757414349,-0.44469347741688947,-0.2746020984501854,1,-1.2698686753312516,-1.0199480604786693,-0.5900266138729933,-0.029563573636733627,-0.6513240669575819,-2.3439191011967475,-0.16440940082449534,1.2175649639555906
0,0.04696674307836739,-1.3275421649239316,1.1773323649720422,-0.13819920536305075,0.7666597892275636,0.24697125178581086,0.740752395628455,-1.4217897702595095,0.16197558931159511,-0.560297881019987,-0.6974543479487971,0.2902472910348601,0.33997001716791564,-0.6725758594327054,1.2836005753752462,-0.15163655700162915,-0.41906818689506375,-0.06978912994223586,2,-0.033564395094450694,1.5272251925483349,-0.8119397071198347,-0.08154799857724321,-0.6173141771793709,-0.6760915622287581,-0.9992843393205202,1.092510914295457
0,0.2440566807041591,-0.38395863175394385,-0.5223175356521195,0.014245362278667795,-0.7292977951242006,1.4149687240538618,0.7470599128203477,0.7659126254331469,-0.5158934265556804,-1.0447385073255848,-0.2805716473800427,-0.2932767556021593,-1.1941067709376965,0.14881373014227373,-0.043443702530798656,0.24406278793661013,-0.04394186074738976,-0.0656739235201563,1,-0.022861610322777892,-0.6912610046757321,-0.07043067722810187,-0.10104004315563762,0.838733351978141,-0.4234529890586571,0.7058845565817776,0.29108656525604965
0,-1.1377603068560767,0.23247591106073628,-0.13895911287431567,-0.03992949170129415,-0.23597130014812445,-0.660651356675652,-0.6937106606978983,-0.8853990442101249,-1.9079278951895593,-0.41196242373611464,-0.02270341998275452,-0.06819235066187407,1.621936686547354,-0.4389087629333185,-1.0538445466445867,1.6995148274761325,1.3459943579397022,0.3135403430785878,2,0.7313022719415712,0.5111240763591431,-0.17713638288553324,0.04878856534899388,-0.8688585749359122,-0.40313053229597573,-0.46181186668411445,0.2936316197304419
0,-0.3968369098074219,0.4076576705987997,-0.30033855962064965,0.5364809609806264,-0.30442054235286464,-0.8799421745998353,-0.7283702145438191,-0.5291830888024184,0.4554020888129196,1.7715452795615125,-0.021654591444279947,0.34000302245299946,-1.6637486223472542,-0.013698567141862045,-1.1114823289708942,-0.42105820473474986,-0.4951030116652999,-0.13042415333227372,2,-1.237752220605424,-4.405172316758435,-0.4185626776712066,-0.08211513543742283,0.8574334594303515,-1.3777652538162752,0.7508540780010311,1.274435721868019
0,2.24867707487614,-0.8676643030936197,-0.864343095168441,-1.3964579996141557,0.7306620989035687,2.015008849692983,0.6673602195298245,0.21134118839197885,-0.9335667651058516,0.9113564497219513,0.8738394004418683,1.0717466785439678,-1.1724698193850607,0.26579729064201185,-1.0239613076692404,0.14086155972027586,-0.65175997996054,0.6600515285488142,1,-1.4057720392145239,-4.522889387938899,-0.7945832125751382,-0.042630074385431316,1.0327641167699229,-0.5613099633091216,0.052993892649009666,0.4417436865925336
0,0.5971458362059,-0.04547171876379616,0.4309884130494317,-3.0323909154161073,-0.5548849187072054,-0.9508217152839091,0.3654729165860044,-1.4694448281080328,-5.51952361243218,2.360739540128521,-0.10397215566522977,0.2548649943245957,0.020679000385015023,-0.3831288054223295,0.2899746090354873,0.3998511939335139,-0.24785116745437635,-0.5050537944151643,1,0.5012967939701818,0.06593936057355099,0.9519216807862914,0.07653670767649598,0.1853371507332522,-0.3560603030787964,0.13003106222169236,0.5568574956989772
0,1.1624630754987468,-0.47850935269809824,-0.41225899163044194,0.16746441381009136,0.18974185420683742,0.514369641540203,-1.3422556107308232,1.0615667471866055,-1.503867408890094,-0.5279011781403767,-0.31513494189250185,-0.3075122796886845,-0.5508343338355135,0.44274563342366513,1.6118048382674899,-2.2961616664843794,-0.6117644336300634,-0.40104957330519764,1,0.4575269044337592,-0.3978768387562137,0.17435478107075414,-0.03975758237164611,-0.38756097584057403,0.13715397364637272,-0.8123269654043642,0.2891668710323758
0,-0.012842253517737406,-0.5708017482713879,-0.2634362637945975,0.39776423661111326,0.11599304735172111,0.0423020328600594,0.6254328346744965,0.9213869918829234,-2.7924692950145262,2.3103896674352704,1.1680373708205418,-0.31696992993111917,-0.8110244523146515,-1.7332323565228769,0.35453301722899955,-0.6376289151359342,-0.23918987304806427,-0.5095765848968642,2,-0.5611203546727479,-0.25194730017229516,-0.6876108501664192,-0.03545978034269265,-0.03700014598001422,-0.1014137236800774,-0.022405001815080705,0.3908675122219135
0,0.47752904306916677,-0.7235553081116972,-0.8688681581476243,0.3713137039458966,-0.4094256394980292,-1.1368227205434056,0.5252772326783508,-0.40838129838697457,-1.7664331870114554,0.1469261490717102,-0.46196170730209857,0.6829440479679731,0.015530833824994539,-0.21975049691206763,1.8758206609014794,-1.7060627828370365,-0.5631376490398008,0.13447303421364998,1,-1.1385767169406005,0.39905768230853167,1.2095782763314893,0.041845552197020575,0.15052135429005967,-0.07927353003638693,1.4909232530401944,1.499367821868174
0,-0.34423853960599926,-2.2678130972295683,-2.218659884051987,-1.4632956966972022,3.9602263063265672,-0.08256688425388643,0.6264502122676088,-0.2435881011827389,-1.4321315748791075,0.6473987221210623,0.6272750474080074,-0.012548260246664307,-1.1842919401044443,0.26168732157924923,-0.14076873154306221,-1.8768729582214954,-0.2854379334402561,-0.11045871522343545,2,-0.4169266296192759,-0.17460637276539948,0.2233264437591284,0.11263683165491463,0.5456081595315923,-0.8143826460665642,0.37941731651676747,0.8879950374395236
0,0.46961721289684966,-0.0075396477151475905,1.4521259409651326,2.76979292615656,-0.7241728802407921,-0.907697430769274,0.931966823789621,-0.25918010485959175,0.42013459423445043,-0.25097179283299487,-0.0604994329170999,-0.4906627365226245,-0.577294650496031,-0.5569217944237129,2.4879188023674503,-0.6170608408171279,0.1363444468408679,-0.4869023657947281,1,-1.447441710435827,-0.20425181648211432,-0.837083612328585,-0.0103801116708888,0.7496191003459818,0.4616278448831102,0.36664195398224153,0.2145015724691044
0,2.24867707487614,-2.548031042894936,-1.0845212815095064,0.7945930141031305,0.9717145694910654,1.3985214035120108,1.1435329426347556,-1.022915683196057,-0.7960871404481558,0.7881321912457838,-0.24348337092273326,1.0366233458312946,-1.459257854745716,0.2413172691697673,-0.7382526967384161,-0.4201812072536486,-0.6344069851343216,0.718267930027145,1,-1.556815195314959,-1.0763711744847346,-0.700595618351941,-0.023710898886258384,-0.08579897526714883,0.5632356243861354,1.0613518831408182,-1.1860092866026402
0,0.8267492218035575,-1.5171142921773182,-1.6768413589646862,-1.1487339864347206,0.6215311900180845,-0.6371532428367703,-0.21368586367375556,-2.4281616823767083,0.44208412583687107,-0.1565781553360343,-0.3088353216573882,-0.3953152861015104,-0.9458780194138535,-0.6757730173360305,0.400299361919056,0.5138996963110951,-0.30576610397420184,-0.2536436226432227,1,0.4959941445106846,2.039735051453329,-0.8171698320113742,-0.12793087786890606,-0.18983782055430104,-0.21864951564253057,0.33147315376871045,-1.0120860346593006
0,0.2181305131382049,-0.4223810415500243,-1.446968751078204,1.79295074419797,-0.49168519440477854,-0.6809101643728893,1.0273619002512175,1.9651870764718409,-0.9515630250814893,0.5855897478347477,-0.0354023695761056,0.8854632331715064,-0.6472864315014636,-0.4578066301182332,0.04211558879337113,-1.0029662636242975,-0.49407594828057155,0.18597727599353284,1,-1.1371541963176535,-1.6255247450676689,0.14743671520315865,-0.04951301978710977,0.3580076262537306,-0.492944513835608,1.0689895497868191,0.5501061139957601
0,-0.4213455470503736,-0.1406455923752623,-1.3048480976581698,0.207646074330199,0.24942428435667685,0.08559719005796573,0.7524916077263227,-0.6698561499151314,-0.776326306704805,-0.24580945080909802,1.3194044197019261,0.3916018553339402,-0.7851406624632031,-0.405890268062599,1.1345069061526214,0.03515605859109594,1.2794799273410478,-0.21275728995817,2,-1.4468513992438912,-0.28303130115248354,0.9275220757842235,-0.036859932197500805,0.0520839889115569,-0.10866618329830798,-0.05261892181958705,-2.3013310261246436
0,-1.2849736070552635,-0.3746706641847853,1.9360653541184374,0.48878121754432524,2.185782078383221,1.9677196436139595,-2.58918649994163,0.33427564275774724,-0.0219095992354858,-0.532443305940669,-0.12739839234499956,-0.015749485292090352,1.437379396288061,0.0779532657995679,-0.4314017887103839,-0.1523970530861617,0.20355179587062008,-0.18398066665814894,2,-0.004416977153088059,-0.42251409425725883,1.0755684693113994,0.08132977377943822,0.30997544433598867,-4.46430769387018,-0.628888225399121,0.38408227406649664
0,-0.15485911513943662,-1.322374873208306,-1.4747125035505666,-0.1262692133504808,0.5598574397042352,-1.1789890814246935,0.4321012832093741,1.1800526282343138,-2.3458646205570206,-0.21770328290438884,-0.9952394250223221,0.14927284896118942,-0.6190059702652064,-0.3648640170957764,-0.037273644619462254,-1.4125970740218796,2.2961265432427345,-0.23997615556078436,1,-1.004308958569595,-0.3121090872674122,0.9920384955083522,0.12494160260950114,-0.058848157484612224,-0.22961292776104514,-0.6367086300502653,-0.9111932731857848
0,0.13763742552284172,-2.9163248056959787,0.30962797731576835,-0.7987743882663834,0.2172170234870964,-0.27064748260656035,0.6004985668507349,2.352374484049354,-1.1906730363082714,-1.0745169845114892,-0.7588467278054477,1.2176203026391414,-0.03493845058891737,-0.869092372353629,0.7679595752310772,0.005778423779117095,-0.6125035654325789,-0.4745672081844063,1,0.5446139293636465,-0.5290494400957773,-0.837083612328585,0.11465720586190621,0.7449126818485953,-0.08034473236114344,-0.2825062853703705,0.18656793531864424
0,1.1757948308016721,-1.3986391944949355,-1.455195042983293,-0.4994579539272951,-0.13427612119229382,-0.8434053144643638,0.6991852293278862,0.7976519942686693,-3.6356478439534006,0.48856212705335067,0.05447040781664447,1.222002597299224,2.3108589711797785,1.4549155201869333,1.4042082861417209,-0.013000633369345427,0.6226149166826287,-0.5525973614823729,1,-1.6147077420542182,-1.3902246909876204,-0.837083612328585,0.0476734485090706,0.20972649184729195,0.12737668052283646,-0.057409510864179225,2.187750241673638
0,-0.22391867170466156,-0.06089486845253665,-1.381989552182428,0.4118725720929963,-0.24262961873602834,-0.6665817903574711,0.603713153479758,-0.5888252108968771,-1.2928721366069336,-0.3032152810250962,-0.07276179454399004,-0.6258225100286181,1.8359417746114544,-0.5669164214719521,0.9512304529395705,-1.0817713438350536,1.5507085296895757,-0.6000024590746799,2,-0.5848615314817839,0.5456768806984204,0.6459154643997966,0.10613506503148075,-0.14450418525636843,-1.5654771575554878,-0.24709650407660416,-0.008048374663375046
0,-0.3702844177839065,0.012194329264304304,-0.28819176291798837,0.678246691506886,-1.0135785537476363,0.037074118140657975,0.7894338708087916,2.9971814017343372,0.5857477842881915,0.45780930499415495,-0.2721393944256724,0.28385152316105955,-0.4813967946935705,-0.48540612564622243,0.9065172671317425,0.7282656215513459,-0.4892592226923377,0.04306611734097204,1,-0.4188710135109032,0.9438696920428443,0.2653689600084082,0.2911754985536604,0.3646059959836556,-0.5400504965224879,1.5441272013292835,0.025586550243294703
0,0.7956637754829994,-0.48202356176511246,-1.737543312016413,0.940863816755937,-0.20193682311681374,0.9250705980924487,-0.1871132541624997,0.9657006521304285,-2.4955584585475834,0.5636563016461956,0.46399907845391797,-0.7130353846522353,1.4190709277708458,-0.0769820362737586,-0.5324319558345367,-0.5927810831474285,0.12476771847106935,-0.4722750635672898,2,-1.3631569209192875,-1.5423803075080946,0.46970597331061015,0.0009166095628960411,-0.8677210459794191,-0.8480564080100952,-0.9014724811697161,0.7846300261107624
0,1.1452493677284548,-2.891515167569291,-1.1876113802089105,-1.5165767098135512,-0.9137098591944,0.31054466361953986,0.8864519913611106,1.6920416056756316,-1.1291902738251194,0.84725312646037,-0.2559015516143225,0.2901713974879172,-0.23797864714509345,-0.008376571153659779,2.899481300533479,0.42734813345391437,-0.30507058815352783,-0.1575584495746121,1,-0.16859957257381508,0.03654035907250422,0.2109819692651867,0.050354120823105045,0.22770629580114948,-0.06929789881100173,0.057411261274257996,0.7004583559288957
0,-0.4752664061278362,1.383397682839137,1.9045662118086726,1.2663382917681847,-1.071804966373137,-0.8726135711416723,1.1218799763146818,1.1166985990542193,0.3850520033547532,-0.11296174537141362,-0.4587738671896904,0.23159059002868035,0.5573569619789721,-0.4072784068353644,2.7263062128650595,1.075276481460777,1.2353750399688677,-0.5634529401512849,2,-0.5959380698452351,0.25872133348002513,0.09623683421110663,0.056822278946942945,-0.478334103146629,-0.40557835749336524,0.3627503334076123,0.2661165434635653
0,1.353614346007249,-0.5949688255361343,-0.7175304964576663,-0.11698026935867714,0.13954972647534603,-0.8449509224341925,0.9727569523481472,-1.060560873653961,-2.8731334023581616,0.813969306137999,0.5226224370978918,-0.34741627474611325,-1.6733751430581179,-0.29292667569085745,3.4339409586439382,-1.6120589785180046,-0.47442633529373845,0.18527546647439147,1,-0.9671450788766235,0.12771100409298547,-0.6110001031447219,0.01490312276585122,0.3268884098680667,0.379579894710922,2.0005200490623984,-2.31159320995854
0,-1.2996675188562625,0.23581021630417826,2.3186079213135864,-0.4958348858464128,0.5072325183409508,-0.5890073211370023,-0.9948823723399804,0.4030981321642464,0.31314108006027874,-0.29360203826541414,-0.32682137247232246,0.2670629047778649,1.7535295811646696,0.28991810050384437,3.7248812451507285,-0.4518112777902924,0.2868015658779161,-0.13861068205054358,2,-0.4819380780033131,-0.42725734214211286,-0.6156300126762299,-0.009500153552061547,-0.458254681882743,-2.3069122466224274,-0.9105347411792533,-0.09291681003747675
0,2.1283704663614245,0.46305923435675,0.6568259970124449,2.4299222726389766,-0.5824874797839914,-0.6448709062646936,0.9947491091873312,-0.3605651091559037,0.6156699038546964,-0.023525588974488643,-0.23447029491399674,-0.11204008123389295,-0.9104531474694245,-0.589987311626807,-0.7650265254245341,-0.15513534323625222,-0.65175997996054,-0.05552542608309216,1,-0.5775655151835248,-0.030230948709315086,0.9218410812919494,-0.12564264184586435,0.29420844700502335,-0.4415512903388414,1.4839503667431562,-0.1403844180592622
0,0.4064953317000023,-0.9927562794235636,1.0487528740280718,0.9572999975606713,-0.40724793124288444,1.0278294192070785,-0.7661663642809268,-0.6913324954413405,-1.2620468945073555,-0.0535427165863491,-0.515598446547478,-0.2566410503321234,-0.5282187958855269,-0.13829195105699726,-0.6933888517693126,0.3978685516628013,-0.23824314215547054,-0.11379637466731612,1,-0.07591825334724567,2.0782794992176266,0.68308135368124,-0.13858845242106,0.011457776374775408,-0.1700559870796448,-0.4288368240697982,0.2919089678906346
0,-0.4220699316578693,1.694967300393082,1.5986421770841623,2.803033467360219,-0.5488671866484363,0.030442988867236287,1.1121709033852554,0.9432460043983167,-0.49392739154313503,-0.2680110777126854,-0.31577109849269946,-0.2749981097360255,-0.6552694806608987,-0.7868169434200946,-0.20256292419298577,0.5109823532900266,-0.37225115839335876,-0.1829482229268084,2,0.8091320623204898,-0.749259731947116,-0.5759448686377145,-0.13858845242106,-0.34368037882488306,-2.0634668806336225,-0.9517230291000873,-1.2419080776786329
0,0.7557218030566473,1.0820476232875353,0.90830390039048,1.6291483902175763,-0.24106070491778664,-0.93409263356667,-1.4363999535096696,2.600158774000948,-0.6241377065958339,0.10129026839329003,-0.48248248344243727,0.24718194600250248,-0.4357396804619055,-0.05337838811302431,0.17148207905222035,0.20865786966689095,-0.15646588022341312,-0.5635798779991354,1,0.7245150898250883,0.10630030333740223,0.3023387055837077,-0.13858845242106,1.5572714458170305,-1.0717120860256462,0.26100042251078004,0.9628796360189396
0,0.9733654215401022,1.261379814187356,1.1035288844076423,2.6251528229992465,-0.17165300655290056,-0.9858605877130919,-0.1389376019040458,0.5248460487713014,0.04826947097246948,0.2892352073122343,-0.918272146185092,0.30389109856452656,0.2767411570441076,-0.5728585111105302,0.9127725275912746,-0.13493046345122028,-0.48033028509246967,-0.7067290886467292,2,0.5623804142404091,-0.5706821586228654,0.21841495752142343,-0.1272220572617768,-0.32810562122283565,0.0923248670899417,-1.21975314077183,0.5603697984742388
0,-2.158524705146349,0.8231138013073924,1.6551630725658824,1.5140765058823598,-0.8174206834110703,-1.3558466583968556,-1.064067015258617,1.1394677298443372,-0.7417907065095972,-0.46045843503033956,0.24239947269877005,-1.0295882790964022,0.6047499222955532,-0.7310328787315301,0.27392281395643403,-0.013818569781094053,1.8768216720049413,-0.3903726449052879,2,-0.14946337886836278,-2.1257006949239945,1.4496450601263717,0.2335594649993029,-0.9166173700752525,-1.1080356601601746,-0.5290066998771407,-0.5195533692881602
0,1.8826800970027247,0.0018871391777549595,-2.8841848746885654,-1.230502848598086,2.0018908152121253,-0.3923196303564387,0.5899425579770691,0.019108543822773216,0.22252001695210366,0.9261589845368082,-0.041379166243005805,0.84005777948544,-1.5015563400929932,-0.6948778164463907,-0.03442005377543089,-0.38258843136799037,-0.65175997996054,0.2583901272768796,1,1.5403013977949929,-0.9434961463715883,-0.7281386344125401,-0.02248338760914042,0.7633939385322016,-1.1867845821531313,3.3504981111265035,-0.6598214618570085
0,0.4439925612302058,-1.1729868958661485,0.32423210253964935,0.7933693877257397,0.15019540293964598,-1.2634669810290873,0.6785228382725277,-1.3880477829789926,-2.763159438614789,0.6376012237657949,-0.19967887881185772,0.38949142074192183,-0.8395979531243851,0.017047450807073927,2.6310129451300037,-0.07356721609774156,-0.5784496511907866,-0.40994613362479504,1,-0.9832807572927005,-1.1137492481861162,-0.4111114279320308,-0.12088018832477887,0.2536929614330476,-0.35433576804896055,-0.20467593841818335,1.3292294085887888
1,1.55263825617534,-2.799480691212506,-1.0923019267867176,-1.1706622659827794,4.1721554812039905,-0.9430566649127792,0.32831628446948236,-0.5852380709721263,-5.51952361243218,2.3416131545639445,1.3050512415255708,0.7228137229412703,2.253191094641767,1.702947421763688,0.1472374493123516,0.2552355969904453,-0.5178889110979668,0.2391669833491994,2,0.7670179109865325,-0.5892716455602868,-0.6659670395529572,-0.13858845242106,0.20791601978085522,-0.30198921035822524,-0.25467525382531164,-1.934530102113136
0,-0.33130295221239425,1.0949685387588604,1.200168364681814,1.0708523291340193,0.1301722284799275,-0.12234686076756736,-1.2595183817952949,0.5211083094480113,-1.3675113207394536,0.07303629775410347,-0.40186440718851246,-0.2641364419572007,1.2307461620923807,-0.6063646077764785,1.088801896744314,-0.14958946218837765,-0.65175997996054,-0.29290922202586855,2,-0.11605450573113968,0.42662942509917023,0.625615825723287,-0.06183882978757553,-0.5645082425190509,-1.0090689029849778,-0.5963029940198349,0.5011381910415986
0,1.930044565390741,-0.17290668941966944,1.051054256744458,0.7029742634849969,-0.8748767815463216,-0.766494625222078,0.6783404766407624,0.5499504553486453,0.007195149236613851,0.8991778643281128,-0.42808741051808497,0.46094137461315676,-1.2035257041484728,-0.49881802899072414,-0.08928787750403833,-0.37823951693946856,-0.4865435714178842,-0.04375204587947246,1,0.12242231022282979,-0.63897526393132,-0.8167381454352552,-0.04142026447917736,0.14474965207021287,-1.4536434597140364,1.8573226018857323,-1.2847642865380564
0,-0.22521313319326786,-1.2411353134549856,0.8298427251794915,1.8052106111763933,-0.5391691669940971,-1.093764800804272,1.0011723400870418,-1.1131648938933323,-0.5528338647076927,-0.743231259383384,0.20577026494053097,0.5740743232191772,-1.0880156492325606,-0.22532769731440563,0.17436958735863162,-0.005618639881050935,-0.65175997996054,-0.1382266213015586,1,2.26305418122747,0.33366844832814313,1.1936656121906473,-0.1283070494036884,0.3590251910796605,-0.5214527897740082,-0.9816568080546043,0.4726962092405579
0,-0.5967935837157148,-0.46163786466890105,0.5383531936853145,2.5870135706971116,-0.08391705741956462,0.08047956787372923,-1.2078807267807843,0.6853358448966503,0.08974979808985878,-0.4445850231437476,-0.31884216578378644,0.043461315320357574,1.7879356020814412,0.13224923072671868,0.3943509960070074,-1.1247426605391235,1.928608701157967,-0.3325011115843829,2,-0.8690697730351674,-0.25980120661883177,1.2705441740595034,0.02783890911846886,-1.007645455206549,-0.16179868798967084,-0.9663315748616931,-0.04721021836664896
0,0.4049956747575665,-0.5553599166898788,-0.16805782864183227,0.2416476334429296,1.635235279526436,-0.5000380625663022,0.7014588778990613,-0.6346591462939146,-0.9657204452214625,-0.53573886550572,-0.17172961766559885,-0.04264855892044542,1.4139331983585013,-0.17295386244199537,-1.056904602324361,0.8198241825467559,-0.2777224025780134,-0.16673102113411822,1,0.03642997853555663,-0.13410946446335573,-0.47979209368063475,-0.058313449021036856,-0.9149116412110387,-0.032027503859166195,-0.778530478056436,0.16470762338471842
0,-1.4804259425982726,0.8247548821062225,0.8239399238659186,2.247446257635775,-0.8982432383960687,-0.6524008954307822,0.7941062219728473,-1.510211559833211,0.19266852323286954,-0.27525235173797036,-0.43384254799082356,-0.04874537322631453,0.9804931330255616,0.05292330774394638,-0.28546647706352946,-0.008487470832465371,0.7075149973720035,-0.5952848542570426,2,-0.6249407154254784,-0.27345067344157475,-0.46122727393185353,-0.13858845242106,-0.042382249856423526,0.24108904596737435,-0.816356769530342,-0.6503117226037401
0,0.23568735790365491,-0.290554383469365,1.7493608060657728,-0.24790758942053448,-0.721669273257904,-1.1912195534652352,1.098709187084233,0.1626105845546652,-1.340546946878355,-0.003266312086136758,-0.23342909206704127,0.1918082199805558,-0.43082638728590533,0.267615321393973,-1.1734386942873198,-0.27019404366488925,0.25050644730706606,-0.4428438327249138,1,-0.15320824332382507,-0.07776038891998471,0.5749523319589752,-0.04318471997612834,0.7322156655207769,0.39746058641227955,1.3834426069033903,-0.35273794239436085
0,-0.6357965685546428,2.43201845105005,0.817706388479053,2.291267698452259,-0.16334477895465166,-0.4208482209544804,-1.2996431902494994,-0.37751238713013313,0.9967947789933864,-0.8935969015339544,0.22609789584250567,0.31236454338756653,0.6822265736958133,-0.31075102866293075,-1.0266763605703404,0.3555452729652736,-0.22766917981001614,-0.39860989659153034,2,-0.7801220091377494,0.7735582808611168,-0.5268970399783854,-0.13858845242106,-0.5997081038331914,-0.10532047322110288,-0.8974203113487533,-1.3134329440827512
0,0.6917746040484466,-0.08481740827971063,-1.1379498385456999,0.3492262781513287,-0.5936410892636295,0.6511923066467251,0.6893380715078821,0.38714408169030806,-0.24088843257637726,1.3615146378199978,-0.8442838107315107,0.6452710411938001,-1.196845211966617,0.1835559660100602,0.012798006592118605,0.1657899583181649,0.35361653563432854,-0.19661362374866298,2,0.059610678091584574,0.00846247461531413,-0.5229610977063939,0.08545516081648064,-0.04847294059417909,-0.6319313859534518,-0.5465360193339668,0.3756275398955291
0,0.5571131450761261,-0.058507019446564335,1.4181227676977133,2.6668353059816496,-0.812866656694001,-0.4583581516561146,-0.8248793643898866,2.186477921348994,0.6837420475621655,-0.05500024981408366,-0.8106223406512858,0.9144685681137374,-0.7838873718295791,-0.3242084623714765,0.9949088558928499,-0.39426969486702523,-0.08707797651026566,-0.4009751124559554,2,-0.7362700753189935,-1.1496959723430593,-0.5905233262737447,0.3237939681631633,-0.4001132559682204,-0.6317299513005662,0.143836588203994,-0.32465540283101885
0,-3.6341672157975244,1.3650788772551292,1.7156304162636324,1.253350774877092,-0.8827849336246458,-1.0876007720426042,-1.142183002458213,1.3917066731921042,0.46432743564264783,-0.6238535285033406,-1.1728764575623996,-0.027874461418709667,1.2908961252464306,-1.1896419972278642,1.4954699688091753,0.6353844427146209,0.5619268167428304,-0.5047330316845554,2,0.8964926144500818,0.7204489705522026,-0.08398186554078618,-0.13858845242106,-1.09095311408826,-0.6577867081421573,-1.21975314077183,-0.5724101339951867
0,-1.760320698233007,-0.5059453151565358,0.47510667170191434,0.4349137914482737,-0.21664752632966727,-1.2601971399663485,0.9919392553502159,1.7299568080722318,0.4121687747536406,-0.23213685314242127,-0.4449658527430862,0.3719162783641337,0.3808212318891552,-0.32938702402010106,1.7593094941357261,-0.17304518493810261,0.11555142501920186,-0.5133298686461434,2,0.08243333994625661,0.5178004442114034,0.911351854947299,0.04383807976327961,0.18686857075897,0.3583576328700756,-0.3689323637466757,0.7787891259225227
0,0.1974616784814412,0.47542220703186855,0.32868514667480275,-1.1622541080778848,-0.2941547563765383,-0.8139038025412768,-0.5026283795211851,1.2499739297901549,-0.7772518178158524,-0.4358289704009741,-0.26946654346308346,0.06984793556739688,0.5212979696425053,-0.5588897868754141,0.666206570125849,0.538296263307642,-0.6482083242852437,-0.5178576603639122,2,0.14052356504778207,-0.68800850538386,0.686316942276343,-0.0894706720795653,-0.40170626075969695,-0.2775227057013598,-0.5918375267627831,-0.05697169847163641
0,1.1015931786226283,-3.641316256050409,-2.84359032856536,-0.6905486596027899,1.3273608052744157,1.3864051172882403,0.5159449264271231,0.27205400475624125,-2.2441626394337466,0.5061997228161871,0.06593376664598204,0.845792664158837,-0.7502572775032685,0.572004675623301,-0.6978369030582129,-0.2528329801496605,-0.5794459819084574,0.09659449137358167,1,-1.6064934227074095,0.580862737267459,-0.837083612328585,-0.13092637131044513,0.4168957689474517,-0.22761004674023255,0.4797633596427109,1.400791831286047
0,-0.2043927811969668,0.013882885070941486,1.422107024370017,1.5767295363116036,-0.5717643042216493,-1.0282533877305116,-1.2833835981855946,3.017140885568094,-0.6144479006100649,-0.009788478940491452,-0.7346641624657337,0.42903790931974883,0.007647931928267404,-0.43704317554351146,2.816886488206137,-1.2539793963921322,-0.28255361343305624,-0.5969766033126226,1,-1.0978475932236194,0.09416143456382275,0.2652232100581008,0.07771106104708114,0.16129098709394715,0.03115417167196377,1.866974991311133,0.32098407342277935
0,0.33202965953839625,1.4337779564201285,2.0770565595297774,0.6697373496587549,0.08496210354090639,-0.05176473262938752,0.4689840907484754,-0.2300128502920039,0.08120726272294171,0.394661689415687,1.563654237752448,0.6791704826830097,-1.4342603615713383,0.143216858627081,-1.3006102754314082,-1.3089054095121018,-0.11248732009056661,-0.2738838636635949,2,-0.044583865915787335,-0.36706266668675724,0.6462043109071715,0.0389158392519994,-1.09095311408826,-0.5411935015668226,0.046432649056916186,-0.5019955305665131
0,0.8510220574295408,0.2055943716995927,0.2586699078507755,0.7202468681011266,0.1071703444126122,1.0530966304045297,0.9161837260865214,1.254531135417127,-1.0555354539643467,-0.2007475541732417,-0.2823145672246856,0.22737180907723248,-0.6007244439944952,-0.985227132126779,-0.16730591281079366,0.4948508805261006,-0.35674528299550357,-0.04791986334727863,1,0.1303742667394093,0.026675345725151817,-0.7513702573401809,-0.012748377256054537,-0.2555860491456108,0.15647952525407577,-0.5911856153875891,-0.6658718645754885
0,0.4952548617604469,-0.2338277521542369,2.558469597614999,0.16750953708710026,-0.8622413950761691,-0.17529285192783614,0.6606660911490838,-0.8113068891705637,-0.18705256000047954,0.34583548294417477,-0.42316970470657805,0.8735033884379365,-0.7823017572061683,-0.31021580401285026,-1.4578546707604174,0.2588162167785504,-0.5540007632354049,0.8724713675361941,1,-0.8599025025032329,1.6737369672693472,-0.33714012523339276,-0.01685691163309453,0.31846590275907183,-0.5219379533918356,0.37843775574463956,0.5265815411304476
0,1.2507683993818963,0.1666973000726262,0.25839378437334465,-0.7771376690477392,-0.4561647615673804,-0.3222540393941544,0.47830437121814606,-0.5335621176759152,-2.5638283349086803,0.34447116333321137,-0.25036338233707406,0.32326090547150144,0.08400209316139762,-0.20326822357676866,1.4463820156638012,0.2575686243585448,0.39608386711512755,-0.4098158046510488,1,-0.737050841572675,-0.9957051191809656,0.5067041640694379,-0.107254221098986,-0.4380378642716931,-0.5276187619151208,-0.47855451774532065,-1.8841885365701379
0,-0.6882124927004198,0.5553368547205314,0.4071713118458817,1.4685888823910052,-0.5976147895918189,-0.9318989108452437,-1.6161925681910496,1.5428796227608914,-1.4209599539645723,-0.427325732150596,-0.4308917812568812,0.05223773075193949,2.3830943131816475,-0.6291993112760085,-0.7060592232769067,-0.2685624723023682,0.13872930337637232,-0.3650696465968993,2,-0.46308528746227956,-0.0408673914451404,-0.15922585572183395,-0.014373833956570367,-0.38972349614916646,-1.276063640995992,-0.4685598337527171,0.08802362069101052
0,-2.0475480875755547,1.0244018574217777,1.3760121903557632,1.9189249540524878,-0.7095188987152561,-0.8129582552181672,-0.5634585945565019,0.6080656367674879,1.0347133764162606,-0.38681800179172454,-0.37288031594033527,0.22819939054249486,0.37022477217196714,0.07172899868981586,1.9710048532208573,1.0583199942869828,-0.37784036874453836,-0.36460128443705436,2,1.5599775152932827,-0.748147898218595,-0.11985805497759808,0.23410620862858586,-0.5710865778694486,-0.28776533887348815,-0.4127010511423978,-1.2564048759177215
0,0.2520272084409316,0.27834335919703235,0.1656087761121946,1.999066577848648,-0.7489492979591886,-0.4413646532391751,0.2268463090678926,-0.45323715250161134,1.916773491992392,-0.11897912971852331,0.1979971705685318,-0.4620744676796693,-1.1770365954316737,-0.13430060105546077,-1.2421688823442267,1.9767425756432773,0.18488418553374053,-0.19125346803651339,2,-0.4071965838095425,-1.1935771969071052,-0.19457738566808247,-0.13858845242106,-0.04937664521732646,-0.4970832055006126,-0.8184214727726631,-0.15546477333214265
0,-0.5970100835582077,0.18013831258214355,1.0137066693791876,2.7733490545858714,-0.6009320193529353,-0.6248509178184258,-1.4301939833816948,2.292149919804454,-0.3214515443611506,-0.5076072290059984,0.0016723686690730544,0.20590456338578855,0.2963152990164445,0.7007694342425569,1.3136747589005138,0.6516844926735738,1.4786230929241766,-0.45475762257385227,1,-0.7839276887028839,0.150341326855851,-0.44495935865848363,0.051243514474707,-0.12984958152193904,-0.941545566997864,-0.5138003748459885,0.5128190598809773
0,2.24867707487614,-0.29584304106261716,-0.016696397829497722,0.034316998004294386,0.18347047588863336,-0.2582310552187969,0.8533975085051057,-0.7112023507711693,-0.9159667591218783,0.14446909134017072,0.3583589136456349,0.4483002624200711,-1.6284365690490126,1.482822005770464,-0.335904067079478,0.0261010673640312,-0.5598821409258944,0.9205658144843452,1,0.9318156790870629,0.3371206477296116,0.6893671212729957,0.1243479923429797,0.8361186306025451,0.5560694469682509,1.6219820633621294,-0.7831835148216374
0,-2.239480042877015,1.9276687462942008,-0.35002184190674734,0.74040510275403,-0.6412357952120735,-0.5542094603754677,-1.9196804173273812,-0.46712007299068836,0.38824367151478967,-0.33498685242815185,-0.29057170350240247,-0.7242265097346394,1.385041924760309,0.5602025912528787,0.6746668313977245,-2.5387619735377984,-0.30995761677963046,-0.19600542037200902,2,1.0383198310701913,-0.43721789967934843,1.3054591974279952,-0.06573355065396196,-0.9775147481207659,-1.3887643703710597,-1.21975314077183,-0.6643386569177551
0,0.4163174897560663,0.29141287204515826,0.24228132301440342,0.9979002996274392,-0.7804155548463075,-1.1739432410698467,0.6767184684952985,0.4823695266958983,0.25918419265309833,-0.31807009869454367,-0.4231823065027013,0.5085003158353085,-1.4694784823277023,-0.9361124177650204,0.8954444506630652,0.2653610947568362,-0.65175997996054,-0.4308306298165616,2,-0.09404628112522358,-0.15089920101778787,-0.24135192934376115,-0.03397482708677889,-0.12321861682464938,-0.634088488551417,0.2902566628339561,-0.7104012359362327
0,2.24867707487614,-1.3929377921770454,-1.1176549447970563,-1.6206526615535046,-0.34558331172454015,-1.4247009571741625,0.6586127330309783,0.9453241126872204,-2.1464566411336916,1.7320857436949693,-0.2751024120219254,1.4584545099399588,0.9846448080266011,0.8593590380592306,1.290907263699829,-0.3804918737852115,-0.65175997996054,-0.4490971408367569,1,-1.2910188311784225,0.24076068304936202,-0.837083612328585,-0.13858845242106,-0.03464254637310982,-0.29023165876354157,-0.8316035303003328,1.4124761239138888
0,1.9212735683018476,-0.3684142298503268,-1.3792904200241727,0.14249223888939233,-0.653402652072695,-0.6958086109563343,0.7161107961161641,-0.550113582550583,-1.8371009120212998,-0.08489478227552977,0.7628029651694962,1.9906504299490377,0.8848916494084056,0.3678140213323018,-1.583792035289544,-1.2053250517681757,-0.307005217333452,-0.06938428299152002,1,0.16808613143020118,-0.6606652187151976,-0.6748182797407771,-0.009754247649131548,0.21075355123286332,0.2607379746348447,0.5198460557854825,1.342870603441316
0,0.7925574015294047,-2.769141835484096,-0.44149260363977394,-0.07822525421540716,-0.14493152075899432,0.3278526393964082,0.8678250696329636,-0.6977712483539775,0.18574796442283348,0.18510671672173395,-0.36328192690148753,0.38348151226588323,-1.2294511200805265,-0.14179334509115996,3.0622699035972043,0.9255954112427082,-0.4925118648831933,-0.16181717102246868,1,-1.87737378862638,-0.3004900848087282,-0.8024222571473463,0.07591916589381137,0.7080864594334586,-0.5896463005899879,-0.2726053139380107,0.10758651933659885
0,1.1888766908530428,-1.9633583658451423,-0.48061509924634005,-0.1112990518595034,0.2265481362326267,0.20127972643218,0.6215919904827409,-0.8490079350148233,-0.6480692567704864,-0.3999171829903478,-0.3005084613198699,0.2017000670961349,-1.3034280632764073,0.2851746979978658,-0.6522456566431483,2.4682015005106424,-0.5814548286046757,-0.08421233627397026,1,-1.87737378862638,-0.5670407914280737,-0.7293294264197671,-0.1268155649304948,0.36413893485297977,0.19758573227628567,-0.4606299592880001,0.9714075636425406
0,0.6782060580138243,-0.15472661620814593,1.4165446052121036,3.36942474138991,-0.3225648374980441,-1.4242215539377376,0.7947320342995324,0.6484649285022657,-2.4185835377365703,-0.23145759329677879,-0.2146934376829352,0.4643745791961652,-0.3556898508107712,0.26873164386515425,-0.7819707254644541,0.12804323972342663,0.8618334379192016,-0.46478260027404816,1,-0.24804943105524388,-0.17244591271259455,-0.386712979555054,0.04105245230644615,0.06106234169354363,-0.7739938283165506,0.12015845913485898,0.7231654719483525
0,2.24867707487614,-1.8605308875065736,-1.0311081491765957,-0.9436470302428622,0.2323858770764557,3.8428055804306984,0.9641854795611828,0.989615413199688,-1.7396427107251884,0.06219148229252183,0.4890064683374601,0.3069352829448353,-1.7685283798044362,0.6921220453188999,1.2199834539477004,-0.7679405050489517,1.2190332850654377,-0.01297990150473266,1,-1.87737378862638,0.9097695495038709,-0.7269702030097847,0.051492606785163715,0.3833675040117559,0.8398749550648976,2.4841985745184223,-2.1819441486556497
0,0.8471550706110591,-0.7694188444257304,-0.2624115456465444,2.528965792033515,-0.5269153391458885,0.613054600092051,0.7193809623103897,0.22337485864822826,-2.782277609856605,2.0750414522240836,-0.22919726532445867,0.1143840270057518,-1.5528932647681573,-0.4609365262946466,1.6822525844921716,1.9441200529368454,-0.65175997996054,-0.4068880306841278,1,-1.5839036946553338,0.037847557954792665,-0.3245864416982402,-0.038150942475177974,0.3528899477799574,-0.6354637322527585,0.2462237175951355,-0.4619048481355875
0,2.145592873541129,-2.043095976183594,0.7381810942555946,0.5516970591670038,0.6862253508437011,1.7986627154862351,0.4300373275916852,-1.9320186360894476,-2.4588245841255025,0.6379980299415033,-0.10654501665270805,0.03705771171489588,-1.2582754736779842,0.6297255951598552,-1.1705867549927054,-0.24858962273174445,-0.36499851076608175,-0.122336623902088,1,-1.0368368467680573,0.3648852078824657,-0.7217678676877328,-0.08875609235642379,0.4885248257247398,1.3237589221859167,2.6232479819513226,-1.4440487599715497
0,-0.696949513590301,1.8838325478095688,-1.0829077337164854,0.8427615346870262,-0.503971596406333,-1.1355237535988651,-1.7522870090259723,0.10190124261135769,-0.6054310814302678,-0.9811147410780612,-0.7088643871757232,-0.03513478007510312,-0.041826574304484165,-0.49037940967438665,-0.061909107458762436,-1.5503879936418046,0.013137638473461277,-0.0654828020318077,2,0.15085665767547116,-0.07214105544778993,-0.3521729034290644,-0.13858845242106,-0.5483071235169045,-0.2534742968415081,-1.0424738704590453,0.911947063893662
0,-1.3042704591087697,1.042232279501834,1.0181087790499384,1.2322956673502143,-0.6650853577564013,-0.8473408555976465,0.3644636804504049,-2.1590607327535847,1.3588326529729235,-0.32506934186339725,-0.3766347979343893,0.7086366428054657,0.17664428496819606,-1.145299220478287,-0.3484542103796646,-3.7735519438768543,0.6006780086600008,-0.4137601428141847,2,-0.6419625306840848,-0.16456424294849417,-0.7558235014202797,-0.07761728640012969,-0.8911834678893426,-0.3442328698750572,-0.41694858512995003,0.2943192054655087
0,0.11292881264023999,0.2352659358935899,0.8403533226449184,0.8789313164704495,-0.37335803629423453,-0.6259454450801397,0.593220412207598,-1.9401282220045695,0.27550561866622225,0.0015229091384046378,-0.4207902567122337,0.19324241898010786,-0.7986536460474016,0.3415414940499303,0.81206601646775,-0.8689119454236445,1.0471726374430914,-0.5406040735680075,2,-0.5963860648488176,-0.011290305332141481,0.6525615031896385,0.1100984207431807,-0.6375635235624562,-0.7181053013664388,-1.061911353043861,-0.062269762469854606
0,0.24238295553228587,-1.8036097705552754,-0.6917502306197862,0.6607835017268949,-0.5697891886542409,-0.4621320363004078,0.960000877874623,1.3101430290808787,-0.1610141111938142,0.11590246277251234,0.30160977262100686,-0.013489398303977329,0.45911030828130056,-0.8641784968564593,4.53622087412953,-1.435226017976327,-0.6222171617162003,-0.16128496411788196,1,-0.2532594822663311,0.23103890448023812,0.4904772776216776,0.06549756657953683,-0.027426131250016222,0.014166686765840542,0.9292216342781725,0.8877719976401292
0,-0.40329601021984096,-1.5114641864575855,-0.47373992350747407,-2.402723661272094,3.983859425141588,-0.22385635599843212,0.41776327183465095,0.27498169487290225,-0.917353660296853,1.2928666850679436,0.5327325435507052,1.0248188302948873,0.6368526521253292,0.5223128106364772,0.5042662062743462,0.21431493800910378,-0.19266739017092588,-0.2890038892221178,2,-0.4816148381281899,-0.45421658163060863,-0.6983964474155142,-0.07388738700392453,-0.3073436986771922,-0.47313867054521264,-0.38090011393802836,0.16826539159836473
0,0.2730887374052495,0.7023278372021138,0.9647301426605173,1.3473983633681277,-0.6814187956702444,-0.7844636679548861,-0.7674236017965357,0.14609189143217216,0.6523251885151158,0.20974757788437817,0.16868125174646903,0.5439202689703502,0.04533727302558854,-0.1970224549976473,2.758274520722206,-0.04107191415603617,0.45196658805931766,0.030129880546917287,2,-0.8347817587854409,-0.32399457155121736,-0.42092139861753886,0.06139761182722174,-0.633543096391302,-1.3262712072419047,-0.6528995125733587,-1.0271038014522005
0,-0.9186564795033406,0.3297194198807585,1.1102968031635454,1.6692531875004648,-0.6224595740644907,-1.296995785843555,-1.233614658715002,0.6361766173536095,1.8652424726939256,-0.3642844409726274,-0.20752027445198895,0.21238439221527036,0.491106747039554,-0.6072276333345206,1.4006349894728178,-0.7275473219178908,0.40680329576046004,-0.47622974601366186,2,0.7638305298495439,-1.776842044775236,-0.34759342295105483,0.31254564562555454,-0.7622360938502158,-0.20463964770635473,-1.2005980609104692,0.6439474976178339
0,0.08956445654179113,-0.12076225860759537,-1.48112820797909,1.3889855797730402,0.12525923216234625,-0.571536265544719,-1.4042003214569636,-1.081198947593864,0.5478014280636697,-1.0240756910003737,-0.01732789937099788,0.3742368337829691,0.27581757827624526,-0.2177909796121557,-0.09138220111803563,-0.9310639833448902,-0.1695895331184763,0.08375938438368202,1,0.44625556928048693,-0.8770027791125479,1.1621031746908708,-0.0589415549843846,-0.7762228752324875,-2.2931101311274418,-0.9672334213159488,-1.5114773783539928
0,1.915847710177042,-0.47925365296810407,0.2056219716634048,0.2162244156225548,0.18448075461586635,0.7785621321097553,0.857499216937853,2.198033367126266,0.45602349950792664,0.6903372548611412,-0.2759187636517159,-0.22676156781496706,0.9233092979050953,0.25948523846826477,1.7805848367906272,-0.46291132218014674,-0.37999499742367127,2.3475482460119936,1,0.041594982684962686,-0.5434705515040891,0.01733276235796033,-0.024373076982387366,-0.6460106114543036,-0.3227121708304652,1.684487466672862,-1.2729389577667476
0,0.739005707510965,-2.3095781100471733,0.16118528345465866,-0.2109619079515821,0.05963364268317439,-1.0545306772826357,2.141388013325121,-0.7175048431123747,-1.182256297023806,0.8104635881944435,0.028962234325449143,0.5961307097935855,-1.0221701100334513,0.6600426162084864,0.38417264695741626,-0.15043011970173448,-0.65175997996054,-0.00444339454681747,1,-0.7490285259182676,0.8078844178265564,-0.40958733937280356,0.05167975541254376,-0.20036449884650082,-0.4118993962397013,-0.7229717830361418,1.4124444087054635
0,0.3796772363258045,0.3348809446578045,-0.024132925471517075,1.7529762485165092,-0.43853831158902634,-0.7128436877810147,-1.7446996934247074,0.9017578905583674,0.14237403165616858,-0.2654060626493386,0.31181277692354337,0.05094124749194007,-1.0968777943041783,-0.4123017838829395,2.482799237299748,-1.422471279949991,-0.266104242733394,0.23474732617900562,2,-0.13663969293313136,0.12084573107597811,0.6948130040181513,0.2027899140196613,-0.9760650737065879,0.04099813779130118,-0.2465958941051362,-0.5960312585074795
0,-0.7530928028254404,0.4212215882695926,0.38652365994952503,1.7209242051334384,-0.6999847023726711,-1.2876927623038452,-0.6373679226709543,1.1642372894097102,-0.10734594090938249,-0.919125596575474,-0.22561047703327847,0.9282926743209134,0.704585939407179,0.18332405899199922,0.2669567313412581,-0.7778596700505154,0.17436216024536436,-0.12008269453522585,2,0.18484703778710693,-0.1941568886313514,-0.042222611565206895,0.023416255291056738,-0.5793588270824825,-0.5634970128774603,-0.713424610797899,0.2557592149081707
0,1.348525467696155,-0.14888704892425597,0.19268258431642932,-1.260438589026415,-0.0752197440437119,0.09920035565099422,1.0268197702600528,-1.3223916763041799,-2.392052936356257,0.842485080338828,0.23327949476113574,0.28713589954689317,-0.6161073144812396,0.3141527976031673,0.06317622567900122,-4.337668970282717,-0.2935845647952123,0.7263951773856584,1,-1.3226744647569242,1.0408392433879778,-0.699160723536743,-0.042740831362960245,-0.7800509528356612,0.3487452852147088,0.09369984007231846,-0.43667366735797064
0,0.39875939562487916,-3.155751779293464,-2.485148752204605,0.4419877063550548,1.1578684358064348,-0.36133254862383135,0.925601394227072,0.2824551718982426,-0.7517748071274788,0.1877949397617015,0.3335206427142925,0.5298077569455517,-0.41866648272527995,0.4765740346201105,-0.33298658980628754,0.6467004875409322,1.180936276750069,2.9473289869081647,2,0.7490934502327943,-0.7010407855160109,-0.4366896811385008,0.3092992594573486,-0.9619915402931414,0.6009393384751897,-0.6099599323844525,1.1212580298263397
0,0.2957157545744459,-0.08003677060831638,0.8157607415863002,1.4214282794458621,0.4471178068805717,-0.68527559905013,0.8545601476648862,0.7656724010696839,0.03986858971902174,-0.2844694487748154,-0.9271286321140602,0.6521037552619207,-0.1560993936138752,-0.3316937079391593,0.31215493980323716,-0.44938543760176486,0.5241480620014509,-0.19096649063445664,2,-0.7743643946719749,-0.026020809455378685,0.9223807411333618,0.13275517236740103,-0.3261867498540126,-0.25217874335925267,0.016180374726258773,-0.09085154589491755
0,1.3121272990502337,0.848924762805467,-2.6625195068760372,0.08927685642112843,-0.12263542408389703,-0.7067192081027047,0.5458047833355166,-0.2122118003162004,-0.4307873504994569,1.2019692046008439,0.562009001815546,0.428210966220875,-1.6391274965889706,-0.27778818189132953,0.5506778473007878,-0.19083023463867255,-0.65175997996054,-0.25391115504155276,1,-0.4548553728209428,-0.12010702425922612,1.7617889087166265,-0.11980871737191598,0.8413261882768766,0.2158049786949854,1.0252155985142661,3.1705439409994045
0,-0.3093389001228893,0.7573007024581349,1.047650518675159,1.8648485251402482,-0.58709654207618,-0.6075748439038967,0.050241772343919466,1.3378742950757407,0.15535014681775988,0.08794049084948563,-0.19278369328133604,0.5711046761676313,0.568160569426956,-0.36982576058075123,1.4970085170449583,-0.23120059184184238,1.139643047736638,-0.013726030501873654,2,-0.038485558812829834,-0.3776938499215806,-0.6433927689136109,0.06352463690281294,-0.6730985429167728,-0.9295955277276016,-0.48670102141193633,-0.3110110363821431
0,2.1351608613391977,-1.7268521611172858,-0.305174223128861,-1.5536918828160458,1.5946018906205235,1.9433631554600317,0.3845267623759855,1.0931345158542425,-1.185688899087515,-0.3003772864914327,0.09792299045368916,0.2138903923171228,-1.4504657909331122,0.6255324975855038,-0.4953095516686433,-0.42005268349718905,-0.5825486564064428,-0.5604316718539673,1,-1.0000371332217086,-1.2221667921274544,1.7892306074399835,-0.09661230819144413,1.6326829268825143,-1.37369553507112,-0.32320501281360114,1.4100944011491008
0,1.5341083791265888,-1.0625749978570291,0.8275216726554084,0.3599000686927849,-0.06257543046536312,0.31513578305954065,0.5789041071922545,3.0678472332307347,-0.36275665434271787,0.5573745777868211,0.14377267568650104,0.5535450312443011,-1.0332030714691016,0.7506896365696045,-0.04754449414070805,1.8646601690275135,-0.020152366889558376,-0.1550073784230351,1,-0.5183811396252459,-0.24223425001116053,-0.8261620206828133,0.0899670041892486,0.10555297154024618,0.19779584369981343,3.717721682402348,-0.33017265950097624
0,2.2417844075266307,-0.7567921612169493,0.49242745997609266,-0.7132522129915102,0.35201642297053637,-0.45982799932052887,0.8046531542027352,1.8241000463713841,-1.7958471269789533,2.06428750328478,-0.6321731727077412,-0.058299381705482156,-1.78526162662461,0.40275807870595615,1.4212571976593311,-3.4768736811017775,-0.65175997996054,-0.46957313678601453,1,-1.87737378862638,-1.257126226513466,1.473134443207095,-0.048634526366537555,0.5846618240224557,-1.133903065363727,1.1541311472153954,1.2864387734085596
0,0.8413521499817601,-1.1925563439008906,-1.3319484759230775,-0.7722808175677478,0.20645405461082156,1.5595811837433349,0.9329833902596371,2.131430659337714,-1.6329654646069942,-0.10962114721489541,0.6535759698289749,0.4324238812764755,-1.5693123182654487,-0.28272147655475055,-1.0268772710832932,0.054843549993130736,-0.10221979334020151,-0.11370626520670851,1,-0.5439308178573298,-0.5259227444104009,1.542064831019144,0.05081485643278369,0.6672739267622271,-0.3153208564110344,1.3849696107575593,-1.4857319266053644
0,1.8655500919060048,-0.7438551639506092,-0.486969616613811,-1.0830665615032897,2.8999163778673145,0.24129978792913787,0.6846175334603215,2.763336866014468,-1.6480303848557316,-0.0551623037972119,1.5783768612614253,0.5586493544306095,-1.1205721130499209,0.6528469308499911,0.3472250590309496,-1.0249517835594335,0.03766461816905764,-0.46274429074497136,1,1.2892664301153882,0.061720986657022525,-0.7180269771766159,-0.11234614668556331,0.9509571905104024,0.1164635441465861,0.634499930141889,0.6514446994784612
0,-0.9824256098228508,-0.6211285493832139,0.16920140508570003,-1.7868439907374458,1.3414800696387812,-0.7636628554051001,-1.4171946420445183,1.3962810154398333,-0.8328545867458768,0.06099516629438689,-0.5838670934304376,-0.34880901206298043,-0.6369020717565661,-0.040861720682436986,1.2358770005399728,-0.9714231024374977,-0.43018455647461373,-0.30493136824170547,2,0.2301209659350944,-1.4914860712623845,3.1789339108901236,-0.06291847022346751,-0.8689140238268359,0.5263714391367765,-0.45209273960061047,0.34582822207213665
0,-0.20819167025051244,-0.22727718925643514,-1.2001823598305417,1.481959285264837,-0.7428356042054276,-0.447899020969087,0.7892110808622679,0.37641618880480004,1.708703567024356,-0.8543401011207424,-0.312675200564307,-0.31466030202738987,-0.8065079538112682,-1.0761072100164852,-0.03490520107353179,0.4762929769829997,-0.5806948726680751,-0.32771952962368744,1,0.4585126675653021,0.3746109763732126,-0.837083612328585,-0.04630281771956439,-0.26876361830002576,0.17909976943018777,-0.029520332317152037,-0.6241342537818699
0,0.8839943257917444,-0.06402991566068483,0.5323762705681573,-0.8417555727474986,2.4327104813401554,-0.44119931491102027,0.9737346554419873,1.0791831561250045,-1.3121577892612462,0.722413226390034,-0.04789053036615171,0.7340225855328415,-1.1286908910478637,0.03270692725208817,-0.39000656708871295,-4.346205484884305,0.08077045145780445,-0.30734771185040366,1,-1.6248655091855182,-0.5186173654530013,-0.5905154329326291,0.009768301258031048,0.12788231415140022,0.23444217465150471,1.8391649102487309,0.09803430350156098
0,2.24867707487614,-1.5342341621574989,-0.32362277340390994,-1.2633930602193026,-0.037353637525093575,0.4555589154236549,1.0153029155464597,-0.8276717535745417,-1.0907255696564486,0.8289458413902115,-0.13562594750792561,2.626895566482065,-0.609849325034149,0.3268038604398077,-0.5791598708303007,0.14355284229515647,0.23070951952985047,-0.08488757510350875,1,0.08813303306949621,-0.35203187111533274,-0.2917745853317606,-0.012136930010424637,0.0583045481562014,1.3109779613225954,0.9520112698888904,1.940788363226286
0,1.6465655694810692,-1.173649668851248,-1.9511250864688656,-0.5818881050329773,0.9813188603951384,1.826448855808282,0.7518435572917609,-0.5569092286479005,-0.05322714996953748,-0.555126775202105,-0.21337312040700857,0.4277375339909003,-1.5253377701806068,-0.5610268968842619,-0.08204146563217107,1.1919340305078177,-0.6500609028441575,-0.2016057208682424,1,-1.3170978341651658,-1.1919354926259613,1.0383236132873868,-0.12421607083743738,0.8253663687375973,-0.13428279998922205,0.6864052114562296,-1.1481936493272826
0,0.39503970775037456,-0.3093188769113533,0.3464919592678018,1.3183004660842137,2.713770990259544,-0.6324925063918135,0.4555586457563431,1.4007780285863856,-0.3556235862825882,0.48172178100176,0.005839772359960971,0.48254588489810174,-1.3941143043860553,0.16082402752769542,-0.5849304502732365,0.30255377239017067,-0.6293685215335787,0.6884347429167534,2,0.44320589810846,-0.9690822847658866,-0.8370351233701923,0.13718509641836096,2.1405892053539595,-0.9296334985525658,1.2653981606948306,-1.56432153252245
0,0.35073343127793977,0.547527397745777,0.7213671873130376,0.4008176269232949,-0.7011586811885241,-1.087922506022353,-1.2927622729722406,2.486030518789929,-2.3716743707727397,-0.6290954046667603,0.03800301224219316,0.9175511497586835,1.3110666138217142,0.035658252549654185,1.12892350109633,-1.076645105372108,-0.65175997996054,-0.25666444231347396,2,-0.3608322551963794,-0.24016363187078169,1.1847602294552662,-0.07101027187558223,-0.4787963651723459,0.21403313348014052,-0.6918085587370106,0.16078687916791398
0,-0.42561478389849283,-0.30421911025621623,0.08847835501405227,1.3052950142315756,-0.021631494907126847,-0.35138339455296724,0.7332199985284619,0.8429864430278629,0.2532881563894215,-0.3436607181973066,-0.3613984699184817,-1.1049643601508368,1.2617253365452195,-0.7167562261541323,0.05831201949534748,-1.1181401732696286,0.5310021610783354,-0.434792094514725,2,-0.6255526226289763,0.04063164318792038,0.07974217724125574,0.07979246853023396,-1.09095311408826,-0.13461344165037237,-0.7465260744145152,-1.193077227538534
0,1.3692757483333313,0.0617263764041211,-2.7412684606142994,1.358614506496902,-0.3738062447297489,1.3264518909341114,0.9572060827141203,1.6536883529334019,2.934784591010788,0.5640424328540748,-0.4369751561438341,-0.3397433484228056,-1.78526162662461,-1.1384552333053917,-0.3806272946476948,-2.819446652940837,-0.5724835817829699,-0.17953283743819443,1,-1.1100200426861253,-1.6247923856498794,-0.7389328982289269,0.005413295701763632,0.30426901312130117,0.5375777749886097,3.5243511471579305,-0.09119023215710842
0,0.7239162809163675,-0.8714807456161003,-0.05598274498025557,0.3761998083177738,-0.5696099081345853,-0.3475791250393587,0.6388625116132178,1.5474933969950362,-2.417169533276086,0.7680326357788765,-0.009457390750359285,0.18345310175212148,0.9536474264873751,-0.08103163191847276,-0.1806278078351975,-0.6647670296088279,-0.65175997996054,-0.3735057854465916,1,0.10238441309148442,0.30210501671276047,-0.24219965298974067,0.14011289213653733,0.6409040358391972,-0.4205374677090691,1.5098532129106181,1.8714179381598584
0,-1.256211942882536,-0.028604269785688197,-0.10094713601952127,1.40859518523659,0.09660552321826388,-0.41803912324223513,-1.6648923638725455,-0.15284264975111317,0.3965918646601369,-0.5655465680990794,0.8470767030302881,0.14127806817530603,-0.1049686774134927,-0.30707736927737506,-0.9318639107504127,0.1289904499883764,-0.04408528783358322,-0.45218585386077415,2,-1.1217465454750422,0.36131324119716546,0.5939589220087056,0.17191825030998012,-0.9523777510950777,0.6456636387348365,-0.6734903144744946,-0.7811793696551768
0,0.007270369702592039,1.3595909404179696,0.8781367124857656,1.231105093233996,-0.28257396640251387,-0.845740431451218,-2.239252181929057,1.2053964550783904,0.4463216008679567,0.1218254716402325,-0.1032688465614093,0.8196958218242356,1.100984226661029,-0.15704857861087979,2.5827200665294825,-1.2507996882015635,0.24694214979469883,-0.29544708397750447,2,-0.21415325884167832,-1.0092001978933096,-0.7224259559501685,0.04359794361166568,0.4582159024557615,-0.12553214287842976,-0.18267655251691667,0.8228349933637964
0,0.9520026125050356,-0.630306240020335,-1.41460641934383,-0.840020399912186,0.1853298587222671,0.7735222930626297,0.8318340919381668,0.5862530897385575,1.0046861410542856,-0.8731552740750901,-0.2686412426022148,-0.3712225742043644,-0.9765526380166389,-0.9342784295158482,-2.442643422906481,-0.021178203101871837,-0.3063124395089041,0.6236582712520585,1,-0.9050468200838063,0.1763957068878796,-0.7273253593975214,-0.0979184725386722,1.3879773695001414,1.1879299087126591,0.4533708231467326,-0.5249794448176057
0,0.12208335927316646,1.0672159152959972,1.2388127212193525,0.21134799431286677,-0.7638254533954941,-0.868348197376372,0.04572736210625561,1.9496110548687844,0.8900970383165412,-0.2908025494332942,-0.33442300741895775,0.7125658461647522,-0.06163109802044553,0.2094044871902368,-0.23421082287737582,1.0918399709823754,-0.24649156441445144,-0.2826044224691066,1,-0.14301620524838782,0.7015602460405478,0.6184917978285159,0.25231552618218556,-0.023042481282372657,-0.5878613777868968,0.6776524044962031,0.873704503804372
0,-0.21666321645426673,-0.5531887295929943,0.43764392441746436,1.0252284624784478,0.03833262878502752,-0.037157406162437456,-0.680252195287562,0.1148431357523832,-0.45457451405627636,0.24937566251107898,-0.39967606270930517,0.8021110827677331,-0.1682522822180081,-0.1272902947168486,-0.345632289828826,-0.3890030205680133,0.30937416383615696,-0.2105588329345402,2,0.3276971466724133,0.06653725571124841,-0.21434739936334524,-0.11056899107206554,-0.23532157721839758,0.04569502089140376,-0.4067462620044632,-0.44190811418324283
0,-0.09238454291670628,-0.32866543026885775,0.7495016728317547,-1.3878469518847267,-0.3000808348416773,-0.8450708004420299,0.17115803244972838,-0.1496088945835709,0.4595079403276608,0.34501992977523654,-0.591458048088441,-0.10056522724771827,-0.35950001883020766,-0.520680683754716,-0.20456089398290897,-0.38582777317033207,0.2012582658296517,-0.3721621189449723,2,-0.046666010223870624,0.32064314125079313,1.5554019764714297,-0.03372109530772175,-0.1309697270181263,-0.3821832511164508,0.6812274732539021,0.9112053253931163
0,-0.12024901647804453,1.5113488877551484,0.43057203353455004,-0.045356341215844705,-0.07221694688073499,-0.3020038935957721,-0.8909078284215652,-0.6710331037508118,-1.6350759325207211,0.762416294581012,0.36932485233644896,-0.319825445359696,0.7094403398085958,0.1254351389847287,1.7742454452329273,-0.3918385278491888,-0.31633577349293807,0.7501923662749981,1,-0.9873215291206066,-0.7064590389781338,-0.7029628084105933,0.024039435037270573,-0.3477705615450919,1.0584732447330438,4.415755058524154,0.2189909885488841
0,-0.66247635057488,0.6869811140573684,0.5077331530421416,0.828867241015268,-0.42461940375383234,-0.4762988898818275,-0.7331680477724949,2.771436734372476,-0.13316264555619156,-0.8832781048726267,-0.9434132034622117,0.4805058206063967,2.8298644527748236,-0.497755970559635,0.915113084678418,-0.09453895186591643,0.1906648915598221,-0.3177090788951666,2,-0.9184055786783926,-1.7120243457826185,0.8286052194041488,-0.06179036302911312,-0.85588266836703,-0.15115598842872224,-0.20909047360392974,0.15874446980898435
0,0.734862174065727,-2.4641489646346835,-0.11075835823886421,0.00584721379958153,0.0878054504397427,1.315634921125621,0.36496089536521426,0.6622859323459783,-0.25435128441805155,0.9019788370590561,0.16865974386310761,1.5805902891846637,-0.34574181107493784,0.1156120101269773,2.3830756505382826,-0.15291058623566683,0.7626179790294986,0.04794783261652614,1,-0.3047232811832934,-0.5383605478630924,0.47215870251791503,-0.04426605333897997,-0.5412704496302414,0.11326893291231155,0.8751936876945803,-0.9458566913044648
0,0.6395313039934598,-0.6941759820100608,1.2997188751669462,-0.3507762770522186,-0.822371160879822,0.01630124539248659,0.732508787944163,-0.2392028306912828,0.3764472045274479,-0.6079190427764383,-0.7690831035018376,0.528714997025472,0.677224100086336,-0.9188670937919315,1.666483278004552,-0.6959876554985825,1.534260283667507,-0.21495146534804296,1,-0.5198767252376915,-1.081421026623393,-0.7693090517221338,-0.0959723090206612,0.199086298053178,-0.0958380670900772,1.4630664263178161,0.8010323007309725
0,0.14384440475258006,-1.1567929576177878,0.0632630966863994,0.029491181533800925,-0.3207587832661443,-0.717927292400222,0.35967014195557706,1.0235400503144532,-2.1254363611533065,0.05495265999384852,-0.4316373967467385,0.5256571976960795,0.4173925305372286,-0.14494840295192046,0.050373496828883924,-0.19185673718148905,0.11876573714849323,-0.6205606912423384,2,-0.24019019871010527,-0.15653630511098016,0.40029807078364854,0.033291322008267565,-0.1256358572832882,-1.4747475508381331,-0.5948474632827625,-0.5777430257631297
0,2.242945679395675,-0.7447111801654216,0.35899290157152297,0.8628964799328939,-0.21422810330349493,-0.9867143398020681,0.629541710966779,1.9481136193416742,-1.8996231273371167,0.10475670288377131,-0.16378684427649098,-0.023851043903453994,-1.6262775855942444,-1.0293612131512582,0.37200769717451465,1.4512334856236455,-0.65175997996054,-0.12092574462394096,1,-0.40883241724517433,-0.43948798356779506,-0.8079421363325113,-0.024361710639136825,1.002702164448121,-0.3427904805604748,1.0359772616348857,0.015337591822398466
0,0.5197315296940958,-0.6209535128815594,-0.1906940502981217,-0.3594413285209249,2.7831096975101492,-0.7343380186870379,0.7486182858241526,-1.4022456049382108,-1.6766252193617117,0.33428887098059434,-0.01164127175623092,0.504376789239885,-0.8029588603426688,-0.2953299971229266,-0.4674141235645264,-0.3590782014724081,-0.33814693415383934,-0.2805568233239323,1,-0.13435295772547717,0.5685964952079856,-0.5756171838754165,0.011083981720974169,0.14164652982320758,-2.113920944557701,0.04058678876733038,-0.7353591143868509
0,0.8449202782143002,1.1523989661963798,-0.3925331492410881,1.0085849775861848,-0.5247397794549528,-0.9129025078549625,0.6068063625906746,0.7393647807612023,-1.2760618835207924,0.878922705969392,-0.7833026556862064,1.158712310030975,-1.2900548940366685,-0.9464985313158358,-0.20962011153370264,2.039669429653706,-0.38318678317278027,-0.5378291611222297,1,-1.8579703152580782,-6.282033149089451,0.5249444139070083,0.019264032998205907,-0.2598684164834847,-0.20448960428885649,0.4051657540553417,-0.7254236679872086
0,1.264353917383834,-0.161658818530411,0.8532974428338544,1.3545271315749863,0.3480966915690118,1.5543807669618777,-0.9033383236596664,-0.828706234411402,-2.1560167866220246,-0.0010375920275822459,0.40408818960060944,-0.21000294321302918,2.643766426936083,2.380126516975951,-1.0329809900673799,0.16705427167314923,-0.1777251894422735,-0.28878145273586947,2,0.16523194911669564,1.3252402921283866,-0.38277240181714495,-0.055677119230376854,-0.06305532721036392,0.22481987487837254,0.38594790462932416,-0.7606111194358687
0,0.16386321478394503,-1.1396258018137357,0.035529237532594515,0.2972539150514002,1.2769835999554804,-0.4783735724482121,0.9804244412165388,-0.05600801469821515,-1.0518838928394858,0.18477602568697213,0.07775642446865955,0.8931741042502692,-0.8441693905555774,0.20604881745915554,0.32045874660111273,-1.5797882571002109,-0.44521849222436116,-0.21287578597139703,1,-0.5682348071224335,0.3511286413382912,-0.3930911594069875,-0.021265707965786217,-0.7106023994311865,-0.4354651380084106,1.0643847537966407,0.39688514840757183
0,0.7140526147641122,-0.006232382549998916,0.27262784503571563,0.45959098783607255,0.09578621903698809,-0.24874579590132065,0.8073716508928599,1.8857043221757412,0.28251414475702663,1.8647935212713436,0.13104858075340997,0.7058926165138826,-0.9323089591005276,0.09291383532857356,-2.112617188023304,-0.5315111172180649,-0.21895604126010426,-0.5392714420462701,2,-0.41139596844386495,-1.367792497361732,-0.14092719269666695,0.049889644952367904,-0.5708102408497183,0.00528476455770166,0.5581005992296659,-0.10120645423567202
0,-0.4858784265814371,-0.4244872882832269,0.2909586491930118,1.0113675725055749,-0.32328293884008785,-0.653307555650198,-1.7750471154002203,2.5705773015778797,-0.8251382250505499,0.04676908310349137,-0.6339324048439227,0.8713545047509237,0.3010265493559337,-0.10987485176443992,0.36862812531751743,-0.7825048536217114,0.2926890636555475,0.7789786288524319,2,-1.8007344052535272,-1.7912112731785923,-0.6457668557652545,0.20483073612653538,0.28936390579942695,-3.1596773895850547,1.9352252090801358,1.186683966510483
0,0.6148624394490013,0.06930024124010237,-0.11428465310775149,0.5568539155439246,-0.5072700505557377,1.3168850084591255,-0.2799675814908162,1.7338629618482362,-1.3179545529578705,0.4644331437176584,-0.02145690241246842,-0.11317235291440099,1.0364229296785767,0.0874568134321479,0.05740017868092606,-2.959830615929203,0.8680748778030698,-0.5595471726720764,2,-0.9004958882599821,-0.8256608921878081,-0.6489539320260272,-0.012553795079227575,-0.6387250462182117,-0.008961617241196929,0.3991698560626129,0.16884959911073716
0,-0.7616461892018209,0.4407405888824746,1.813020916901381,1.5107627878634475,0.016119394268192033,0.17867621577755466,0.6089053287498322,1.7951069335102268,-0.3318016976922095,0.41725780799457657,0.7936003918560639,0.8562510917870065,-0.1386622958306833,0.3022998835116416,-0.2197793533385552,-1.0559964788018301,0.8711158449191139,-0.19413239000147314,2,-0.6873417233038197,-1.7639689373935574,0.011930813384680827,0.09527463082093074,-0.5419521814027878,-0.9034309663567328,0.0013192149979669998,1.231678691992623
0,2.187874287129569,-1.6766265305993375,-1.1841735171947896,1.3248722132739668,-0.34738062707746303,-0.6150957954470455,0.8879765236701406,0.9476158990748031,-1.67103689171931,1.3613160818002088,0.35524917060491584,0.6616216500016483,-1.160578167043098,0.43674079327501636,2.9997038756217513,-0.32112736513479573,-0.6340985798428622,-0.5047534412272201,1,-0.04029032273803035,-0.9697570338950873,-0.29436533929474307,-0.01833078650155836,-0.11983468004194892,-0.05364790465563146,0.5905793616710645,-0.6560508292177931
0,0.2697672829653515,0.37856112349935034,0.6559953292872388,1.8499598835303728,-0.42563649452836927,-0.5735528316481908,0.5178837781522975,1.8625883178748763,-0.0694959120997331,-0.6321183769242587,0.5297111395881648,0.09678993997432557,0.1687852017681557,-0.27890021959335487,-0.2457776465987419,0.7920202000566846,0.9340154769862384,-0.25191624540254454,2,0.2902766944824296,0.054451472019950875,-0.5646208392558627,0.3339741573168281,-1.0633853015834278,0.09215246960075169,0.06053698266578195,0.16436987974887596
0,1.1361486157769578,-0.6342217200191618,1.268614444759269,1.593861920269576,-0.0990384210372377,-0.6287446781325321,0.8496126670732115,0.07295942365178121,-0.6576948557799185,-0.5715990002252812,-0.3114362741214991,0.6471519128702236,-0.09672851094994661,-0.8941989891939136,-1.1677255520038505,-0.4076131262650202,-0.65175997996054,-0.2753924337342156,1,-1.021034044898149,-1.524325907324726,-0.6826712464904909,-0.11144623101470899,0.06879908899167142,0.11900050359009112,0.03099471869637041,-0.6909344435711255
0,0.12514785819860874,0.8069573675471355,1.5070320714856515,1.3720252467007636,-0.05451228115597845,-0.47615416609775163,0.6515584836286225,0.5697917429795506,-0.6233120952640836,-0.7218808201928033,-0.370345708899595,-0.6739583432349427,0.12863443819291887,-0.343752940978892,-0.32397101304561926,-0.5999810332708654,1.19246558061975,-0.5207228896755041,1,-0.6490940855640649,0.008766017539583393,-0.3098822689293138,-0.05951128898438129,-0.5316726191079738,-0.43037398753512923,0.3130264803748244,0.5343687973904386
0,1.5276288668350055,-0.8783507171589544,-1.233355441339514,0.17706847034285073,-0.0989511782695422,-0.9139333254976685,-1.6288324433334784,-1.2732390138823277,-1.940743863688723,-0.24568804631800142,-0.30659549378619255,-0.19742002757477495,-0.316444373324795,-0.3396174817632911,1.14099421769923,1.8140355784537334,-0.4104690135175242,-0.534387681054774,1,-0.780330971006111,-0.6433240372722361,0.6257776769648857,-0.06994135304673887,0.30893014770851923,0.7762825336781065,-0.19531237497605522,-0.06332828906580423
0,-1.5695654709166917,-0.3285818752513735,-0.5737273925936235,0.25099285463845167,-0.12919371618531345,-0.8375204544397273,-0.9146990984876557,0.20011869715843056,-0.4976635482267584,-0.867201336200156,0.2519505268418582,0.5156673551026568,1.0785145958427487,-0.598782004110929,-0.45761736492471916,-0.19452367076976923,-0.14284921648465476,-0.056775609169923275,2,-0.3580572912266248,0.6964912072023609,0.37612565257282893,0.029955551987399617,-0.2113477362553249,0.7871488011108627,-1.0518058649866115,-0.9115179957536584
0,1.3419498286158413,-0.5910734235844874,-1.3860328181955222,1.8953838243207475,8.466852303887853,-0.16122251956102374,0.9010735078910769,-0.9326551388779697,-0.417546067147899,-0.9512690445684869,0.4690119860149242,0.6458792172477713,-0.30285947287038434,0.035731771038910454,0.5225681101956826,-0.5326051642168358,-0.06068296929203802,0.3502556128213803,1,-0.17267738534208288,0.9417833480510435,0.11343971404295083,-0.13858845242106,-0.4443578252224443,1.3325505592661258,0.7558878154857119,0.6272984093266607
0,2.24867707487614,-1.835571076739525,-1.1596263472185235,0.22343094310963182,0.5889675138449391,-0.12983352096293105,0.8379209183502716,0.457808501220038,-2.319072797185381,0.23946130584405786,-0.047547344004257,-0.17732359161144381,-0.06870061814144313,0.2850128225296093,-0.1683589393071539,0.5209216378851494,-0.527494955841047,-0.13520438154111958,2,0.6505158555672933,-1.1726431943024251,-0.837083612328585,-0.030309380742494292,-0.08319085213316446,1.2106831091640102,-0.10832271736742144,-0.44652246502066756
0,-1.3222087552443322,0.7047563460825982,0.22748128232742948,0.8348486746494383,-0.5500393365988747,-0.9258117702342317,-0.7721335156746392,0.4929551875054488,0.050632894098176506,-0.1721091556284139,-0.39550835060259615,0.26165708528409926,0.6103244933565428,0.6493131148332739,0.13365648046210485,-1.2257632317139922,1.2529844276337982,-0.5003872094014533,2,-1.2332220495875856,0.2442838439550732,-0.3724257666755803,0.007733238506367271,-0.5577462841349535,1.181319700572833,-0.3714458470171962,0.022711794551153575
0,-0.32864107646815754,0.07780306286334404,0.3781818062235474,0.8310003740651173,1.038480914219356,-0.6280537857757924,1.0149434469499434,2.0488894493075978,-1.6580492406359242,-0.06179523261869635,0.19880713152106672,0.5097398461462589,-0.06595024969922526,0.8479172271477018,0.7384201976537693,-0.2359424107470457,0.46039965933316535,-0.22556851384055895,2,-0.1346471813044766,-0.040020300648552026,-0.592728124555924,-0.009689175966892075,-1.09095311408826,-0.09376608287895716,-0.5150095673755167,-0.8227882525257902
0,0.4708582209929596,-1.5936501451960332,-1.2266054644079367,-0.774230957799759,1.5911113479062227,-0.08382552404689811,0.3888689159074326,-0.6871518134122154,-0.941350657609098,0.3509216791083811,0.5266970772207735,0.9479643063213614,-0.46172425999992717,0.8663954361079935,2.079645733637615,-0.2867766961381642,-0.5559995085080455,-0.07735127003940376,1,-0.052157311699291165,0.8302075842200596,-0.329107216800069,-0.09085356572183798,-0.20026378240921847,0.7473102717262993,-0.33915608365754146,-0.6094601586292543
0,0.8743066739415356,-1.1750826724697072,1.3697238852453402,0.7594266234410519,-0.07223204327612698,-0.8926291930172245,0.5364809762436884,1.977475701180395,-0.24482594111557782,-0.37170322492733554,-0.3416537788479639,0.48244522643732224,-1.0986693999778256,-1.7171421083439529,-0.0827434885833308,0.026866529570490183,0.965302562592047,-0.2538735749351831,1,-0.25143467082128584,0.18405866511112273,2.7246752561866816,0.039649215210917146,-0.27737128612998685,0.562211853961665,0.02859322506734996,-1.2662329795574943
0,0.9042103210508475,-0.028003383041253382,-2.0210137413064957,0.8564423966444805,-0.6810726713965616,-0.7803338246656073,0.852378041388365,0.8885097709493699,0.3352660492415802,-0.14365160124563534,-0.7293027958287174,0.7533996855052056,-1.78526162662461,0.0028715840072076615,0.15554988609877696,1.6980055132928809,-0.65175997996054,-0.16814463612296882,1,-0.8872301385948429,1.060949813253088,1.8855481798309282,0.006235513936043928,0.8539359914827876,0.5393443683608738,-0.021471454503508625,-1.3645414429838896
0,2.228905656955332,-1.7507513256665064,0.977009522017146,1.384576830730268,-0.00409902366502668,-1.3929783800751445,1.024331650162368,-0.018322979337938694,-1.7804213218720344,-0.012627629966762394,-0.6677619703749129,0.7840487354757241,-0.8844578260296931,-0.2348486479167061,4.53622087412953,-0.7694954615981063,-0.2051978537438091,-0.3075799792379274,1,-1.0314267646078223,0.3321034927657187,-0.8023138283416487,0.035456319277346104,-0.81936731687105,1.7466299278573798,2.6860619455759274,-1.1894784817257835
0,0.32255112750122616,0.2583838114197943,1.2396490068466293,1.2055282104749265,-0.2054178707858082,-0.7215974031653896,-1.727416032885382,0.9227323461927042,1.48019290360515,0.1634079725455364,-0.2725830123692557,0.6550251380947756,0.04489642970540586,-0.6379120039726759,-0.7102059424068551,0.09231494731994108,0.1998791308469983,-0.3893278633034106,2,0.33160747260151424,1.356887818373338,0.3992999625478767,0.34596441028749625,-0.07487734609077742,-0.3383648287824918,-0.4327389838948713,-0.12026802551683882
0,-1.7779191870358515,0.09495243265753403,0.2473627183497855,1.850303697042311,-0.953642879676144,0.017817366981685123,-0.9746842000261864,1.2110046606759928,0.3199702565345396,-0.06354985568771931,0.11980631538091413,0.49988374576074607,0.8434991872401528,-0.5709403983858015,1.7049711951381878,0.8505297420300939,0.6140874280005835,-0.4774517386799173,2,-0.2330545852957742,0.023741268524229198,-0.6688595972039029,0.1582170735105488,0.011879873495720228,-0.12642646528608786,0.7961751986528354,1.3682013413805323
0,1.2909023694933761,2.446606913611466,1.535625678541781,-0.9574616689916364,-0.6052121009768087,-1.378512426583585,0.600718892570026,-1.3033651551412189,-1.9965838975218042,0.05311747641262046,-0.7337650135062888,-0.33160205432764484,-1.64457943691089,-0.6776353794513087,-0.12930193608025764,-1.4360323107190678,-0.3069610367687425,-0.4560091369249607,1,-0.3428448458438744,1.2496155077132782,-0.7185368940297254,-0.09895205349495141,1.0000166982891856,-0.07946385557976679,1.0804006962414567,-0.03910240799711001
0,-0.16315061408300688,-2.4562884895375485,-2.4466566690085343,1.2207670924313174,-0.40990682988489974,-0.5103049373622125,1.0011016665790051,-0.8314258880567982,-2.7184820698165026,0.07357968868162895,0.13624822104620643,0.20719060116392202,0.11506791756402424,0.49188914368740366,0.42604710341267527,0.5071229124987613,0.048397001202488826,-0.34251339729879954,1,-0.5225808534133143,-2.893253285027529,-0.837083612328585,-0.13858845242106,-0.8721305030915424,-0.2034258531909196,-0.47342323438691436,0.5740069074804434
0,-1.003165017474633,1.8529793520129227,0.23980873400175226,1.6329319702673284,-0.2626413110006557,-0.4562679602914663,-1.6858979318353757,1.6597242501128875,1.1285764698908818,-0.720691985756384,-0.044703881335225765,-0.8148357010571085,2.355130210175691,-0.263930926390124,-0.7109572466855835,0.388713208159305,1.7856978291117938,-0.01362127439529287,2,0.08451014943898505,-0.07944327787580097,0.9611912840956356,0.018281284356143665,-0.3857098275102639,-0.5024682473758947,-0.6240836929660722,-0.3094515522841146
0,1.3194721537872747,-0.7322188368723654,-2.3101963638629917,1.1426546460899214,0.461891716125243,0.882909150424702,0.6929690508233213,-1.323616973335225,-1.623544479711552,2.0938408209703026,0.012413680115078707,0.45237513489371955,-1.1958806986891926,0.20223883377873267,-0.3010749159791135,-0.0012053214573627402,-0.15792087963416873,0.038937339373910564,1,-0.9301986727461604,-1.4796173265106654,-0.6800280519755132,-0.04657195434286693,0.8088743273955995,0.05953715209496993,1.161629847482072,0.9004618256798533
0,0.30465412738583175,0.3516124546110762,0.05235998178749213,0.029945341746099974,1.319185853469984,-0.37457671413442833,0.8298978793915788,-0.9462665831441043,0.21081075380308112,0.3010669791586711,-0.2620448867176877,0.10154032144564001,-0.33619325696857216,-0.34186094422798885,2.285571797028416,-0.16981898643259452,-0.398561812744047,0.05199376048603951,1,0.7753578643286846,1.5518708715316736,-0.8170348990121313,-0.13858845242106,-0.38163146899725214,-0.6832816997864505,-0.867498039700155,0.26602628748665846
0,-0.15387501262309644,0.4959414894691278,0.995652297241796,0.8856634893488387,0.06963097796278617,-0.7080312837584928,0.47066122881481665,-1.8149253900386917,-0.5479766103047534,0.6331210889289396,-0.004638212940602571,0.27469009495535546,0.5722420675687976,-0.4010282792462293,-1.4931658118924354,-0.808536472586651,-0.5075927686776485,0.025303795680734265,2,0.19502570690525395,-0.8371762898362876,0.12189675824666152,-0.019366193287474416,-0.029229147869078598,0.15806788692247808,-0.45326961467881055,1.0445181701253858
0,-1.321719222729079,-1.2525010825456706,-2.5591778436290844,-0.7913533991448494,-0.3144992324111635,-0.6216601044876737,0.565606273022892,-0.6006467223594412,-0.6910612457351952,0.028590733271752766,0.15667427982356716,0.36577055846984025,-0.2740656694603182,0.09245185958400065,-0.545979828036938,-1.1220494040987725,-0.02377860835621559,-0.11452270526101216,1,-1.1419540788371731,-1.8937715964532091,5.314701435154971,-0.04856036153058891,0.21685596461649137,-2.417247836782731,0.3304157973525681,-1.3740599447586859
0,1.387130133543295,1.8707614456827182,-0.6803771578089539,1.0893690053372156,-0.35482216137945555,-0.35323823659990755,1.149633928434823,2.336801332809292,-1.1428553223652211,0.15982243450019323,-0.24733681313778522,-0.8211364719926716,-1.3352115338299582,-0.7668054310447396,0.20792397456143186,-3.0989720820465716,1.0710970204595696,-0.0026158854866531467,1,-1.0256576607101373,-0.666822838841481,1.9665192426528095,0.32318458778662706,-0.4917720247031443,0.17461666721820238,0.224381171351086,0.9590406845534691
0,-0.023136029037213263,1.881639841254528,1.575429159823292,0.5254929502895659,0.37394254268277455,-0.07588003870060939,0.7100644112436507,-0.19602148246157713,-1.1286705390220149,0.40672160958073567,-0.26431668437952355,-0.7921452514935929,-0.5863201407460339,-0.04700817988403874,0.933782707268084,0.8484739489870573,-0.37458054943957697,-0.5828710307514988,1,-0.5292329029050674,-0.03879340897847694,-0.45987442615510354,-0.08386219492323241,0.31371330276650855,-0.19552685415083798,-0.38837156272297413,1.750652081289857
0,1.5940459053449567,-0.8403440926767793,0.8202640299976737,-0.4793099766543909,0.24150338177098607,0.5260751536286954,0.5701711151104757,0.7293077189163374,-2.0164525255582837,1.855748835276675,-0.25342847820672054,0.4446401940824686,-1.6983125630464464,0.8710507643282533,-1.8150369930329378,-0.7551969773969314,-0.65175997996054,0.4266433820683218,1,-0.4561584008120302,-0.30884894294074694,-0.7149154294763786,-0.012302812538342117,0.9103664076897392,1.73520418036869,1.2857194298504737,2.1533441924521046
0,0.01294269273528463,0.3995475541046221,-0.9952832366169575,0.39871957986014894,2.1445886623755412,0.13023847971194813,0.6171105794588487,0.3954949824125932,-1.041634392136271,-0.9492327477346045,0.4324618797621196,-0.24684619265251295,-0.672563320796923,-0.2676468840911824,0.19288400415490792,0.2784826639775063,-0.291307067395191,-0.25934823848962074,1,-0.7012976982140842,-0.3592231244653251,1.0176453658446303,-0.06779159844899604,-0.20500882629082895,0.13522169327389055,3.545103565531525,0.8565218944483606
0,2.00754194986014,-0.012786206246225618,-2.63939000808098,-1.4656098735453023,-0.31572746931049067,0.3171913118625977,0.38395082971144084,0.9173711520635639,-1.5938818641038908,-0.5441508473235283,-0.5809290116994982,1.2324437821261096,-0.7148827007631291,-0.20821415195327167,-0.1488666705175361,-1.3365545796675746,-0.65175997996054,-0.201343556253409,1,-1.0500317724467827,-1.4270040479033335,-0.36815290248016774,-0.08774840527175348,1.0167535471188545,0.8152232863197613,2.603148529922772,0.2057231661242439
0,-0.5890821852881606,-3.4244305194115725,-0.005656375868200003,-0.19396278452228977,-0.2981930998739064,-0.09790470171285265,0.7180441234449996,1.1229903283003102,-1.1005581187374398,-0.015812166110749093,0.5795072660828374,0.8613270083527909,1.1587529424901661,-0.44677243443322956,-0.8584311614386346,2.937849046660366,-0.65175997996054,2.1175220400553227,1,-0.8589661810817968,-0.9062977340001086,-0.41796120022381844,-0.12861576333674046,0.10098691569088422,-2.924176867561558,-1.0300628773419358,-2.228293671747427
0,1.6767638080796274,-0.8199838166516837,1.0962525192008685,-0.6405906616880523,8.227024353398699,-0.4917217013034485,0.764608216335065,-1.089576026580162,0.5533442564209736,0.29550121395541495,0.7736938986927435,1.4805555960232102,-1.0334057705443278,0.45069533014159047,-0.2740728538926088,-0.8708328770509244,-0.14750000687234993,-0.03300712681192561,1,-0.9942218561969268,-0.2232233168356821,-0.5552533455204148,-0.06680034778649421,0.5766487230980426,-0.2945107767744837,1.1063546017169255,-0.8194118929388233
0,0.3543730417613933,0.17314810508623962,0.9359050352798437,2.1344024151945575,-0.18910300010869857,0.02937602787801885,0.6382741652386787,-0.39021161185235026,-0.6063014774807147,-0.5155607814449483,0.9046339999056761,0.7442412564987615,-0.6549257348004374,0.49663386732510584,0.7521306838317984,-0.4588214602013072,1.4719636415158008,-0.1380956446857315,2,0.0314781131511923,0.6254469747506174,0.08025271361568609,0.2212189228968593,0.5044208945590116,-0.094223389267757,-0.0010406961322874109,-0.5795562451352624
0,-0.7608929763879525,0.6253486739301004,1.1530392255922906,1.9591619765655832,0.6516218849524767,-0.7556062926322904,0.3442797609916223,-0.9950121786059838,-1.1416692632786751,-0.2337522478813583,-0.011641578903650807,0.4169112832304121,1.6446426508057335,0.5339739507117609,0.9467524846263538,0.4215089311065551,-0.5237833108533233,-0.24395169488311433,1,0.21675433813953177,0.5935453230929645,-0.11800411317554421,-0.13858845242106,-0.8906805968567465,-0.08855357060205615,-0.8894494753080463,0.5488850569389319
0,0.6189744797604758,0.8379390031230277,-0.05878247569398404,2.1130616901201655,-0.01356586320767772,-0.24666933326639723,0.8904939411813988,-0.5640142829578725,0.7565516543943485,1.323193255340235,-0.3221248797256683,0.6477441315945497,-1.2498731480461494,-0.03034161433293353,0.5925362855373224,0.5310155603525145,-0.2317350036450493,-0.33994829839965146,1,-0.7965903625768698,0.02432550005851214,-0.4569759908414022,0.10231619471278208,0.643467898041159,-0.4190739247741795,0.7769847532329754,-0.6916676391258972
0,-1.4653424315366372,0.8334107873352987,0.779268967996413,0.6103228688398886,-0.8429168416233075,-0.32743869849102875,0.7933036773850157,0.4032917068767003,0.4594627631647533,0.047323771334514125,-0.13701417764581855,0.524601725873659,0.22650578933430981,-0.6986319317381617,2.418897659688514,0.8720450561283853,-0.08584089085427116,-0.27581017917986683,2,-0.5017913793900511,-1.0021837666614668,0.40555432666792296,-0.040631199134160974,-0.5043925108130989,1.3362201804867564,-0.4525685167828972,-0.022925529015328683
0,-0.6490721166413527,-3.484172588184179,-1.2000457758383012,-0.7617460186680763,-0.46537752447786834,-0.27789615537482415,0.5214910970625953,0.47556655473638365,-1.825790996072271,1.8039334540494933,-0.24223322511764975,0.0809932350711276,0.4166130071579325,0.9331172242524468,2.1538148899854805,-1.6338789432926881,0.4327058794145207,-0.4366777943834679,2,-0.1689030550960456,0.641458595390937,0.8487894571666399,-0.13858845242106,-1.09095311408826,-1.2065000871311808,-1.1010659777405847,-1.5200797481980919
0,0.02074420068150773,1.7488557305476427,-1.2815771312404356,0.8654508051276202,-0.544995799031286,-0.9387342831700989,0.6435379044888845,2.3459346530212533,-0.22349448528575006,-0.06555409608294593,-0.3040781990094279,0.35777853850880414,0.20093409971904652,-0.2557146592191308,-0.8348170640110002,-0.9284668411337491,0.8925684602568384,-0.4704295562948296,2,-0.4075745718023314,0.4319419092561625,0.40095677200275964,0.25909534241012866,0.03930783877864763,0.14489554334123617,2.4999462720868157,0.18908904114401304
0,0.4223188593195888,0.3512132026475545,1.5698505146055042,-0.13611426230024523,-0.6212122885171011,-0.5770327716169076,-0.49975676639896244,0.12632112103012744,-2.583472341708907,0.870051399905342,0.1409508613311094,-0.44596397708165136,1.6091262909141766,0.6741552385974143,-0.5220722933178599,-0.3262840155939297,0.2242954280211445,-0.30036087034465875,1,0.5238063413425887,-0.3264090039706542,0.34195293575023983,-0.06765002070775322,1.8687858966286717,-0.18466707586903153,-0.849628383590004,0.8413252313379709
0,-0.15195669510719984,0.6325054581225567,-2.172923869978659,-0.2115744289611079,0.029994517478907474,1.250819139469695,-0.5004118658919299,1.5498832455007991,-0.44685049133692034,-0.28886456625083323,-0.22489476823566745,-0.41304334678833055,0.4032136382375858,-0.8663230153112209,-0.6914018043814624,0.023633667799408953,-0.0907477644196163,-0.4529581130720386,2,-0.766952116163957,-1.392168438407587,-0.4588006179098875,-0.03246151018450481,-0.6157625559054591,-1.0195836295569607,-0.8292524633091127,-0.03344372510455659
0,1.4956814928992945,-0.6772466417835821,-2.651806542251464,-0.9506859347847875,2.333093770440828,-0.08404326278154088,0.7252232968248691,-0.41805045780330796,-1.6442573981387136,1.3812639663989723,-0.45374023678829545,0.12379947059595625,0.1063625253956656,0.6117446956742627,-0.5226277900991667,-0.5034808379745954,-0.3632636580964006,0.7054468016811594,1,-1.0075856228720972,-2.5874090925781257,-0.8127602712506493,0.01895129401264417,1.3652184776844352,-1.849235427035556,1.1298699075943153,0.39909210162151376
0,1.7604903169266053,-0.4901508693228787,0.18696890066044047,0.9447257436806313,-0.14933582916836585,-0.7945487903291888,0.8649267769286931,0.24725295165605082,-2.7222046068440946,0.1527368566187538,-0.35813949563201497,-0.7452959264025134,-0.7692136235479261,-0.8470637449939359,1.2424921779131477,0.8407757746308222,-0.3359688102538084,-0.12304169827860448,1,-0.2239327016561269,1.367234199539398,0.656505007212308,-0.037498192558256954,0.08994090279114586,0.3699543711174094,-0.006419322476199002,1.0560168803667325
0,1.6048508189746653,0.05070055050353306,1.477317979908069,0.664910398858861,1.1174858285608122,-0.8797293741818716,1.123176821080667,2.2169911109354645,-1.5364228474503474,-0.6270680415136838,-0.4347822405702204,0.6512776719877814,-1.5426941553087998,-0.17556471847425378,0.28366117469967034,-1.2185244205057304,0.3046570872894871,0.4277274063034662,1,-0.6430598199953504,-0.026034430586403923,4.425513463634057,-0.006558754664494647,0.17112369060611785,0.07390042313169676,0.5741501581120811,-0.49155652125440735
0,-0.13616226005791082,-1.4374249847978517,0.07964476757079969,1.267105684925558,-0.6663564857944102,-0.5246362396395919,-0.44149479628140653,0.12701872732331532,-0.3223257405905683,-0.1570333308851406,-0.3668744352452366,0.3734154954995177,-1.4012768356195513,-1.2070002901103651,1.56526980631063,-1.56437906098361,-0.65175997996054,0.11891334902863512,1,-0.5448712273736316,-0.8176176520162699,-0.837083612328585,0.05296335478379198,1.5472162810559564,0.512369441422624,1.396972127951252,0.7140182329570122
0,0.818374188446122,-0.24230262019795545,-0.382303089285829,0.12644677685353506,-0.16937135813615048,-0.7138499679223087,0.3190400338774484,0.4176974485470287,-0.45692996342139336,-0.2001035121854095,-0.1288050451166814,0.6955090244290011,-1.78526162662461,-0.24925066827463285,-0.699630626555256,-0.5652371605453943,-0.6181570605875412,0.48686522544911864,1,-0.02074531843635735,1.2334068855215043,0.6892691164970193,-0.07069052543814736,0.7293512652284412,-0.11577774369475986,0.13285409756208372,0.0047216038927786474
0,-2.6472269965285546,-0.9519635310065686,-1.5330399154770744,-0.5953138372538593,1.6263634633420567,-0.2323636552538909,0.6384643559716339,-1.577002455119523,-0.6283984596964773,2.179390230444375,0.16109237093091838,-0.1043469517283917,0.1794091534873964,0.11958042983772488,-1.4767330188267818,-5.554181586495636,-0.19731323429604303,0.039989025894294816,2,0.05057109790995863,-0.2966068354305075,-0.5662583291125699,-0.018248348869497347,-0.4802252383190896,-0.39986446133107084,-0.7581488274117552,-1.5572968081941805
0,1.2415045204656074,-0.018184516867529033,-1.8095606294131452,0.262377933163461,-0.5585622909376997,1.5047811770805648,0.7977183426762992,-0.5165695742644658,-0.06977487258595516,1.628895685587141,-0.27325458763281624,0.7585080509238343,-0.05017654304721264,-0.2739061890129375,-0.17099555575552305,-1.4307855442258273,-0.6344861116022502,0.28325892999013014,1,-0.6074235865770755,-1.7352162789044807,-0.3008360073033235,-0.018157028908509752,1.1264218160036887,2.083887189250497,0.7727356412761908,-1.378851802119151
0,1.1031997999868544,-0.3666567183458407,-0.44553226602589074,0.1569417410160442,0.5196537820692708,-0.42964298388627553,0.8722163842772865,1.1058918700984792,1.1696702021523326,-0.5071330384221745,-0.497964287659137,-0.42091599637842037,2.965594021705673,-0.2512300369812287,2.613932564116914,-0.6013245948604087,1.1837583072226807,1.151387798287368,2,-1.5755845207597265,0.06468135856441203,0.2672511536644944,-0.02952496857335483,-0.7085975219205376,-0.7886188774050764,-0.2702183282328844,-0.20515754812376505
0,1.8539520924330621,-1.0213584693211373,-0.4578986232793417,-0.7881489412432224,0.7849388751922473,-0.11910714544343395,0.7208172254709557,-0.002123811286425914,-0.9693819928588456,0.12641558668695368,0.5704871006491015,-0.675814225361203,-0.1461726011056524,0.2671146649372831,-1.780787619868884,-2.3303853138947126,-0.5310168775207315,0.0037011543715715356,1,-0.7337935255161812,0.2751324471785038,-0.6321877418885189,-0.10136401558177269,0.2574392994220021,0.8095945587718067,-0.34225358872767375,-1.1730061150511484
0,-1.0339870609439177,0.5666905044957111,1.2293799865929458,1.3965039105401735,0.6170365584674802,-0.02727122881380717,-0.9833034495131275,0.7154035704489304,0.6674822398139656,-0.6256952200062292,0.3831528881711973,0.16197309181937442,0.7385754307783732,0.29015703453598674,1.733519735132441,1.7979744894367027,0.40345158630952516,-0.10580083739770069,2,0.12463482451561358,0.038952140203422206,-0.17492713817689487,0.1648931226681333,-0.5957208264847063,-0.4171204371702759,-0.44840528298886057,-0.591879676623814
0,-0.48955496982735686,-0.22846426963983574,-0.24648441666973214,0.937149310424681,-0.1362564316459633,-0.6425576100275262,0.552433601242703,0.38160812603074484,-1.6172933109816123,1.2839671357510851,0.32959376385754136,0.044129747932900976,-1.78526162662461,-0.32621809407491686,-0.23241083297374449,0.7425476483967424,-0.20696488665328516,-0.0015065727049455788,1,0.6757738797005829,-0.6348727405507395,-0.5445320467825427,0.0278876447131592,0.1626118159711869,0.8868573019012489,3.960621413993215,0.23288775554145286
0,1.99716260149689,0.41000832646093394,0.26021953220389415,-1.6353022744262207,-0.07806475736017884,0.5617880755423926,0.8659582169276586,3.3948240400876104,0.1578928212640096,0.4306594978543086,-0.5913254949916673,-0.0075349315483470266,-1.1925053415767168,-0.5519041686205333,0.43477705633121777,-0.32659610319746557,-0.65175997996054,-0.32895842844676226,1,-0.579721113221136,-1.0844025837257778,-0.7502108609990862,-0.07827550747726235,1.0865304429395235,0.7358897049479904,2.2552583113523545,-0.15708588728546363
0,-0.047031285712704374,-0.5103746823877082,-0.32866304851384914,1.5348005417717507,-0.9049269543158354,-0.8280986650358921,-1.6189687972238447,1.9534414714264106,-1.0077589530555673,-0.47921453071265496,-0.0032188751659179005,-0.39936721693777005,1.5128863074321024,-0.6209501820178038,-0.5358689722875185,0.26755469252424646,1.0636446454777972,-0.6220059188716701,2,-1.086279871293212,-0.5921388131765393,-0.5693676669359662,-0.05487580538081278,-0.7556394000657928,0.6533302146154764,-0.5071815728238286,-0.48258983736435146
0,1.504812251173262,-1.7031999512412974,0.08885287560933397,1.9465829073551264,0.24164141540893114,0.051921156218446285,0.9868041055604287,3.2040366943758816,-0.2267409249364113,0.2386512257052475,-0.8761810976011939,0.35983711366114407,-1.0931418830075152,0.38468200287696697,-0.1148963426003109,0.5974356490228363,-0.5911192096764606,0.18130766977015206,1,-0.9593763335629935,-1.0849009720146123,-0.837083612328585,-0.09737179636208335,0.25167455387097565,-0.17677134308858727,0.13213100118764723,0.645133577909855
0,1.350962123202557,0.36588486461728165,-0.046071865997166006,1.026354076618996,0.11419833706511584,-0.03017167042324498,0.6915387150647471,1.7435914639819985,-0.8320138180871436,-0.3829715592072241,-0.44746769290560795,0.4850191391107994,-0.028534147108054242,-0.5749997991402169,-0.5987712568221809,1.527234166208374,0.28437599087559734,-0.25865855139491006,1,-0.564850437604127,-0.562624507789121,-0.7528655244444321,-0.022283970306342736,0.5076687785314169,-0.46693800533179625,-0.0314410023162873,0.4734235332570691
0,1.430851551894239,-0.5391870779622632,1.1302887221637816,0.3789331113791089,-0.6641466358098856,-0.6121850985233497,0.6706320116108149,1.5707204437550457,-2.4092507691397946,0.2708857917366053,-0.3750302424881048,0.27382469093647427,0.14109041422537427,-0.5416835086012145,1.3686985824701758,-0.7442548467169605,-0.5067901562301808,0.02269718022569378,1,-0.6237759633391261,-0.33862628404038153,0.9452136937517703,-0.0010913790148112598,0.6252450452218781,-2.115055647408519,3.7509832813637702,0.2518442381222737
0,1.0456976301556171,-2.079674332897744,-1.7500544320125755,-1.060329011117433,2.5700934989633764,-0.14353104317744858,0.6096502555294097,2.6240274147336935,-1.1679421238116663,1.0269072201206948,1.071513649281656,0.08239240702118245,-0.7878978369987258,0.3983458366774486,-1.2949397731661152,-0.16884328257219083,3.332188540296487,1.3510807271008396,2,0.12346254466384118,-0.2693079441206859,0.1875560763890802,-0.13423430628869698,-0.13790522371833194,-3.6889568394626475,0.2788394035004787,-1.000473541351105
0,0.0006490804722324439,0.8905190715261546,0.9896532991332327,0.98241104321651,-0.9000838877697764,-0.3987467651024135,0.6871225548946961,3.2805154097210707,-0.4166905540518057,-0.3805532375101966,0.27724870147978553,-0.4135598709577423,-1.6954005115755924,-0.35347215008143595,1.2919513634576187,-1.2164726542291913,0.37694577287199876,0.12724279284623896,1,-0.6512859449095012,-0.8056955315770292,-0.6246324483722514,-0.028328282806474942,0.14506400182077833,0.44080801986733525,0.05825561831415382,0.1964756426149693
0,0.44452858199317413,-0.33578539976658517,-0.21136041773712244,-0.35175006431731237,-0.3072543143142089,-0.6506602082126327,0.6812854221478991,3.309720954034299,-0.355915772791136,0.27559412266133665,-0.10799734560991808,0.3941576849296249,-1.7072327610873894,-1.169681650615071,-0.1350054317265521,0.06976289413551956,-0.04415695076448524,-0.30376466576934713,2,0.5689748197994388,-1.0304803298245027,-0.6945706382636908,-0.0019101544368820347,-0.7241865308517232,1.224344668529512,-0.12010372283280989,0.468680310828408
0,-0.5482465239392899,-1.1836357404928182,1.3711766760163457,1.7096824594804156,-0.2861087312288483,-0.9605337887630679,-2.4187993047618894,0.32811070922200625,0.7538219459344723,-0.3204026830406864,-0.7437422184734074,-0.01895453666434535,0.04069412378898296,-0.7591024324176835,0.17415791278403447,-0.6950865705984964,-0.65175997996054,-0.1551909041348767,2,0.2139693807527342,0.7286153715972931,-0.7349250708403278,-0.10810977259044927,0.327646386514164,-0.29467981539469673,-1.078466179550772,0.8944653641321842
0,2.24867707487614,-0.7614913353435061,-0.9222089563179501,0.012423493280225628,-0.4068303915350445,0.9486072449118991,0.7041603057379435,-0.49935048081122646,-1.5255432730047458,0.10902820186567477,0.061967060477103715,0.6194712932323971,-1.7192042024944099,-0.2524996542248006,0.06349197261086625,-0.6092626156121977,-0.65175997996054,-0.07676322902003133,1,-0.17323327834436056,0.9801699187245327,-0.837083612328585,-0.09856058865924205,1.9060096986951538,0.5239331294655638,1.3856614374306035,0.7589462813766448
0,-0.19477299955727662,0.9417779140202133,0.0034928547606628297,1.8373544786808333,-0.5022751461109841,-0.73361403781644,-1.5946932136387137,0.16999847509069843,0.03505728204722158,-0.5388887691055566,-0.5830892296904395,0.4861447506626863,1.9734807307297595,-1.0097709896309015,-0.1411495518685133,1.625095134790112,-0.48760391190881014,-0.38862276097792087,2,-0.2112275703691528,-0.7628951264849191,-0.31154078359177495,-0.13858845242106,-0.9168231963583615,-0.23494653691408168,-1.21975314077183,-0.5269527160901434
0,-0.342094627917017,1.077814354692555,1.0067600738751377,1.7444903701735066,-0.06609892337686152,-0.15355954241627845,-1.1225790268667162,0.5440452613172013,-1.9256191315883062,-0.4923817528206238,0.2189002108416317,0.23679373876545864,0.9487812729935707,0.08646530822210186,0.49571475321486513,-0.5485910507989475,0.9470689605623337,-0.38759860497731347,2,-0.276242126794238,0.05266272112392621,0.10995630192477066,-0.056834246376946174,-0.8650292543654831,-0.1277525587662735,-0.5001701290961351,0.2156969467209896
0,1.8959213533622208,0.5368126810162732,-2.456480697025627,1.517337750049116,-1.116965645565874,-0.1810401371575664,0.400156857576781,-1.2287017942194762,-1.9682893941151292,1.7790913729320543,-0.018368302654377902,0.6518379353690622,-1.2022158969253764,0.20972451074248838,-0.42319336072040875,0.10711614005730308,-0.4899632826000354,-0.2559126220566298,1,-1.152125113937156,-1.8827260853064622,-0.837083612328585,-0.05129632376745026,0.9338775966564145,0.07673069441896269,1.9738407108441303,-0.9396407251084734
0,1.1847679970663405,-0.39000304853077494,1.2906140009656293,0.2188898092416227,-0.825243997880417,0.14007016341277875,0.9627271683997157,1.4298620857463273,-1.1876321334618778,1.1518549909038247,-0.8654476550343728,-0.3357051430870307,-1.3446326235033812,-0.8896021878330614,-0.8652469258835709,-1.5031942703460162,0.2241004625396935,0.5539790539674322,1,-0.013097376159874607,0.3290476287284302,-0.09934048623124775,0.007414923937061807,0.362813787702655,-0.04104518630729374,-0.18050727129404193,-2.31159320995854
0,0.8148152591692882,-0.2591288174599271,-1.2728919036651458,0.28774334766850473,-0.21542882960467552,-0.8903984384222803,0.226102249056627,0.9030718208826243,0.24124225852028525,-0.3133550060620565,-0.06930791798167063,0.7682330904487545,0.3054897131563411,0.15215125505966642,0.09561230424649891,-1.3737354893409417,-0.22161962721157724,-0.15056221174343426,2,-0.9615736671929784,-0.8659300222344914,-0.837083612328585,-0.015265398909206918,-0.6487534344330439,0.7981358733092784,-0.14200205504146168,0.8084180849077466
0,0.5326598029056002,-0.47911180275391846,-0.47290686210496136,1.6507361568897285,-1.0647451166645285,-0.6278674984551025,0.6659541552756211,-1.1337255538020325,-0.6287087523456801,-0.6039829592478528,-1.0185494141916032,0.3414197165722839,1.283885860354149,0.3256893810902737,-0.3778442587479129,-1.193398898298387,-0.3037130443109531,-0.32435417898333513,1,-0.71629163801656,-0.27696016494799097,-0.837083612328585,0.05927210172788041,0.047081578130643065,-2.128807643850224,1.7826137646054454,0.4525428168885239
0,0.8563715154840288,0.108798333675383,-0.2535239356762283,1.6901568101731996,1.819757408307958,-1.0267469348339888,0.6081632569154467,1.0769327909185338,-0.9719439100660803,-0.12219146889199786,0.3179087250376525,-1.105639651362737,-1.394319271407805,-0.16507635313535443,-0.8828691579442733,-0.14200966726072628,-0.3216334852344133,-0.5565212265242844,1,0.7222893110511408,0.1956851565842065,-0.837083612328585,-0.05674631662085837,0.4765007209794569,-0.41907411274856055,0.7310812925194375,0.08837397886265252
0,-0.06916120714708046,0.8597932105105422,0.8375245922927993,-0.29298537209527076,-0.6560170604756612,-0.006842049136993378,-1.0196314323475697,2.448078417461602,1.1054116688920446,-0.28826033546309515,-0.40239787723646026,-0.5722903367347044,0.3785995947276573,-0.07123335339226394,0.8096839349318072,-1.1952986246982338,1.1589847139874845,-0.30571178369542584,1,-0.7651976437399106,-1.0011973042283322,6.008921007641057,0.028624969780199627,-0.14248366733673318,-2.432523585907437,-0.4872223488522737,0.03742464130103473
0,0.3114967524163135,-0.20287224947014948,-1.767169005916673,0.6382343276890011,-0.2333276557553452,0.9649137904556448,0.4962999658642092,1.0325594521579342,-1.3556604660139502,1.8792515085742072,1.09166661093765,0.3285011031971655,0.2795071348676217,0.058114933803359636,0.32556857582736376,-1.2318383507309147,1.3647437554250441,-0.22187914426913566,2,0.952647039812529,0.08942287470023169,0.3045565335347817,-0.0707030024680574,-0.961744137423456,-1.98606277701682,-0.26109259963621195,-0.47256020786253167
0,-0.5828123866795175,0.8451865209974752,-1.6155428449364369,-0.2811527496589026,-0.5148789513483263,-0.6220632124678066,-1.4645473445390644,-0.11545537411568929,0.5868781121094384,0.43152110948575007,-0.877298898683244,0.12542471063996805,-1.237537367015462,-1.0446187797214153,-0.9912146304354146,1.1528749753639167,0.07357743652783125,-0.6904809721616241,1,-0.2844172337681459,-2.7420260420673555,-0.6607466741675463,0.06499132553365929,0.005929445677809397,0.17061154529062275,-0.3981546706807831,-0.37812532938424187
0,0.9681799401653672,0.13688085037246278,-1.6076845973823883,1.1851115861921502,0.010114550432257619,0.19696788177768848,0.7912601629510074,1.197744870720017,-0.555296984319219,0.2006586368786124,-0.3321475874797642,-0.12962519781951598,0.3084607260117386,-0.927668956155205,0.1153439601567986,1.1110245445729245,0.6240222770351631,-0.4551115409809901,2,0.056906398148459325,0.3955444890805823,0.8728539714772052,0.06614995752648187,-0.5681575454565766,-1.9616065562417915,-0.6521403255912854,0.30334559675272005
0,0.6312620452434188,0.46170608866812435,0.7160357111589669,1.8823214361834786,-0.8252136030346278,-0.5576623212816131,-0.7273852479550402,1.624181156673793,-0.21994264168840783,-0.3826045620240292,-0.3168592986869398,0.7105411855847268,0.7031015329774858,-0.2019783287259006,-0.5681518670103116,-0.138737758635021,0.15952166579121227,-0.12545925718009082,2,1.1067315758968777,-2.111483408348028,-0.837083612328585,-0.09593880172425809,-0.7336120357794429,-0.5560893794546351,-0.7800826875395029,-0.9234668631080081
0,0.7813910061944,0.3052011897993817,1.4085242178714998,1.2731774210454736,-0.5553514925793214,-0.27367438158496643,1.2355112753417716,0.9074563448720576,-1.6178437001353674,0.20121570796818045,-0.13629033750171554,0.7085822417830225,-0.2931264915395262,-0.20318923144453188,0.878327639454493,-1.0452036147362538,0.22501575672083252,-0.26451671350902634,2,-1.3575450741111987,-1.371117076224999,-0.7018528839210301,0.06877746284498414,-0.13480998687893564,-0.7600985078901674,-0.33572800067255265,-0.07845162090818503
0,-0.4624564521134015,-0.12883810144813035,0.7832221088411336,0.014207945623072593,-0.6689918709568771,-0.5805607406143706,-0.4355016625079244,2.0074180415312544,-1.8922232036342326,-0.08251386468055966,-0.3241426981886904,-0.15936786022659077,1.2380422391622004,0.42901931393816617,2.6246248210489878,0.14327644173203813,-0.4137691208995505,-0.3836247811094402,2,-0.40756255179207745,-0.3451174882322551,-0.2867346766744198,-0.09637172270220726,-1.09095311408826,-0.5469817794926624,-0.9090012305340579,-0.6297232405918072
0,1.475422561858736,-1.2939800501448941,-0.024897918369323313,-0.5054717806635753,0.5851060290315501,-0.8061893678766119,0.9398154977322907,0.2886755245960716,-1.5341583520373798,1.9769161945264235,-0.2188695515121248,0.5457128968782804,1.5026221055611781,0.09287043306935062,0.5511680577234078,-1.2889702902827604,0.17023603583132663,-0.5090810487547094,2,-0.9700722824220926,-2.601662281476748,0.10841024977733651,0.05459027341375708,-1.09095311408826,0.5094977238658231,-0.5017800216342414,-0.8050489970867832
0,0.49675042273820785,-1.6367380406575414,-1.8502884511272522,-1.3419126210839982,-0.14329761739156496,-0.3694222147367665,0.5172858892362986,-0.11873444351417042,-0.4932775160308317,1.3469724938553662,0.2666777389092556,0.07514578353288265,-1.0679916079886635,-0.24602905549978057,-0.06108864475522913,-1.6825466217047653,0.3821261450830905,-0.03143967488746182,1,0.5045685909076728,-0.344950405108006,-0.7851732359161712,-0.13746312620181791,0.036989175217488304,-0.2986200504945114,0.3676005876334399,-1.0981146592837123
0,0.295774018224613,1.5246480115661316,1.5630706169795636,2.8165006641903063,-0.871730994992596,-0.3083447415883883,-0.7635056662552557,1.9710793568327172,0.7848257638992904,-0.5310059334458926,-0.6013053402203287,0.6555056690407313,0.585073990985121,0.10298904328632097,-0.03917882260695604,-0.27298501925196256,0.3258817886836737,-0.33948357472899693,2,-1.1440219384366879,-0.17853662576828744,0.4437852728796068,-0.09341079344979003,-0.5295583300153008,-0.6094402076188081,-0.40964098747990524,-0.11353143020949528
0,-0.0675205050920274,-0.11607859659268815,1.699530457331209,1.393180835245992,0.17117233906857676,-0.07701825105451587,0.6913646140727573,-0.17181344461475068,0.22029716519828677,1.5364091394955346,-0.17951642946124718,0.23440826107990476,-1.177577575473604,0.5364201595138706,2.839087904417126,1.3918250156062963,0.14914293586704647,-0.38553074677829696,2,-0.06583054573834866,-0.07148076197901154,-0.7326787873815914,0.25367269373681867,-0.006930338699829036,-1.3195423694791932,-0.14014435172643586,-0.14001391925172263
0,1.4436458380889952,0.7437399855640836,1.6014426218993703,1.473892680714488,-0.2718749158704732,-0.11846602167119158,0.8419757932407671,-0.8761865087155675,-1.1092704806887026,0.060355232982883644,-0.6503385830078563,0.5896759443162225,-0.41419978592600126,-0.6247118968835383,-0.9362889232877636,-0.5309760102652703,-0.4063175439511948,0.772784652404398,1,-1.1175996051498975,-0.8339410129595536,-0.057434423249162724,0.041718876959546805,0.6238538523293622,-0.6099036070170681,1.5565090496442207,-0.04209794175233039
0,1.4422260888112488,0.5953164371732496,1.404373079590728,-0.13064229136368966,-0.2626991362421956,0.7281026372238831,0.407925970923577,0.3614838412814201,-0.9371258071863175,-0.5568719556197144,-0.5966545788145021,-0.09962735611441498,-1.00537243829355,0.03746387274542129,2.0011709448027153,-0.2545091242907992,0.21591609701867046,-0.2825248333290122,1,-0.5387753887354234,0.021880195798715918,2.8030294268721843,0.0029832349637012173,-0.3925139206392083,-0.3175481983239887,3.058289036275509,-1.4536343644468923
0,-1.4317932669207178,0.7352653900743473,0.49684761801200267,2.194722449735115,0.2608511299334103,-0.339542699881513,-1.8297344790413241,-2.0876873649158183,1.254860540105656,-0.4468217567023139,-0.5092289931554496,0.0776020932877855,0.3491208803245427,-1.0113189549590555,1.7208337774667535,-0.42166192140453307,0.29782862475430183,-0.11558183393398652,2,0.18191868871500472,-0.907683858968079,-0.7355503162567093,-0.13858845242106,-0.31979431904085154,-1.0501830216204384,-1.21975314077183,-0.9866608239720314
0,2.21641578862951,-0.5016468836865704,-1.9300364003654122,-1.8159035314283742,-0.16000322214287777,-0.6742690982270605,0.3590236415816604,2.185472707490417,-1.2095950594316798,2.219985085533812,-0.663471121212023,0.8813417042129497,-0.9994616789175517,-0.08764071926089217,-0.15052192474256942,1.6561309911911386,-0.65175997996054,0.07517502394767145,1,0.24894196660895113,-0.17340504428417014,-0.8193016471605257,0.00602350885110519,-0.07806080847647828,-0.23864078107232367,0.057927261752963755,0.3537941410367267
0,1.3260542829676558,-0.19621658200820422,0.32196022174756556,2.4670754066754395,-0.7324908497767939,-0.3466255206289379,0.8923429315454761,1.4086174840180867,-0.43712249807568454,-0.46387881458699337,-0.03807596726623347,-0.09954001549659375,-0.3393185070220903,-0.2734753699032083,1.698320979512379,-0.2660969319058012,-0.22606263171412663,-0.34605584656566873,2,-0.08682671706777984,-1.413544089286054,-0.4410517549046753,0.017579282717559583,-0.03805562583164568,-0.8097208500884061,0.008298189393204064,1.156891696783394
0,2.111658341448556,0.5694347474843593,0.49172084857071674,-1.3884751682355643,0.009538578207300696,-0.6325594481844261,-0.7297527538848142,-0.29803831185961455,-0.6582026508199226,-0.8523898037929873,0.11370752493172898,0.06772308653700411,1.2705037378059896,-0.7370428591539944,-0.24064664932674318,0.2633774669249827,-0.6290217089065369,0.3684848271768079,1,0.17238873280696654,-4.924028185831679,0.4084564681938949,-0.1261319388737444,0.49862522494320227,-2.1632708180222147,0.06136346056450545,-0.22966458137237267
0,1.8264104761747264,-0.4552958356752776,0.48573034835916734,-1.4931005701889557,-0.8156791180420353,2.230728953107642,1.012759427480902,3.2414529415617914,-0.23451796166157818,0.6755595593547764,-0.9861280673341016,0.44139089868336656,-1.5308019506304238,-1.1168827868009312,3.941000103378387,-0.4750779659233368,0.6779377796158526,-0.2255898959556812,1,-0.36696728955383284,-0.3512883039694549,3.42723677378222,0.37615864382115605,0.8974593746027469,0.7562298946194002,3.539148143654989,1.7717405987412107
0,-0.224589431120392,0.09427732780885859,0.8077324623458089,2.4242617426088677,-0.5613940575246854,-0.9170200047886047,-0.8178727904544394,0.7140274100863375,0.3743423790743249,-0.7488106002368652,-0.6687797776866979,0.9194607178449968,0.21856696864800218,-0.5596159756293707,-0.02037596224765914,-0.8259524206282393,0.8394780359822002,-0.610678083195399,2,0.3867686825349007,-0.26426789307242715,0.6866018141212707,-0.04195368598697706,-0.28134099186561856,-0.17041119782369785,-0.7586795704044934,0.032611969455569045
0,1.613022684836823,-1.4828013579186492,-2.2107709852943778,-0.7308643224687371,0.3722314937013247,-0.9270802582913881,0.7355223031088055,1.6043951080173682,-1.3314614453518105,0.22710087346706695,-0.383293167545645,1.3267608147076875,-1.3697001813056968,0.7055904079789374,3.0015560763237814,-0.8884799396978608,-0.65175997996054,-0.14331289637373126,1,-0.1555425159127648,-0.5200304221722553,0.36603282454125474,0.027455204716327536,0.12777079772611094,-0.22036504528146847,0.6479276443360286,0.37246501946213373
0,0.1304997052788396,0.24205420410305584,1.918639332739234,0.6380505951023164,-0.3305854325800737,-0.4069414179151535,0.5118445404776848,0.37982310255917895,0.5614587200535763,0.01692383675398451,0.14248820452190197,-0.343600124352304,-0.6601751438015994,-0.3354904053042793,-0.6416430632504341,-0.11814420804483411,-0.3580365156696069,0.10724388552377351,1,-0.6847306256132574,-0.7454469920534152,3.3309972703773916,-0.024214501938034778,-0.02782162576224606,-0.6979970288196242,0.024308868475240608,1.3204357408079006
0,1.4677227408081317,-0.45818713314408616,0.056386531412693675,-0.47478999496609664,0.024999654018795503,-0.7649784881463729,0.7067834205235404,-0.0718439802676981,1.919461836476637,-0.05428296786405376,-0.28733515436960244,0.826130479378169,-1.082938678205105,-0.2253880180723601,0.4971870783625567,0.5978298666803106,-0.65175997996054,-0.21269260220782865,1,0.1370161110299951,0.6352165321596694,-0.7750222459340127,-0.04833266799658467,1.6262270735248743,0.3298703018623672,-0.1521817032462399,-0.16407603197172804
0,-1.0612781118660197,0.9520110610152589,0.8070117332094044,0.8619076614549722,-0.6002198413264578,-0.7165865482523042,-1.7278757452448017,0.5882006615618149,0.4497537795298002,-0.34657952949484205,0.21511534467318005,-0.17932068368777027,-0.04747748320705425,-0.15752472568235573,0.4810139310296049,-0.8357536262895374,-0.40948549207456786,-0.1556790102459843,2,0.6547854733821457,-1.4963154846279143,1.614543037580193,-0.06224813838987449,-0.5970736481401611,-0.7121177595666288,-0.22698992267211382,0.46346403128599534
0,0.5405416125110492,1.523047993505533,1.8545149524360038,1.2972608667762522,-0.034187770233189474,-0.26743005827116195,1.008191534865152,1.0586193301522913,-0.6689359227243146,0.4721490059154782,-0.7878011561481257,0.32676954969368754,-1.426910048851482,-0.1050617454793796,-0.009640156265001365,-0.3212304834420105,0.5316324861977985,-0.21785310286318754,1,-0.4734179915198041,0.06944082048376421,6.496639227169118,0.13684827019400964,0.603344990534771,0.31355749626013774,0.07838060145643821,0.05109814336848703
0,0.4706265178053922,0.7778421088399132,-0.9872334871366991,-0.09232503789870783,-0.6722281753818868,-1.3139438863681656,0.3757554888106869,-1.2536515208032537,-1.2125809791173525,2.040117356176858,0.47967089952427155,0.7497611994091231,-1.78526162662461,2.1538510888831564,-1.88207515814684,-0.9889389953189425,-0.18013495930465584,-0.2524472330864868,1,-0.263201530016814,-0.4733270389721371,-0.6710015744575435,0.008268127481227766,0.8512945136012627,0.27039292866498865,1.1651046583197289,0.678945682123582
0,0.3527931461010331,0.08716546152313945,-2.254951736335327,-2.252952083068447,1.875252582178836,1.0015081537137198,0.5603546036370204,0.6041757364883564,-4.810234569432593,2.843840284351506,0.6103512683358887,0.09324106308148175,5.98529300691807,1.4880906589186904,2.0507389980024424,0.12060786002804919,-0.5233503385068887,-0.48593928604035835,1,1.7793211090894065,-0.0070809209333726475,-0.5420072126469179,-0.12031151675511245,-0.35158081906130867,-0.3781103930509926,-0.4534565213029099,-0.8049829931298857
0,-0.09452420388534438,0.40051553946110446,0.46826956829104394,0.7452468215087974,-0.3863964401196921,-0.36772225726432267,-0.620902766977578,2.0287143874620432,-1.274338892444533,-0.5208175350426261,0.08258319370823886,0.700698250699399,0.2315356491325261,-0.010671658784965288,-1.6246370312662022,-1.1342473263897808,0.7985918252148673,-0.44737225409470566,2,-0.09623862292640473,-0.39690591515574924,-0.5200419089976468,-0.101342254350555,0.18530609935433484,0.014937202735131216,0.6879303745424801,-0.8768545862555481
0,-0.2881425640385776,-0.3777182867347456,0.1963996545096292,0.38265123291326975,-0.44255585543460796,-1.0378575196111435,0.7614500655791872,1.6788027026672425,-1.2050935296018928,-0.2541139568115204,-0.04118058718637281,0.15634556708933484,-0.6290084223162201,-0.6624591491774452,0.31032772061505187,0.018603359934884545,-0.20440526939266335,-0.3960622525459646,1,-0.36821379478953,-0.08917202306279104,-0.7302034075069832,0.034566770015313844,0.25505891559697474,-0.29566004199249485,1.2686558293096941,-0.654830119952884
0,-0.4628125195800964,0.1811861104489546,1.5828996967953912,1.1169392155446525,-0.8557645796129786,-0.371722431424901,-0.5948293464400449,1.9921938807224888,-0.012031828305887157,-0.5032424678648937,-0.38215002328140546,-0.23704758851018354,0.0991599684528025,-0.22511780554756577,1.7418567292538454,1.6746941398182398,0.5065596664425736,-0.3035548814565613,2,-0.16701414460891065,-0.8212235775162843,2.4681393761870307,-0.12284763525723952,-0.05965914136268899,-0.6021107492744622,-0.027948139942818084,0.34618282698203307
0,1.8299143223356023,0.3418962540308089,1.6349897837723253,-0.5746892245745677,3.444234959673863,-0.8575747165119506,0.48791653257068385,0.5616457343003449,-2.6909884022360884,0.28372309909226734,-0.6254767375311578,0.8499971923300753,-1.3543341320742335,-0.5868951411569503,1.4965410116886222,1.2696595057122044,-0.36326983927347134,-0.3656414525537233,1,-0.522545288259316,-0.5878887269164058,-0.6728027013281167,0.27750908825480425,0.7985734361524108,1.3570813328535272,2.0106118512361166,1.115880697819139
0,0.2899528162185874,0.1103649639576012,0.720855425530508,1.2258564885268557,-0.12224553928433458,0.25036746715851044,0.2917642553097075,1.022819804502381,0.7253239195073142,-0.2719743126974874,-0.07023590628256166,0.22074128091210243,1.3742603025619493,-0.7244134043204471,0.605737895353979,-0.7340248789507156,-0.39600211496760623,0.21144613993447747,2,-0.3630596603761467,-0.6182022132528678,-0.49432202905312217,0.05721140532840338,0.461135797449719,-0.9634743956115411,0.1346103987330917,1.3324202591995786
0,1.54782141138325,-0.15886588500056587,-0.03969543263477515,0.4950819675661817,0.4963254811251457,-0.1561774238711606,0.5437301067864688,-1.9244369215217996,-2.0054098375159883,2.2961424128221815,0.48210953397752787,0.5572774475047226,-1.4039367371489833,1.9695598869102877,0.29673873288996555,-0.006391252095019562,-0.5581227110957203,-0.14139447258984664,1,0.5768348237279768,1.2129096931643528,0.6385490502947566,-0.04055752200357243,0.41126645094222963,0.6637699974284237,-0.7745276602527803,-0.6285368147464113
0,1.599316897119848,-1.423498643316472,-1.8501779812006878,-1.9419146714040683,-0.4956220196945104,-0.5871644871632687,0.9433860439687831,1.7002004239270798,-0.4042298221635182,0.3772910081016747,-0.1921318017003164,0.027074006250697003,-1.449919312633249,0.3947807251920429,-0.43992777856156545,0.21985036766141355,-0.27086290663395474,-0.21648184358513947,1,-0.29935736762369136,0.15831533068020592,-0.6749655311824267,0.03923392598814393,0.05663164503541451,-0.1765024359799928,0.4727392357417457,-0.7699096328471339
0,0.20092936167583209,-1.8881488798917687,-0.04158613432562419,-0.15564372162100665,1.5866445975929961,-0.533077423303473,0.47433533431096464,-1.9026940053343884,-2.174384571727005,0.38862727294990373,-0.6125106597478678,0.03771626376563098,-0.0882957054460482,-0.47118148592058995,-0.693861681067948,-1.8127280748203463,-0.65175997996054,-0.3697901478138427,1,-0.5126831882834456,-0.35504276185270295,-0.837083612328585,-0.13858845242106,0.5312795773163606,-0.4345795790118848,-0.7294774749801758,-0.28130082278977164
0,-0.03634052037870433,-3.268064434340814,-0.13413995507625706,0.7178407695228094,-0.07169994585230943,-0.6439471771334533,0.4626995795313308,0.8618033189294987,-0.925639564866573,6.980596566973459,1.18269895638723,0.6120158546241932,1.0742235426984967,0.6690067046611863,1.7463558546391305,-0.6968709701989598,-0.06556726031863391,-0.36300434298609063,2,-0.4107671515180465,-0.04849235543189187,-0.718212235077766,-0.009831033753061859,0.4987504642950032,-4.46430769387018,1.7090496210227895,-0.3353632839364019
0,-0.21261469097841712,0.2957144100381368,1.4339520446284786,0.9562617155143128,-0.19849979531506065,-0.35267409943850725,0.7596715150844287,-0.19787913225014392,-0.24039754724421053,-0.23587779551742083,0.12692184165661702,0.9298572790442869,-1.327974027384883,-0.8680217852865053,1.730369394548061,-0.39279174181382426,-0.07561887817896056,-0.41381782793452665,1,-0.3480049605287907,-0.38635130183102584,-0.32301021514021877,0.30299004917319905,0.769959170758741,0.7711232254113639,0.8906703772914799,-0.49043587731071797
0,0.22300337933898223,-0.36546370970488984,-0.1191871353463555,-0.17068790227794278,0.26571834775403386,-0.04479859757595335,0.3201019350752994,-0.8849702071816036,-0.2752571062200016,-0.4223785726002054,0.13197565745788575,-0.0984800971946933,-0.05319086164335818,0.5943298084621315,0.4883813660827007,0.9146573848453756,0.14754770056053837,0.23191814445263387,1,-0.030208528650306682,-0.4429433690488065,0.5267127902061164,-0.07592869143489278,-0.6730507167860275,0.24476291956126706,0.5140471026751092,-0.6034774017375747
0,-0.39730471640154386,-0.22500995256761291,-0.21149351536278704,1.9683682924903938,-0.04825740868355127,-0.19502657871107998,-0.9894072003915223,0.04950570062200634,-1.4716555679617176,-0.3415951302202001,-0.3464132040720498,0.3042441309416578,-1.1076725766173952,-0.07320236521040707,1.9172839192718798,-0.006456369456105282,0.7935339221699098,-0.4841388590455967,1,0.043068711608667015,-0.3206028344693186,-0.4999639518012059,-0.10059775886764437,-0.6214917519292262,0.09927907804676228,-1.0278760011669665,0.06687693785759852
0,-1.1008547930695038,-0.6614650756190739,-0.14716084101602145,-0.05642603908447035,-0.24881345444161082,-0.7894785123637144,-1.8729404136337964,1.2725701427924325,-1.3689950074104422,0.07297113675239054,-0.037397931402787646,0.40186490946763026,1.2043669146340579,-0.1685565839626232,0.15312533196180578,-0.02850496631810817,-0.3646029108287602,-0.30253246599404626,2,0.5289217713935023,-0.23533990824971476,-0.026634200339520797,-0.08376728026126135,-0.6064295056159874,1.5551337374850545,-0.2657497460247776,-0.40633547575067597
0,0.7924488327638308,-0.3656223848950609,-1.2856703007665575,-0.4053971315930355,-0.2177708636029937,-0.795981754299987,0.6449945845876037,-0.8158048745123196,-0.8475104508822346,0.7496980688570173,1.7134501207891475,0.40937602605812273,-0.18507670290420025,1.589353878840595,1.580564080803566,0.005331179928213803,0.38088987312737205,-0.26417899121361405,2,1.2300216453548654,1.4956785112916282,0.09108031705026406,-0.1283258646255614,-0.8518372128826494,0.1567230703773489,-0.6092361225476822,-0.0650958888492964
0,0.522346231707817,0.18214522130967448,-1.395070401660829,1.1238800589673585,-0.5063356399677228,-0.9452613234189184,-0.5540126785577788,-0.9362235322532302,0.9389970964718749,0.8933324064988377,-0.442164100062922,0.7249714148069155,0.0587976973993285,0.21105733729088533,2.491057537200474,0.6962304864600847,1.3351992982897891,0.0966738143153556,2,0.48216720984655304,0.48024045777762064,1.2592601091753939,-0.06781369589234358,-0.49705816525541546,-1.1685976221833432,-1.1036823979611674,0.8702715997321355
0,0.602860524350176,-0.9438397436199115,-2.4349346635664846,-1.5056477234868648,0.5539967249776009,1.415977849598264,-1.0697174158596021,2.108319687896509,-1.1593659821335205,1.0293682446577863,0.7702659819064952,0.549986401331929,-0.9141507656123056,0.7172741778235144,2.394049192381626,-0.6917502660545934,-0.2948124831525503,-0.3191290251624458,2,-0.1975115763529993,-0.3189685394856451,-0.13671940149341621,-0.11812600606713825,-0.10548134822472494,0.00798880343915953,-0.11047697002117934,-1.3170431916699146
0,2.084630847523889,-0.6457312788425498,-1.349035687589975,1.526086840170436,-0.17158082307634376,-0.2282932955408144,0.9575077852396963,-0.11919025514045803,-0.7276718677741592,-0.37929316768127663,-0.5136627392840707,0.6776203059516985,-0.13831222384649994,0.5615740652601926,-0.43975386090072305,0.7971527197408763,-0.6434915266714706,-0.07784140916421797,1,0.006060205620135539,0.08906560396064156,0.6189816594121578,-0.13549653364371073,2.148590240421585,-0.32691673678418154,1.3424618091565592,0.27188829675804504
0,2.0471490171332465,-0.8679672844330802,-1.6053214887659655,1.0047588668946623,-0.1350460950872886,-0.050186510957894725,0.8355189359987845,-0.6262448815443798,-1.1091584329321336,0.9587656026454408,-0.22259635441240364,0.5404636062953163,-1.0488304424564967,-0.05885763522880508,-0.8601889953319628,-0.33445507689833087,-0.65175997996054,-0.36397020220439075,1,-0.7273881327583882,0.21234318976745148,-0.49414175853573367,-0.1137256448314638,-0.14256204827777352,0.03807761606387883,0.5529200748082619,-0.5681669272522676
0,1.689621273109521,-0.5752257655270153,-1.6026029095694714,-0.17087443563288485,0.10502571418164856,-0.5585504695264941,0.529158712701349,0.6329800575744933,1.4288169753835263,1.0398674525789904,-0.34779731244806783,0.06080665751912649,-0.5181176964748974,-0.8215024020443746,3.364671955648915,-1.0082160781903144,-0.5818862782181087,3.3368422692392032,1,-0.16210132221194173,-3.9295654554157258,0.7042122019266337,-0.0694270893016409,0.2956996468317316,0.24444651089424116,-0.45866881855106323,-0.5368199913257075
0,-0.8836280719806177,0.6239919629166069,-0.4220760219776073,-0.5460680950298231,-0.34071359847558297,-0.9568981770529466,0.1782595414223319,-1.5406796785278543,-1.8541590542782347,-0.16479149903337556,-0.7355487328690173,0.26478165685852045,0.7435348293432571,0.20458113240420164,-1.2650198131541157,-0.926383564272185,-0.3297223711917867,-0.31733337902554504,2,-0.13102684944655218,-0.0718828532065856,-0.5728348849644344,-0.13249906564811031,-0.49637179664711006,0.16030723597473634,-1.1768422239624479,-0.5492287410253804
0,1.5030481613819096,-0.05355694298909919,0.514834831605497,-0.211675271746244,-0.24379746780135517,-1.13409860276478,0.6345083146671029,0.2543695635981683,-0.13133685862987882,0.09422661061980886,-0.06250477715677052,0.5842343293017441,-1.313303118635806,-0.09462967890584215,-0.581998913203658,-0.4668825143581621,-0.628371008521344,-0.3024098007849237,1,-0.24587734548609533,-0.10600522507057028,-0.7099449337576487,-0.061558223979665094,0.5183134690634245,-0.24439138544807945,0.5320879769645164,0.9510731704699322
0,2.1202537977149953,-0.5881878107584915,-1.5568988480515762,-0.14078175994164854,2.277941259545018,-0.4834638070659073,1.1311810190604832,-1.141350342672299,0.8810362545471788,0.27716830778723645,0.06117427531082577,0.18055170639890591,-0.5739179946300448,1.0894164028801225,2.3370512119655507,0.039429356933825044,-0.65175997996054,-0.28167295574380935,1,0.30284814094806733,-0.057710960529900546,-0.8223914034212852,-0.13858845242106,0.1810613355298717,-0.3260575655302107,-0.06155528899972906,-0.9176313859840459
0,-0.7264922438088173,0.3962775781082366,0.2907207849777259,1.5975196488918135,-0.31792240726498905,0.11904716667108428,0.7183914229909334,0.0546284786688066,1.3423024237792471,-1.0530543139305675,0.03213904988674482,0.4397336410440228,1.4414241568945767,-0.5838367834685432,-0.5993225570289806,-0.1778585425684468,0.2504251913708484,-0.10706821897979046,2,-0.47239469060718897,0.04624899349823844,-0.08132060755518203,0.14255445124721577,-0.19721524271269533,-2.250773723276487,-0.7261881300209605,-0.2748692652401033
0,-0.8384511133619144,0.7608426594082807,0.8001652153587282,0.9015602637303771,-0.5906622393155687,0.1303920847661847,-2.1490068980412182,2.0771308169291403,1.201385278032042,0.2823639900332836,-0.42213855887823604,-1.0581324808872532,1.1684014617871106,-0.8987498797144468,0.10801896204909534,-0.5209651268441315,-0.37605828969197197,-0.3656408869712508,2,-0.48661802072747196,-0.12897825312949962,1.4907370114084946,0.04753139347586931,0.4321367800445006,-1.0594895218363014,-0.1428791869129475,-0.6366128723532621
0,-0.6050184608740288,1.11057332429264,-0.4146550618865688,1.180846656601609,-0.3603561596239804,-0.21376289156063144,-1.384858216212286,2.0131563004092303,0.16430719440444402,0.3366023908448843,-0.12190992508865822,0.32953866804322046,0.07643675240188533,-0.7446634214747463,-0.21969769986805027,-0.29114268389219145,-0.11208782532332506,-0.45258829145380386,2,-0.7452988669671613,-0.5293135924541016,-0.2920245223216563,-0.041707271766039875,0.5394461905865549,-1.3695812971642731,1.9981844398212272,-2.121574098707534
0,1.6265196514675613,-0.7522221240542872,-0.34894744695120794,0.3759484430119803,0.20174440979964486,-0.07004242799127312,0.6946281105428275,2.160444254600324,-1.7937668191973426,0.7243761701840669,0.09198326914477384,0.36940182750768424,-0.5688155021973208,0.34453502001312464,1.030248478307542,-0.004180215155819206,-0.43711480944736025,-0.40380015419779836,1,-1.2617908905860205,-1.1504230099024508,-0.7326968666675846,0.10229727157146862,10.91737505972602,0.09257751386084612,1.3277474245698007,-0.03170580324690575
0,2.24867707487614,-2.9726017817792636,-0.94773524435471,-0.29053543186058167,-0.05943315761876422,-1.1971355311040193,-1.235819493777493,0.6246838993304626,-1.2001125800847392,0.23260665791507393,1.5597809231474427,0.5375130245701065,-0.9217778643492444,0.40665656962754015,0.21640338559759287,-3.5161861202845275,-0.534833016325559,-0.20494252128686305,2,0.7980624782782084,-0.5932838173732407,-0.5266682508648813,-0.07959618353110151,-0.2646025923824741,0.4715574527254041,-0.35775195402616716,0.5226483777062711
0,-0.3381739908387448,0.10267619440695375,-0.44453323860855243,0.1838769380265906,-0.2708909079949203,0.5580747402983387,0.7250162995331946,1.3758782749696796,-1.7457863735693282,1.443847057323802,1.364203926884429,0.6034317343785858,1.2432676992016767,-0.17933552572549077,-0.9272525316613123,0.6742004960938868,-0.06389974263735136,-0.4315502862988652,1,-0.26738253937228257,0.9474140800306985,0.10591987163569949,-0.1288695836687752,0.612473539654048,-0.12720425788875744,-0.1946762921009012,-1.6183024706448232
0,-0.29327372472783353,0.38756998120226255,2.3582145294371855,2.3821889202026214,-1.1563596171788606,-0.3456466444547945,-0.9828880153979579,-0.3879632276280568,0.2707765331012594,-0.4918662819672557,-1.0049326337747115,-0.5686949986271583,1.1312054102412983,-0.8344473220840076,0.3360492330848138,1.0933695584917782,-0.28460858723463767,-0.19056130955761214,2,-0.1749135944256664,-1.6308983592141932,-0.3003482538224752,-0.1047483252985254,-0.7920520435030372,-0.2021910939642752,-1.0866638130510424,-0.09636909417617681
0,1.5948028945779642,0.023390386036037936,0.8991808842385174,-0.328319449235157,0.39773106221666576,-0.4551751714512048,0.4239267141131279,-0.47567471430138764,-2.0378577493873955,-0.306024389316068,0.335530512880757,0.710786114223898,-1.4603835435710086,-0.09278431959570169,0.9630489538012683,-0.017148713611113253,0.16362134707351592,0.1008530448166286,1,-0.03214288156768297,-2.0642448512303337,-0.6284023343774211,0.010251092383426919,-0.06792806502109991,-0.6263653207408922,3.3686225391244706,-1.7226975884638394
0,0.7614540413624744,0.4261308593825306,-1.5563220357381051,0.17106691289762788,2.256223958032816,0.7351910554508938,-1.2563641501666791,-0.4113455995631594,-1.9400914093019492,-0.06286052920459888,-0.13775023219285504,0.2419135718989664,0.07274146360214317,0.40715636752060413,0.9736727909769165,0.008365166749565334,-0.36671630361374635,-0.28506161025528687,1,0.5804081197322487,0.23358399446832878,0.7688367032630816,-0.09198357058537485,0.05389414288094625,-0.19915776955173647,0.5764576674051356,-0.5528030624383405
0,-0.1571807595410171,-0.5754707822900407,1.0667626733072053,-1.6760719603473573,0.08780306926181258,-0.978361418452263,-0.558846562722853,-0.5395376378230841,-2.217156793500104,-0.07535635969306663,-0.02923715906652151,0.11909011554990734,-0.3544131433743227,0.08896932743749231,2.037266153148127,-3.212784795965382,0.12837330432052899,0.2535622799423642,1,-0.7090563142566093,0.03954782235117871,0.4157402756810284,0.05409843224891339,-0.4671339209237462,0.4637428611093961,0.23079750312479805,0.6078822493893669
0,-0.8461954619721108,1.9697481666716559,0.11095389145787837,1.8719267402888922,-0.606841227296412,-0.7778942071404457,-0.5703380211021813,1.314734990241668,0.068239399469044,0.8030106048381861,0.3581704141918284,0.22403700072468197,-0.8261291439086034,-0.6050344005092438,-0.17825874257940877,0.6568012217853281,-0.20738624170079395,-0.2784628890983211,1,-0.21503094905503264,0.1094040248374919,-0.6984375581762003,0.0010427381387057844,-0.12808632307915824,-2.6190970554258906,0.1012368256936938,-0.4265105153706025
0,0.6249984058776329,-0.0317203691165128,0.3173113997248565,1.4675712986623277,-0.1575788362974211,0.9189249509485957,-1.5339120203920438,2.38214295813401,-2.578468778253742,1.6635793945954618,0.8003146890664313,0.8137626047399971,0.4740125065758867,0.4773562960624421,1.075104373389565,-0.5334337839100958,-0.09810333057460535,-0.2733097635335457,2,-0.7346569584911087,-0.6671442070310614,-0.837083612328585,-0.04030078092818143,-0.41822018717855514,-0.9312528978449832,0.9498527296877356,-0.4501771353831303
0,-0.42389983858012104,1.5105364225945013,1.099379229353492,2.312918395372736,-0.10359707060561718,-0.14444454041164762,-1.084418253641529,1.5215721725841878,0.20757005796614714,-0.6701752109593576,-0.0634867069941224,0.014198789671469758,0.7763963845667733,-0.3953569063165888,0.5146223489529829,0.8584027302381567,0.05219490445949713,-0.72520850861303,1,-0.7663517061795636,-0.4297371510195134,-0.21956648241274412,-0.13858845242106,0.36382038591872995,-0.08959984692572891,0.5729127566280551,0.45174782454209383
0,-1.9437933901438698,-0.375710583195119,1.1578403817465874,0.7369626567461068,-0.09450430671949539,-0.3632719309999833,-2.0112466651392946,0.41678302587896865,-0.43209971283895293,-0.22442536613666947,0.4881993913654768,-0.19019204961752753,1.4134384208010538,-1.1261826078508754,0.1436388537950518,0.20778545872987741,0.26203999802822964,-0.4640322276876595,2,-0.533855023987885,0.4694728174726083,0.233251656902199,-0.11056777596187395,0.47100626116809513,0.20331433175914387,-1.0295810208992149,-0.6244316072891811
0,0.6040000004812618,-2.1269660253425626,1.1596235015678982,-0.513508511821215,-0.22514426928696704,0.014047044943277798,0.7385193472948685,1.673183902793589,-0.7064181375325692,-0.61906743069899,-0.4690528154608481,-0.150866133772049,-1.1189951699857557,-0.1804174178378669,1.0312273705094093,0.31847505413700017,-0.551099718629927,-0.3546497961229794,1,-0.5320719463753546,0.1441089323091789,0.6163998894646486,0.0996632888724902,0.8873555217591985,0.39251889502247717,0.6647485453333801,-0.5861515775947336
0,2.221042801643427,0.02687420584232858,-0.4014262163232754,-0.3085475261308921,0.1542193809818473,1.8865449199618576,0.688948283853188,1.343837101320819,-1.9305629185207072,0.6298947265686607,0.3067771418077774,0.10939006478043234,-1.088768422288455,-0.010143188860055219,-1.6059143935581992,-1.814594609896171,-0.65175997996054,0.6581887826755002,1,-0.6544027319332416,1.158954718819643,-0.837083612328585,-0.036199007183756904,0.5180635356690468,0.09445006894307373,0.2599432080635634,1.0962702426091984
0,0.7890409746691274,0.747348339310399,0.7843139376839277,-0.6598841786728122,-0.061843760426363026,-0.8276902243225385,0.4998317545231904,1.8102005292952625,-0.994152472479107,2.0878787701782358,-0.5540226319092049,-0.0870322647663795,-1.0535338763192648,0.32355436025369744,0.4663016847442415,0.7926923418487075,-0.20899564878464982,-0.4703489220486082,1,0.04684697076309674,0.6928340093203569,-0.12057327294218839,-0.020188857695028185,0.7834236552885533,-0.5280850097883215,0.06033704683969332,-0.20216774492924117
0,0.31594490195869485,-1.0289024065806844,1.4429312127140614,0.030708664330638524,4.040107619703342,-0.2009363685815509,-0.8092365871055761,-0.12985848907892783,-1.3234903767581003,0.7964329320731885,-0.28904778452430807,0.8141305701383099,1.0250534896656736,0.8166949173589882,-0.5141179552610304,1.8505610580771612,0.22069002229737533,-0.1374415981442837,1,-1.2567285249648292,-0.3133085486700552,5.674873604107381,-0.01961492697656378,0.23507076049198633,-1.836293114032122,-1.0405388989280853,1.6951650063421373
0,-0.231288073855218,-1.0101947888876852,-0.018538565191781993,0.2978428799108189,0.03581001954812831,0.1420277248655687,1.0635585681833517,0.8504564941216886,-0.9082001742833472,-0.07758529258748367,-0.266589590298913,-0.3738797698500191,0.5072467692626367,-0.4482575398075074,0.5662925587790174,-0.5163062382243838,-0.42103187432843037,-0.27230045536930136,1,-1.2137920748539701,-0.09929375258677378,-0.7836762067199856,-0.022083755587481817,-0.08720371000539634,1.2131358331965545,1.1563257628479813,-1.2209969473057543
0,-2.6423745350096643,2.429547363884886,0.38036941405269686,-0.33814889364121903,0.12549130676837283,-0.5897316400904087,-2.4461557353009065,-0.15346996486149367,-0.5474864516578838,0.49513596016371364,0.6717800024129245,0.37259368254692415,0.8261970842213695,-0.5310446725635057,0.16869131279930705,0.010208194114083136,-0.015618837180714079,-0.18841560218393777,2,-0.5593605686980385,-0.029934077328259256,1.6037765853598487,-0.017697394492442238,-0.7368209336685176,0.8160622358733929,-0.4598748846474436,0.08284402407556271
0,2.0962513494782673,0.7818575908811758,-0.0882995302648864,0.738987443358213,-0.22663271016829079,-0.23399921705332763,0.8901916832128332,3.7191006804075992,-0.8843653787346852,-0.3238021642037674,-0.5073692866388659,0.1052528658073893,-1.2792112079829459,1.6301688994714074,-1.5751058509170435,0.47176307534139506,-0.65175997996054,0.42566328361250694,1,-0.2929185025917104,0.0506475155180891,0.3209901278763124,-0.12020922599455648,1.085319561651473,-1.4186876987937052,1.7857079603275388,-1.561062122131506
0,0.15479065334611009,-1.0220259855856062,-0.8033463699748684,-0.05118635714934516,0.8354540351123593,-0.973588582856374,0.8955897691341296,-0.8250190393304656,0.7520649917348081,1.8567246568543563,0.004858782082345359,0.5901530029312173,0.2436058244661965,0.009163755326193235,0.8709812659869657,-0.5097066466723019,-0.65175997996054,0.13160368309166354,2,-0.48954300220547237,-0.7319292732612912,-0.22430199830794895,-0.0051891301509098126,-1.087159366423576,-0.6683522239174011,-1.0285976560819143,-1.0589685517199063
0,-0.12624005341773215,-0.1844481634829716,0.9827572191964724,1.2544394279345625,-1.0010288246000385,-0.5541308700262408,-0.7725822239927025,-0.49508371165521137,-0.24926823109767426,-1.0226040197769386,-0.056955883315961214,-0.2625124900635477,0.45974214121280377,-0.05790801159845593,0.02382009030348642,0.48187085493887694,-0.21895408091968266,-0.15020664154829502,2,-0.2478818910716013,-0.42467553460604335,-0.7231108835323927,0.013802874189203757,-0.42080908451177745,0.7454930166872311,0.3291629418154889,0.7641478506803437
0,0.7476793619721673,0.13602700167894877,0.3704245603355793,0.2858873624932136,0.6391831244347436,-0.09049805813872563,0.7268324812905126,-0.496400137297618,0.02843552117446292,-0.06317630898169771,-0.6988751374131988,0.027109824715123104,-0.1482467960813521,0.0007508714822265228,-1.424992829568187,-0.5299648061419042,0.10308878852673273,-0.07643643962005886,1,-0.5706358191218507,-0.33317106149122877,-0.1443947973829261,-0.10493123419020445,-0.1704623001755775,-0.7361712680384025,-0.2980607745263242,-0.5372926286872132
0,-1.0973432553711662,0.19492924777767956,-1.5603549651438726,1.6878628793632038,-0.04301102160731257,-0.6487583711836843,-0.20145528229233944,-0.7560460158866247,-0.45582581466731914,0.3623236959754632,0.02259075087574347,-0.5977900475335127,-0.4931547681645084,-0.08869609008542073,0.5129670475413691,0.7082346278969487,-0.6159327694029872,-0.2855579941789156,2,-0.6213775022812396,-1.0965173129400057,0.7608334746824471,0.023265878168944307,-0.5104116095156264,0.8184991732093325,-0.13454784777757514,-0.4521731564220641
0,0.13590615090882577,-0.3358787922640032,1.4611814093899191,1.5071570507698993,-1.049066446572661,-0.6676612465594329,-0.6970127775680627,2.376684067465056,0.33080163035337584,0.5148398141839905,-0.3429582343917746,0.25008521121516036,0.0972132731026174,-0.13422475067292294,1.7149566198256085,-0.10126465679120128,0.07962973869363563,-0.1899556832567383,2,-0.07638511679157678,-0.12188133897709078,1.1197767450861398,0.17786794265199182,-0.49746993491213465,-2.9921376831756286,0.17833509440557294,0.22226394394802473
0,-0.03272039561176618,0.525856170265088,0.6493148302396694,0.509293970878952,-0.22892196182756652,-0.27845916739555204,0.6207587946928989,2.123597452654977,1.9112249647843416,-0.3164432419462312,-0.7396150811173036,0.007628034390882277,0.3309440444685292,-1.0763550527823784,0.7937549293853909,-0.34376771757486746,-0.3128556732331305,-0.08839515064332887,2,-0.2614048854390748,-1.0465282967721086,0.9066975150913824,0.23025542412020694,-0.14065911809010267,0.06059619187649651,-0.022856909778615486,-0.06737704380268728
0,-0.4389589058349266,-1.3865349414381167,0.5942736772667008,0.2615826155468111,-0.11462918729710031,-0.2923258434371624,-2.5171600962600698,-1.059089526785901,-2.4033769838709507,-0.2994213142613451,-0.20134296357548337,0.14450425092043684,0.29155814822326453,0.23461635240789813,0.3693628316424066,0.897510496553054,-0.4147834821762697,1.283839672256861,1,1.7389413771756779,0.5783426145613636,-0.381540749349094,-0.06026943111987011,0.209104440727091,-1.77947071118043,0.6368185201077159,-0.4196161213394873
0,-0.15770615535327026,-1.5628318808058619,0.8452534091249416,2.1016789398829245,-0.375810139756661,-1.0978173563185707,0.8895721614984216,0.09724273654959814,-0.8187164086681671,-0.7230751774049647,-0.47048281624214416,0.1893610638179568,0.4458930242851047,-0.2237788888792206,-0.5889585927997827,-0.42059106901661186,0.03525248626966096,-0.08874778038372017,1,-0.6333130391799225,0.38933228809724696,-0.19659297749765273,-0.06122604199372578,-0.5543413361739477,-1.0938471032488901,-0.7109970543323938,-0.13745401389501605
0,0.6713888659316816,-0.08725906010506206,0.4347254818997484,0.3194607878879468,0.405353453035178,-0.33722314585723356,0.5455565091356271,0.22100412529703817,-1.7563156527831103,0.7313053342371425,0.021841022265021492,0.03380121127738843,-0.9721202101668055,0.26809274432401664,0.431030910326365,-0.43475643242915074,0.32138090932995483,0.7377562210390824,1,-1.8745862727547922,0.46889499043024746,-0.6803455776396419,0.036303265299396786,0.38978818036800467,-0.8570168334622963,1.014196388700503,1.8937371860962737
0,-0.06728792662536032,0.14847310045410045,-0.11253328006031621,0.6505587557334798,-0.0917594472032166,-0.7539089519658593,0.5984667387609011,0.800932349400127,0.8341654520073545,-0.4121659796660755,0.12925664261804193,0.1834315972724293,1.4133277895482232,0.19077515110393511,0.2437331207733392,-0.7152244562077752,-0.1705297820861082,-0.3850536594404181,2,-1.2835886231626286,-0.39694939175195465,-0.2900825269641568,-0.06255151802082895,-0.5919780263473513,-0.19200460806892494,-0.356744263205666,-0.7880239923692923
0,-0.5338561148069725,1.9339037398634846,-0.027409099479067334,0.33096928216655996,-0.7778806016154796,-1.3747920234169926,-1.2169234511644507,0.3880928132326198,0.11979506082084501,-0.3119781712585483,-0.05044583262636873,0.17947485657545498,-0.007719711499357906,0.2943768784656596,-1.3312152811499631,0.21281444316947806,-0.2712887510682511,-0.4024534184707441,2,0.029454488098039328,-0.6147308037296223,-0.008953129862948161,-0.04429651890446728,0.22123022617699342,-0.36101521312902607,-0.7082407471430396,-0.3174778658240961
0,-0.27470953212050175,0.22745815044621354,1.49699072000173,2.5988791347852898,-0.09074114770677327,-0.1699723858624369,-1.1253248326941074,0.6227148951912791,-0.05024402643615544,0.7351351795836834,-0.057056296905273474,0.6739792661204345,1.5929050157226625,0.2740410932609524,1.2265996218673334,-0.028013654555389622,0.08460483093615603,-0.11395947253134864,2,0.21418383324754345,0.659028001548499,-0.7067028166962973,-0.02390070605975431,-0.6415965167985758,0.7178979201342578,-1.1625754055502873,-0.4823183543416594
0,-1.3388390710542224,0.5467552574687149,-2.0425871121985333,0.3878783682145913,-0.011398736681401567,1.3579810646057922,-1.7260237584744944,-0.7983626835012283,-0.42230073969916426,0.1883561200868601,0.20555396317270574,0.88581221192535,0.267667544457692,-0.7339383150913429,-0.5463756432955815,0.3966906369625083,-0.35949662095878726,-0.1470950091906381,2,-0.5184101413068677,-2.7610887630774354,1.431948735612509,-0.004912090493916131,-0.18768206045193997,-0.3054855709241152,-0.17646486812397827,-0.07462296380971573
0,0.4084502235082047,-0.5719476263324293,-0.47833747150116535,-0.13146383850129362,-0.07279652723078556,-0.017721355063596622,0.7157039539633784,-1.1827679739575279,-1.3164380365772153,1.7783199015355935,-0.09337810431539215,0.45244345565187605,-1.409526482076766,2.874888233387154,-0.13463420763788259,0.2123668935210441,-0.15614517883894186,-0.45852551425006666,1,-1.3724656854478696,-0.02982622969129914,-0.7724064640969057,-0.05295117189873726,0.08518828214305452,2.015275009617854,2.074685400646059,-1.0815850525661526
0,0.5335853740964354,1.2333112090331106,-2.0564574187117337,0.3774851965223752,0.02939342536528672,0.03991162028738349,1.0037103266220337,0.6807519614585817,-4.343126504914111,0.31820983308573203,0.11921910313661441,-0.3231614608826933,1.471435270516643,-0.5703972846695061,0.4336130133653096,-1.1589076238818672,-0.5355410718444674,-0.22183902941608397,1,-0.056711905981182836,-0.03623186354569852,0.5921554813188364,-0.07414033244214152,-0.27168723725563965,-0.3528760283082205,-0.15220322679670314,0.2605116455980411
0,1.2995320635802685,0.1159019429132207,-0.02068825882767831,0.7399417639718098,-0.60982705390707,2.4672721692768596,0.9612740766390417,0.7339362974271654,-1.1093096090771746,-0.04445483658839272,-0.1687523194801509,0.08408670887371861,-0.3156298021302538,-0.7617554969227044,1.564258241097448,-0.5432534613621192,0.41956479549385645,-0.410458634391457,1,0.2647135606927689,-0.6228371470821544,0.10202365125199053,0.03543544089962698,-0.39116706703128257,0.6028924892970162,0.4955947027288963,1.0110447101339277
0,0.03515126915673239,-0.6867658842370308,-1.5626768419925245,0.13058644018198828,0.015535356003704592,-0.6858633771896864,-1.6201990204916834,0.281593762698227,-1.4530941837739613,-0.04655465890533278,-0.32642102150731783,0.6634728778041906,1.2941776900080821,0.11354397304552938,1.1420797874726798,0.24773069474454487,-0.4745489370198028,0.19577150754484623,2,0.830687313516256,-0.8602403716906071,-0.7235044175451925,-0.03772166840997832,-0.5062704840957549,-0.020072516036227617,-1.21975314077183,-0.6669617733235638
0,-0.5345299361267408,0.005899444130159748,-2.0924943221711017,1.2597583096789677,2.19308302923479,0.8697773535537128,0.6815696149944629,2.7012577404195035,-0.437703736121289,-0.03870418463771726,0.053574216350628256,0.17448110979725595,1.602644484829178,-0.029193611520721502,1.102420690058298,-0.5284639402730165,-0.2775773462733534,-0.6388598325631982,2,-0.15366481448035493,-0.7795512228556889,1.2271237500018963,0.24840541360719148,-0.2984295114037644,-0.4006261531281641,-0.5524451838305553,0.7416259339342636
0,-0.27875471526571827,0.3661530336417543,0.3520840402177082,-0.03639754574917736,-0.3392439672836576,-0.6360192354307929,-2.2664425171477736,-1.3699462703950016,0.9745162539530317,0.37643186212054824,0.6319412758804109,0.8857141936797184,-0.1504218030789782,0.22624928257889854,0.5748244976202965,-2.035999818991657,1.0772236012116236,-0.18642702336917433,2,-1.0039849341621228,-0.2661026088028733,-0.27055825706777936,-0.01422866309651881,-0.6204532064641406,1.433615059960108,0.46164721684452836,1.365563948134537
0,0.3474077283330521,1.1631381517663333,-0.30808272542518417,-0.1690046711817152,-0.2534875495804882,2.2827444920261417,-0.2109873768620555,2.455321540998412,0.12559845986448692,0.2519800251941007,0.19446789270094533,-0.5892989566369518,-1.2693524883914082,-0.2957011590073921,-0.4901210344214847,0.16468599419873364,0.26535729981197775,-0.1563745058806078,2,0.047317098879676056,-0.1801052754939042,0.5609833841471451,0.07640948817091556,0.6928283801576954,-0.44109265631301475,2.1426923710469468,-0.42175850899315886
0,-0.29266041623192646,0.7923379968208772,0.5219010912776213,-0.4836660360287892,0.22159439104470335,0.2786601632686705,-0.4679628312337366,0.45374826860830153,-0.6910354222096787,0.15558451225036796,0.37169373344218115,-1.2953565019643851,1.6643053635691527,-0.46491336959146773,0.553764675204165,0.18200099824731342,0.13697539456174604,0.18431340108768546,2,-0.4556273036598924,0.5476028559912988,-0.2571895086057767,0.13970183610576187,-0.6543819220677803,0.1745955236607179,1.297847358200809,-2.0553133429151984
0,0.7478164541153153,0.2686884347459139,-0.027759437238305262,1.8097391812127341,-0.40329005060372547,-1.2245686551128725,-2.3909991271127415,1.0528743075045304,-0.9202221850623242,-0.23672029514772822,-0.36430316278593133,0.7121226131888161,1.0280370040201061,-0.45664837539508757,0.29069632958386016,-0.9019740550249247,-0.31699653988830134,-0.3893609290296506,1,0.2723876324043929,-0.852455398801325,-0.29594731386594025,0.18937010818231464,-0.7411140489258663,-0.18944985775391504,-0.10277477906630395,-0.003118772817088389
0,1.338984420690933,-1.7479143382833666,-1.1932076573074033,-0.4882671235947349,-0.09900476444636369,0.4867012685005463,0.8725843784828684,1.1378796659560027,-1.1152930078538268,1.0180934769055985,0.5505755001868509,-0.26629249435764263,-0.9424152906776426,-0.2655902316163755,0.3858547127258827,-0.3065263433957623,-0.40410223121481426,-0.2548168307702337,1,-0.010793243429215726,-0.7892870548932309,-0.6075134916994139,0.002604815313149711,-0.4998524564404253,-0.32414265451407354,-0.3828868903418175,-0.21076746865524754
0,0.25663245409519664,0.3333832549668728,0.7092904207088038,-0.7185677625939914,0.29044533795248756,0.6464601090385043,0.18761776607272707,1.3221192211143107,0.36770971186506535,1.0773701201885566,0.03889410778011315,0.07814761957927017,0.3285255221180358,-0.4217503460888379,1.454908561904682,-0.257157435903571,-0.21838510745742826,-0.3562978383331296,2,0.1792657407597016,-1.2841393571398059,1.728094960069647,0.19751045135327827,-0.6051645495413542,0.4285862893178296,-0.7731958975164818,-0.2802591996774748
0,-0.07462292800519799,1.3292688294579058,0.06481519348817516,1.5755284537585599,-0.27723842990350345,-1.2216057432831837,-0.29328169194259524,1.1073329820708873,-0.6287758096229196,0.13688240767516602,0.4253888326926579,0.3327908959165041,0.48654633100097994,-0.3026395337706057,-0.1942067548931261,-0.5226265043399496,0.7614582052207813,-0.46498002316836684,2,-0.2925135402518382,-0.44003620768425333,0.03158104016904319,-0.024130874510577823,-0.038819023472729364,-1.080778518495693,-0.5662870264610342,0.2801800735037598
0,0.8477175382515021,-2.588918763710662,-0.005125514035587364,0.6592921028223407,0.7764955304433914,-1.0479353498135948,0.5960534183191775,0.24126676689711196,-0.8062517809417147,0.5251066964192637,0.20268926159928666,0.09097208617121993,-1.0203981143946605,0.21447890064459246,2.179621310464346,-1.3493326554560325,-0.5599851317032534,-0.4755773690315702,1,-1.2954513561642902,-0.6052815934623749,-0.7317012493412831,-0.008324774932252248,0.3538608477784162,0.5548501431846505,1.2553226930558044,-0.8094452129186721
0,-0.7041298547267539,0.12784373626273232,1.097661415815728,1.200405952538529,-0.5144491947846663,0.011583882308212112,-0.5390091799016719,0.2751639173816335,-0.5440648164623189,0.11186787391330769,-0.6304789837834339,-0.19309908243705703,-0.5704705454256364,-0.766654645104067,0.6633477713655783,2.125537024761185,0.20562049147200234,-0.45061695890992365,1,-0.2590161121063326,-0.2837777083462763,0.9954593099152298,0.004323531720870452,-0.30306638375854006,-1.7505221562195274,-0.2647403685597639,-0.1025797465641054
0,-0.20398874880171639,0.6503402853999957,0.5820884961167228,1.1525618678128198,-0.06473866021653807,-1.2753721638189524,0.10090311005752728,2.017325265713505,0.7159761502615942,-0.09424223330523124,-0.25184638571161444,0.8312308400536019,0.46442309274946453,-0.22046016285181225,-0.9908280696461995,-0.1401879501889863,0.7012005274390551,-0.3097148369097129,2,-0.8375844000935372,-0.19546922620284024,0.4828486357448148,-0.01899573656781192,0.4006880881888463,-1.0621539646999543,-0.2660400999102248,0.8042155456990518
0,0.3917178225682372,0.4876553231550227,0.6710725370214496,0.6806569130545589,-0.4127488562099518,-0.9585984007274801,0.9390192040822334,0.720007646352273,-1.4675585797729047,-0.09349471782411434,-0.578743428115012,-0.601321779432776,-0.4857161632986815,-0.46614424744338573,0.8995083060506346,-1.5001466617302022,-0.04822085181278846,-0.3256493484200384,1,-0.41055810758369404,0.338867816633569,-0.837083612328585,-0.07000420652000879,0.2086915085726868,-1.5618244821990355,1.0018036646033215,0.1405446028866684
0,0.10437772048455021,1.2897573595707235,-1.0284841270160472,0.3777813605827186,-0.4980836125259333,-0.7228013423580417,0.5593854349688014,0.40515151254776477,-0.07874038145716677,0.3548445103729474,-0.23388660763515584,2.487133100935111,1.6319138621468503,0.2490667049578441,1.2227667136915015,-0.5224770709240274,-0.5211373328865097,-0.34218203392663094,2,-1.1952908159287472,-0.7449877999757887,1.4150910935159904,0.09353728727097531,-0.22897421148798747,-1.7784666079923515,0.8059743555009622,2.1992057783485297
0,-1.0090892330014596,-2.060428043238099,-0.2959481165555944,0.43948132916543836,-0.3874760074207939,-1.051825691201015,-1.0939108725125881,0.314866011586859,-3.5281601344031017,-0.6440971057441992,-0.5702342061704961,0.24876365852208598,0.460431774690517,-0.6040224935577942,-0.9575393921939885,-1.2795524686751059,-0.36649288961032,0.38950533839052515,2,-0.9133014213527529,-0.7426454177699278,0.16068252952078227,-0.050885072218737296,-0.005664236245495058,0.05160473094891807,-0.7377028580706751,0.6313729701659172
0,2.1518737819488387,-1.175320284394522,1.2288869593390856,1.047559279354967,-0.7889167016770662,-0.943249975295723,0.7046639073820374,-1.3818589530403718,-1.8658052308322728,-0.32772326148656367,-0.6589519765591227,-0.10116624592407619,-0.6202287036927662,-0.39148939159364715,0.8139135144502136,-2.010211576288854,-0.65175997996054,0.4294124429235916,1,-1.030221733848069,-0.4542286090318618,-0.08676661713316086,-0.1173457238975794,0.21969471719832043,-0.5859509711395462,1.1923803620665159,-0.35940052007266965
0,0.6477119733494462,-0.23809314926818054,0.3403797164007843,0.8572435710170182,-0.6886265084664107,-0.1564964149065864,-0.11663728149580166,-1.1868351683741356,-0.1072195889868468,-1.0398410440498838,-0.3697090997536622,0.501403280633839,-0.9151607880626959,-0.9349075423510071,0.5734103705470632,0.5639316454767522,-0.020218483204761217,-0.2644510998328975,2,-0.4852990520616855,0.8585937435311174,-0.7014419852806131,-0.09186559098124386,-0.3357577067925442,-0.6103316853260642,-0.8568484703866687,0.8587592373861075
0,-0.8890262901614183,-0.16487831392827323,-0.22960524611775346,0.4875029147636832,0.2813021561544846,-0.3408386630363595,0.7314807324003993,-0.6947366887227575,1.7953299652248558,-0.14117087958133104,0.26918712284116386,0.7367231291258057,-0.041659372407405804,-0.3682440753028895,-1.103698449065412,-1.02440780241445,-0.32715003193188663,0.5936217280045673,2,-0.4646163438867018,-0.39225447935710445,2.428302748234508,-0.11496435474131109,-0.2554467102072755,0.16651348954796996,0.21246420727910664,0.773149532833729
0,2.24867707487614,0.057941510120102846,0.06334580579688123,-3.121022199159186,-0.9356609388677353,-0.7192491180853509,0.18314730941079882,2.182364077840986,-1.5879652647681761,-0.031419541303542464,0.2751360787458919,0.5903290886691729,-1.2776213494608202,-0.8152777036176982,-0.9530963299056434,-1.3092480261485617,-0.46720393589981635,0.24909016533801764,1,-0.42268006169364625,-5.3024334836835845,0.6323487195618169,0.03706430244015886,1.5818599163556422,-0.3674374994139798,2.4330418596800643,0.19565056556489888
0,1.6061298770943009,-1.0403796506360328,-1.0509263193681833,0.08103011019486234,0.16161099225960404,-0.13953195954850703,0.6690543294652987,2.3856051707007695,-0.3683167067243744,1.192595824414044,0.682369059176598,0.5049859733315794,-1.4248037055704843,-0.6284230530449781,0.3023807317122835,-0.631974994881611,-0.49795883751029946,0.4582604806574403,1,-0.09548479777186111,-0.47927225918957117,-0.718977034872903,-0.017461815004046775,0.5944291483668398,0.8236988748910723,1.6356495129744906,-0.48601716808586437
0,-0.47659604632286756,0.0027176370900581226,0.779422898278546,2.3367696186274385,-0.34944029945003585,-0.6065749805550067,-1.0260629210453807,0.09867299554562092,-1.4414477918795976,-0.3255045787923595,-0.2797070224968052,0.33229006675102957,0.5446270120151319,-0.058061776009931954,-0.9349664496147534,0.19577576033942035,-0.4841792024677699,1.1103680810926153,2,-0.7313643342408453,-1.4701683566884651,-0.837083612328585,-0.1343497544142963,-0.45426687472386884,-0.16834247509508887,-1.1400075152739086,1.5281591231391456
0,0.2048731102162613,0.6178385030640353,1.1712175468999741,0.5813804514982511,-0.18146265166463854,-0.36502093880300257,0.5652133855309568,1.467845756630105,0.40502131704480937,0.04936606328776699,1.4580797878904175,0.3511642236081527,-0.5952956091326762,0.031126799111772074,-0.05356013025327577,-0.2815705103426505,-0.23303104247016324,0.07221179775959946,2,0.2756511506507048,-0.6205340655975939,1.2155775057631177,0.14932484217226816,-0.2337490573757135,0.20907230892621628,0.31077422430224033,-0.5098201616623945
0,0.5832370261964869,-0.12830596779921588,0.26925760605398896,0.6501988969625248,-0.4361344470809721,-0.45504135090675324,-0.030469003750198786,-1.6215441215264694,0.7119589473408348,-0.07267860893119779,0.8990228337656636,-0.33728332142310213,-0.9880717341908767,-0.8065444315032546,-1.2188634796979412,-0.14893185068181336,-0.24174761126520794,0.0011713361115850557,1,-0.5362942213515857,0.4578491624737452,-0.6675552650560846,0.006401332176304231,0.11386842603406694,0.6186043550502034,0.1280085280922228,-1.4792660552759234
0,0.7955445579401377,0.4446025637277086,0.6613889502800302,-0.2742610965115742,0.11623412783798148,-1.231562048110023,-2.474359047552933,-0.4052812750871011,-1.003857815775833,-0.6935603014132503,-0.1721072470942302,0.0433626470254479,-0.2141627449840522,0.03384931538686298,-0.0036952317024210313,-1.9320752093946099,1.1713740745441361,-0.39643475468281186,1,-1.87737378862638,-1.0278040094270438,1.33994236843921,-0.13858845242106,-0.5583719970248882,2.230059319961654,-0.27511809918359853,1.5818968815893277
0,0.9533409146057121,-3.179487756779119,0.8626489853643863,-1.051411567500073,-0.8989576471646205,-0.2794478408836031,0.620466530737056,-1.2042901093511424,0.7145567213875452,0.3024437965378396,-0.8832843536423846,1.1958292417158258,-0.06644505321988786,0.5676034529232071,1.1091233138486858,1.3279069719814418,0.01160528921088086,-0.365449531203076,2,-0.8371977484141995,-0.5252682088528775,-0.3980563693812953,0.2879632133468209,0.5927482872144838,-1.1484399826393048,-0.3700389042485095,-1.9833225337771443
0,-0.8678551681346949,0.9366900873971769,0.6439169559220665,1.2876404255508054,-0.07187455849630017,0.04434194327426355,0.20971797711644846,0.09534015666158768,0.6240548306015483,-0.35068340400867126,0.8260769017043295,-0.09166342569889405,-0.6511754695300784,-0.8062582167129784,-0.5746441274666854,1.0261181150364476,0.9209796539986088,-0.35593428625003887,2,-1.87737378862638,-2.00056822018292,-0.21626724853505883,0.0544728507340964,0.5867280006725585,-0.8811090479681529,0.006181359092837957,-0.10282009509486076
1,-0.49650538448250603,-1.2723618207381506,-0.10890902757289794,-0.6484115092798856,2.7506597836830076,0.4574048455559677,0.8378030498212119,0.9139875697708025,-1.2038148940327265,0.6152791677367888,1.9884706367646363,-0.3597368405975297,5.983846115495895,0.7630609260555745,0.5235338062684889,1.6286014799878805,1.0958032737777545,-0.31777837210030524,2,-1.4179772836188453,-0.38857198649713026,5.209545691571149,-0.13858845242106,-0.6126062840546793,-0.5079223074553243,-1.0407240160412694,-2.096036983854917
0,-0.3029951878877936,-0.0983680778832351,0.17295149096075593,1.791820009940854,0.1852375862998702,-0.9294764009119256,0.6375668642293127,-0.3114881128793095,0.7584127434275533,-0.6386781504623895,-0.5613100473276803,0.9247938992160676,0.8509913951795768,-0.9661897699446594,2.0549120646481196,1.2141856088140779,-0.5104289614430157,-0.32849419500518284,2,0.1881820693414214,1.0503524316843615,1.7315137953134583,-0.04570033982247115,-0.610591835929035,-0.21152680393268536,-1.21975314077183,-0.18984925503015537
0,-0.9452333482555781,-1.6049552838859338,0.19540564703020338,1.3391631478055255,-0.15005568510889655,0.2540628115672923,1.1403498840078208,-1.430149502113422,1.378470436789156,0.5414902795451726,0.04058940485718149,-0.07878986376069447,1.0311706774164904,0.004936206366371099,0.23800762013596607,-0.2814220649460155,1.1691103242373937,-0.07849164181341173,1,-1.255079678194758,-3.845053359690469,0.1310337296237305,-0.05760974912241683,-0.2863904472801854,-0.007965605255254138,-0.03844499761983733,0.056524569315511974
0,0.9053856612377795,0.15332940580609672,-0.5615803256114877,0.9104302465113525,0.07128415585685097,-0.6256816695427159,-0.6244575452065058,0.6792896361243015,0.09319747986191704,0.27594178121333246,0.2968044694547215,0.3729108844922658,0.493350786465336,-0.8394950347137693,1.1286459682081085,0.22112018340262685,-0.25190304343248376,-0.42205700455695394,2,-0.5150092819310486,-0.3190239489957259,-0.22510420578420645,-0.13858845242106,0.5189862715841151,-0.14256725392378722,-0.2661997815731177,0.2194003150449242
0,-2.759251764095721,-2.026719816445536,0.6070638390123015,0.34342966085988563,-0.2401436126016803,-0.4002905898789373,-1.0797539579355742,1.045797471475246,-1.4921795222664485,0.7834970278933925,-0.2987841566432875,-0.09264896038881287,1.232598905245105,-0.05371460838548797,-0.11623888710719163,-0.9974611858788174,-0.6028198498080458,-0.20828073842253558,2,0.1797893787785636,-0.18198902189382224,0.14609824449597722,-0.1232191741844164,-0.26906081133138127,-1.222186047961606,0.6536858684551714,-0.6672849932907399
0,0.0693971216092979,-0.8827307306708925,1.0438505480427769,0.9007484247306946,-0.1260591433141218,-0.7165256762688725,0.8961426200566533,0.8754506638638411,0.7055444374202586,0.7209878727101896,-0.56703222798744,0.1663839998146335,-1.0443848315532365,-0.39715702674134734,-1.3586723081432621,-0.689459132437227,-0.539699231898688,-0.1033243260406839,1,-0.6105795049979182,0.5188607683185854,-0.678270885406532,-0.016311627770266866,-0.7365611695612733,-0.7167040890685551,-0.44004041677462585,-1.2522964354300394
0,0.32851778810328824,1.6875832648644273,0.37801338230606024,1.3342264904863668,-0.32397245369209726,-0.6066983672835057,-2.2546698376368983,0.28716464122222474,3.244336171644468,0.3810267906065986,-0.13181285115908545,0.5158737831518198,-0.23978235649078372,-0.5189044672203076,-1.8821636781088351,0.9654462836217805,0.33493736177734224,0.04817126398377891,2,-0.07183258100274703,-0.11261785162248461,-0.6251775504506532,0.06095722165074723,0.5886550832588384,-0.5483934492505341,1.0676757036516604,-0.9228545303712774
0,-0.42276703057484805,1.4467809329012957,-0.43881532409137225,-0.5830537563684551,-1.0599434786914763,-1.1705317074360408,0.5967238115582112,-0.3233767855456187,-1.1286212708172947,1.3914727135573428,-0.6193400648931684,1.0510198140668414,0.19466424034259922,0.8182351482504752,-0.01917776626481371,-2.188601872767637,-0.32151544904235346,-0.304087875147817,1,-0.7564440167011377,-0.6430789852280856,-0.7264301412103249,-0.043378634475219814,0.1768896517422897,-2.2297038119844133,-0.4917097486803142,2.6624372289100355
0,0.44843722822559196,-1.442714046508737,-0.2046492179946658,1.2201471778154418,0.7026351422008497,0.5267214640954039,1.8076602520705503,1.841852914051973,-0.9992936507685938,0.19945329506068266,0.7196823934962027,-0.3402479647672256,-1.0202749015308186,1.626131755833198,-0.5125898822865302,0.2820844746947684,0.4074777122720503,-0.3560589483555775,2,-0.23802719322341778,1.3285248143360662,-0.3603269038318321,-0.03438882841932299,-0.4224767384283843,-0.6008746060993886,0.6595888007060823,1.7255913520508739
0,-0.5396826774967755,1.1048638369530799,1.2377247337684272,0.40163084091937246,-0.8089172318314419,-0.8778096963066557,0.8296567025187813,0.2904101646630306,-0.1436991846271622,0.22603948904136584,-0.24215089423167088,1.642241426258582,1.1069840526553163,-0.33279791014518123,0.3913426751313658,-3.1082270927257287,0.5093317746004598,-0.3760941698986295,2,0.6077686174439378,-0.2133195894116682,0.05751303269709885,0.26618881142101863,-0.8240977982737601,-1.754996629598193,-0.7207013660399288,-0.35789234530098496
0,-2.5576051791182106,0.4257970261334385,0.2926043797606149,0.7878166578805972,-0.7754268758289153,-0.4533975588065835,-1.3349799302430476,-0.023872005441797073,-1.5128842164816367,0.22329783982214071,-0.5970397259220248,0.7256312994071712,3.1179853700167497,-0.7291513092176163,-0.577631947234349,-0.6839000218792496,0.09540410752580622,-0.35617907696655,2,-0.6313797425695147,0.33770920408207794,-0.4239088325769868,0.16916053472123582,-0.7580326548509952,-0.38382596272211617,-0.2962292365403276,-0.3455269763016665
0,2.037735217509948,-2.9528702953564827,-0.5444410565904345,0.6757966105476526,-0.5280939259914941,-0.2817115069035664,0.9009891863552906,2.1166514672321415,-0.7274648655257726,1.684474695248791,1.0724569573189124,0.3196597699484859,-1.7481817792341678,0.39100215421386175,0.30460037966584164,-0.4931796303649275,-0.4330389457881143,-0.20554060525600343,1,-0.5496693341937,-0.03429307873987164,-0.837083612328585,0.043835630556799676,-0.1751486215321162,-0.30458550520514527,2.753191004477367,-0.5707605115714072
0,1.4385449987860872,-2.3149228811851654,-1.5965899275525954,1.1796698469254023,1.5430851113540156,-0.7779598606632935,-1.589135787534825,-1.148925051993993,-1.971327751391029,-0.6166168883597283,-0.5293306708609078,0.26518644431535365,-1.3199498011341786,0.06941026554101173,2.6683249312361896,-0.8264076977939726,-0.38150930785526654,-0.13754231548288792,1,-1.87737378862638,-0.06390077269871303,1.0914721548100388,0.00010659068757445933,-0.4486291843513178,-0.16095578347370104,0.5963417172744381,0.809365079687902
0,-0.13230930704552774,-0.10410189524547686,-0.15555095076380884,1.5258330852068183,-0.658195772782492,-0.7153860156805488,-0.7595234700422611,-0.2882986956332956,-0.29747655495125064,-0.2102097778520826,0.4835671203806016,0.28003608240847067,-1.160112459574952,0.11879353883001015,-0.4161676644290636,-1.6397279208258775,0.14972880925389742,0.059854907023257076,1,-0.9951385850764563,-0.24779157395231755,1.2746885252011095,0.06644887552327303,0.07671513396268223,0.005352461634879679,1.1201153766763978,-0.04201243159824991
0,-0.2595005715023919,0.12639583769954343,0.7515250095633254,2.498021657520456,-0.4538414970357996,-0.7667028955401926,-1.4670342121276396,-1.145564871589744,0.10304975195927657,-0.21000264264882937,-0.27850185216042145,-0.48889118933455616,0.6829651083502509,-0.4934204399383214,0.24917645797741572,2.4527588547307744,-0.0921993272316285,-0.4386893167164776,1,1.0080236947877825,-0.18876008181076068,1.03706076243438,-0.13858845242106,-0.14373726839153297,0.15107440801230726,-0.7880852601977985,-0.2970780816685755
0,-1.3683014321118154,0.6168696552806648,1.9977716696260361,1.0499654154521934,-0.8232228416629315,-0.3878147503353355,0.6363220564427157,-0.5604031929586728,0.04562699287858055,1.766993870468005,-0.15531327955260354,1.1835055121640745,-0.16867257335062344,0.8177766806777252,-0.2556067181190887,-0.43631479444836474,1.1216749345938977,-0.30203786083738277,2,-1.2091394630174186,-0.9614195372471288,0.9320068592920958,-0.008742475389311902,0.4274430490750615,-0.1930641099217662,-0.14880153606662094,0.6614435162100439
0,1.5018977469349988,0.520521725895161,-1.6321164551778107,0.3791201196248205,0.10480716680124497,-0.7297342379567504,0.45161307851961996,-0.43145003367088125,-1.8984027959840768,0.06047294619112123,-0.40482122262960873,0.2752979197227587,0.06016095066718155,-0.620320540505809,-0.7786551159710388,1.6236611399042717,0.18779017079127863,-0.5321800670917229,1,-0.6722151920936122,-3.7778680936610467,-0.7838151654786427,-0.08383976284992978,1.072528523406696,0.8905171587196423,0.7156655611400429,0.22911145526419674
0,-0.24388713220608188,1.0589799805086761,-0.35464529222518376,1.1590273984015522,-0.6219683206167339,-0.38799472600260754,-0.7067474686331874,1.1327766253273703,0.9376427984837524,-0.05587669544066309,0.03292365361471439,-0.4596754953062462,0.16937727994688156,-0.2509614067548016,-0.2798971506020758,0.9609158582638319,1.6866729981139683,-0.26791663063997184,2,-0.9839266640675508,-1.9045282012412894,-0.14054693975606808,-0.10996725205057056,-0.6849685979886229,-0.495336107220859,0.09609780051440686,0.06701999353067045
0,2.0529954070980105,-1.1515203830149696,-0.9517975782242731,0.2058790494149667,3.7327804211744846,-1.055883895258579,0.8350736294189544,-0.1110149825055532,-1.5546479390710208,0.896630765094899,0.1587169917855007,-0.01807942791589459,-0.802450830861408,0.2224923748854937,-0.7506757271494202,0.10168408487509628,-0.41281281304169326,-0.12495810813990182,1,-0.8477476127934065,-0.7375403712612307,-0.7529205762537556,-0.13079817684963568,0.35099649431143837,-2.951641682301478,0.4800696686459164,-2.048496860652803
0,1.3757900431330274,-0.4260911384736257,-0.2457692571802066,-1.662838271119386,0.06646528579731621,1.5607239650522515,0.8906479223213516,-0.036435907731328876,-2.1757955379008718,0.23330655038397588,0.5335579998625983,-0.32799033251395654,-1.0149848968807522,0.856268883057346,-0.5879886462241689,0.5900777709683201,-0.6170082672422518,-0.4116904856093879,1,-0.7540682833308746,-1.235177671788593,-0.837083612328585,-0.012693741598325169,0.023656895316201465,0.9093490812275389,-0.8896229357095873,-2.0071286491812272
0,0.4233084395582668,0.12479927533078483,-0.921084166595727,0.7609028179662443,-0.39196611342709053,-0.8125833230517185,-0.21417840728937934,1.616374519676628,-0.23709617614800932,0.4726643131046163,0.5279767040633351,0.4872273341012749,0.31227947113052756,-0.012124759968017318,1.5747868986194344,-1.2289801367248834,0.4999182166971795,-0.3344905871015563,2,0.3486142706327555,-0.4934606249070532,-0.13869864620491879,0.002041883873398799,0.03903140370416619,-0.9142325695418818,0.5368550446886933,-0.854297779308909
0,0.2977674436655844,0.6032231554057892,0.1185872772579446,1.3060066673492394,-0.5520910897171549,-0.4536825975377649,0.7575541818362469,-1.4471441426944973,-1.422808756734263,1.0659621298608308,0.27336313909124893,-0.013102098343938606,1.62545588948235,0.39552324512029446,-0.34868193175105483,-0.16911524523194787,0.8640341806252391,-0.24238491151529834,2,-0.6096196367473191,0.5069410506875545,-0.36741244822786895,-0.017370475274602823,-0.5441660427442108,-1.1419924882693504,-0.2744989537786284,1.5274921671767532
0,0.7640649707557509,-0.004276369439955741,-1.0805797651702695,0.5346106069940314,-0.36857110436322227,1.7966394849727148,0.5730665777004648,0.498608229232904,-0.6046309389733507,0.6954827903540152,0.12781035205416297,0.011548737753926563,-0.03715406178385461,-0.2153553458160124,2.02383708550416,-0.23845665980439634,0.3064501248172603,0.4314036879563703,1,-0.05568889681635292,-1.6073881768198013,2.4044391741368023,0.022047635271386715,-0.6017159814701216,1.1452867578519936,-0.7684256802345717,-0.12327076167259995
0,0.7207513602267981,0.30954457061567076,0.7499121660780327,0.7915268186974271,-0.6125945951895211,-0.6798408311989007,-1.0761346481684049,0.04389102500507702,-1.134828794436078,0.5038005778093093,-0.21972741372473892,0.30199434851722406,-0.0923712492070835,0.11540013855292885,0.6158110578331581,-0.7054633632477553,0.20238687408118974,-0.20670517815526945,2,0.051983969792095644,-0.25740437074336114,4.344456213343012,0.08848113202455858,-0.643844432171838,-0.05145600615596951,-0.8640781771032225,2.0639311414760364
0,-1.4095777923005761,0.5803791713745383,0.6994653479243618,-0.8248422040712485,-0.9414128098371004,-0.8364180434629985,0.31463675212928155,1.6682379193470305,0.9049921109579901,-0.011415205405320122,-0.6509670892920905,-0.4297785140998853,0.683515238301005,-0.37891395435512154,0.04685197262900137,-0.4400956874327165,-0.38404871825643105,-0.3560030172658712,2,-0.8489173054958263,-3.337967295374825,1.4034979704532151,0.21208016949716174,-0.3058666377588553,-0.9924272804014883,-0.1813547755646509,0.2239702610592267
0,-1.3689057807535003,1.6623123494922143,-0.4353943586098944,1.2681485781416106,-0.547250385793951,-0.5149650649145034,0.7997078689333535,1.2967054254488273,-0.522403661873782,-0.34756520573662164,-0.24178511096865443,0.06917092433453594,1.8037192965247133,-0.8949281552857318,0.20365864751047613,0.2698679284442774,0.15604462768399302,-0.4353599326991858,2,-0.8378667785674894,-0.2755332659921784,1.3997353879514662,-0.06938971358802626,-0.3319533148929507,0.45970098230214407,-0.1931768405531441,-0.7160337158729315
0,-1.4381851133021955,-0.5338283205009051,-0.177044921479466,0.2099753371849286,-0.37201678434502977,-0.8133410130095198,-0.22027079857254372,1.3361901023380258,2.1560340777025835,-0.19699579931586483,0.09659225860612564,0.0011996485575718483,-0.32051463440778794,-0.8739992527057729,2.6749127480024715,-1.264396210936698,-0.0577123600924129,-0.11422329672901427,2,0.9123504966574356,-1.1609868167245048,-0.3473147948424896,0.17660881853052135,-0.8541699016081739,-0.32694795132207277,-0.32437766297375414,-0.07778988466704623
0,0.664881176931784,1.138647452764506,0.9750784820215879,0.8798259272219677,-0.5054786597442187,-0.6918421835073878,0.8320685770454204,2.806087733465331,-1.599760524762889,-0.02693547076611752,-0.019735544048576747,0.25128678540305033,-0.621810874406342,-0.10060056326646422,0.3909641835291143,-0.36341391222988234,-0.5734940453795847,-0.15001681045836884,1,1.051806936410328,0.2196248740564004,-0.3946131517734715,0.003281998754405109,0.7471724432732525,0.25515657149751736,0.6056970891907735,0.28816198498133855
0,0.6675402810083869,1.126205955134794,0.755712885422385,2.4265183619837396,-0.6944226187832343,-0.8766229741652557,1.170173469607324,1.2645277885658075,0.4356521667382618,-1.0230558115995023,0.10035377686593211,0.2628177809681661,0.7228806792947109,-0.3778498165039391,1.5386698833427486,0.7617788548182652,-0.3150378013175568,-0.16611052727238873,2,0.058079909775431426,-1.3422747294502735,0.8886094128349638,-0.041529482000695325,0.7712144220958921,0.5651155097754689,-0.6385396879589683,-0.871141143258429
0,-1.1348419018156142,-0.7692720224698345,-1.0065552654584422,-0.4501493085374195,0.2563187997760409,-0.3949257002046568,0.6551261997508335,-0.9166521699676919,0.06527757384700966,-0.4378784300758456,-0.5175488435282591,0.4231189974932311,-0.5708741366343731,-0.42491635913516707,0.23989954559093896,-0.8139391231621403,-0.3505184886438649,-0.40700286122307766,2,-0.40977562684126967,-0.4718402010644823,0.24188882106737192,-0.10072882622216484,-0.4764160238215459,-1.218645833794476,-1.158528997994344,-0.9243186342548069
0,0.5945688535554181,-1.0803452898079011,0.8828624937188178,-0.5813180897204734,-0.37522862627425346,-1.0090141088571825,-0.6480720605264384,-1.3655995488790122,-0.30269933825751266,0.1468015408301445,-0.21032042115386407,0.031756091193121505,1.6513910456313434,-0.7455047298742004,2.751936952785231,0.63433758508172,-0.47937031802178925,-0.27590971863280694,2,-0.29797918837664383,-0.8505690362963604,0.7483789394131201,-0.020866635138645895,-0.8998767248451393,-0.24368174725984665,-1.1355057164618376,1.482529416076823
0,-0.20454102820608466,0.08359230677375407,0.505579885902356,1.5082433705179716,-0.3698312130832746,0.768452186783187,-0.31761373599125386,0.8759036676944364,-0.4367504560899507,0.10975895372474789,0.6859466671917593,0.10465325184808894,0.08908970030134067,0.7616205104761303,0.4295449278573531,0.9107843683564183,-0.1831850958919897,-0.5059518221205221,2,-0.9445037288797902,0.08289718270545648,1.836042713330984,-0.03681361877884408,-0.10247413216953274,-1.1728314944831277,-0.6764210157145676,0.6074001946894573
0,0.319907816949063,-0.445770006611324,-0.5520001683871795,-0.14548040826564623,0.37131750075919934,-0.840791135519261,0.3917487555612638,-0.23922217617889588,-1.1802305084239628,0.9068879990574225,1.1107312067745108,0.2888036654893927,-1.446918485637051,0.12359161828689852,1.5222336651380002,0.07429663590778957,-0.26498668129280845,-0.49997048508977304,1,-1.1225820585136361,-0.7949844076900517,-0.6546114542480914,0.06184149411169092,-0.09500911484390934,0.8501235293770705,0.36518453746194424,-0.7909609526645716
0,-2.021042217024614,0.8320446025127416,0.9704595376212053,1.0111639766698688,-0.3507651250153809,-0.9652300634806615,-2.0995275035599863,-2.1709058385595426,1.6168331594282397,-0.05052283051853784,0.3667488406608609,0.7490660049162798,0.4157519583504263,-0.7310270925190969,-0.9119158314101915,-0.6396665081486027,-0.4424172589184924,-0.2768453827625325,2,0.28369065889176187,-0.6356946954394058,-0.03400638403919104,-0.13858845242106,-0.11204440254020742,0.15342256519946362,-1.0971948666479598,-0.6303780743109579
0,0.6929490103687668,-0.13186504958850498,0.31805821331806783,0.9709465954070469,-0.2942906771445849,-1.0534693494802596,0.8543047496882386,1.2869790431628914,0.18097109480458817,0.19179526246150247,0.04918267972259126,0.8368814328559055,0.46324243155421496,-0.35630471180211104,2.02253933736515,0.7964016885055043,-0.65175997996054,-0.1910305982054339,2,-0.7198667086231425,-0.3332697626538443,0.26194025308540103,-0.06418339281313151,-0.039473360712096006,-0.1730663522149632,0.5559931291333791,0.7391974053538963
0,-1.7174080948921238,-0.05224636914983727,1.1214842084387242,0.5492612603203877,-0.637270869844112,-0.8539093994715332,-1.3233073327505824,1.6331283240501715,1.1865836229859448,-0.8097770468237809,0.07343640787811673,0.020176936417705515,-1.0813293457514475,-0.647359511206632,-0.035539871230638176,0.11517054877733235,0.7328364161809164,0.1215388933935519,2,0.7330663918176661,1.6407827756971347,3.048577903457025,0.0927672172063201,-0.5392984448637831,0.0297169834946871,-0.2670518896240595,0.7026341621902891
0,0.6435411044813519,1.0794867749053467,-0.22960179925263946,2.241327249130279,-0.5434683923682398,-0.43080005830178336,0.8178998655756466,0.21672507217791653,-0.22590823349621875,0.20079999215001929,-0.07636483657539392,-1.0333419864489646,0.03498705739895347,-1.3344297021115812,0.8349252904380657,0.4109380011342405,0.8332438036119914,-0.3455001774499188,1,-0.2567571522586277,-1.515816995410038,-0.8079439880623219,-0.004324502443194114,-0.20351881672477645,-0.1319383672123846,0.5641379253295309,1.7072206990923475
0,0.19952507882047613,0.09558822825445357,-0.15511843571180958,-0.285091238598238,0.5607124278742264,-0.40589751735844676,-0.5145985888189496,0.35462568145141615,0.425303615044785,0.03391478646318913,0.19287214006161058,0.4338010337867593,-0.9893833381045389,0.5994325350437799,0.23486351497665148,-1.8097407568504456,-0.020647001292060596,-0.09835020098884859,2,-0.24737244408837825,-2.3577351054327886,8.081646571367711,-0.10707730548517902,-0.2653342393791187,-0.9698066313649001,0.1600544726939113,0.5378260387751451
0,0.8807132534214922,0.12017963208666149,-1.0692692303562543,-0.8260649466055701,1.057588907461969,-0.4318907188738457,-1.4383072703451911,-0.23876162944059262,-0.8953614415090454,-0.3983489098512273,1.274430397504991,0.03480693377349925,-1.0383020657580764,-0.28807899038994245,-1.3158285109765018,-0.21623554665610067,-0.610063412973596,-0.19672469436553222,1,-0.4425894096658769,-0.179028526830308,0.010670096167583076,0.09809169925397171,0.18440880091685707,1.3509825306507408,0.07224547981557494,2.42775678525342
0,1.8707987520071185,1.3017864325155262,0.02520914740912117,0.24986166309706803,-0.8095795681386415,-0.9009891813464278,0.8825117669569562,1.0201689530394669,-0.11129184334094483,-0.41587032048780437,-0.6210891090538048,0.5456719751354105,-0.6171696962155203,-0.8011696433609016,0.47347897585515186,-1.0225378285657158,-0.3259285940387524,-0.5165068996308777,1,-0.20408092150471868,-0.3669960974044719,-0.837083612328585,-0.048178553893879476,0.03848163014065026,0.5155324393924308,2.5760753011302233,0.9920692083548559
0,0.41234140752830667,0.6540336319264513,1.2734613438227727,1.260765283155556,-0.22405624638121313,-0.456448212742564,0.7140573961194205,1.4587522979227328,0.42305813248579904,-1.1160618552402362,-0.303970156138143,-0.8886462177386376,1.3495403840728533,-0.7033244811380888,0.050822954373888674,-0.3711090430309677,1.1831628403131211,-0.5014417865898038,2,-0.7274621495403331,-0.5767717716002386,-0.5388766920216898,-0.019030889325932825,0.17888000314478186,-2.18402726226166,-0.5195739665584427,-0.6552224443657746
0,0.7312278913681644,-0.37636619313586667,-1.9870829482721875,1.3618149840701252,0.8987497823704905,0.030203656671074497,-1.7943501717102475,0.9635000924267686,-2.3242479885055536,0.5028505140775394,0.13455855910474523,-0.13352399799576176,1.6600570450432741,0.03839918962735578,-0.5222826589167382,0.7681587748724696,0.9749564083115396,-0.38331014399351293,2,0.41801844799826793,-3.553685069154328,-0.28656994138695707,-0.07132906662997895,-0.34982136047507517,-2.032554879782282,-1.21975314077183,0.026680194483819974
0,0.549128795393661,0.8132865428698951,1.296176702575798,0.171491430569119,-0.5464105152996411,-0.43901776802172093,0.03442964995834086,0.8641018787933783,-0.2728754447973572,-0.20615963366774398,-0.4412270689146729,0.5237801701236355,1.8210352476962388,-0.505889701900783,1.1841674851773816,-3.2517379818088203,0.023208160992709725,-0.2002789541053484,2,0.7588669827840906,-0.7985665279914661,0.8942297049478312,-0.11811067373538187,-0.16266952612948132,-0.307014038839972,-0.051739201178961663,0.2604342060377722
0,0.5086147674321049,0.36219806491046846,0.13633185927360486,0.6223690188287877,-0.09751881142844282,0.003193074602644952,1.0507011033227989,-0.22521722797634797,0.4119362086183489,-0.4701866852334794,-0.39476532475525805,0.6410706003597066,0.06782114699234032,-0.39150627665701276,0.604650313762615,-0.9598686843801328,1.219318883631344,-0.1753897091363469,1,-0.7536967825550462,-1.014901410229468,0.3673685672991373,-0.057544935136886285,0.18001566186276413,-0.11085529414983793,0.5029178234505278,0.7403195420064852
0,0.04753557470291303,-0.2524913282191384,-2.7146931378483914,0.6150911051443871,0.11010937878893334,-0.3561513357025605,-2.0082146702386114,-2.508946478528313,-0.18969831107607638,0.25276275895986744,0.0983851819176278,0.02503627879104592,0.12996339424880998,0.24292513356677597,3.0425652398640395,-0.829698682888345,-0.20412157274353168,-0.2958511294319502,2,0.39579060156084855,-0.7583186153055411,0.017194462304680136,-0.0465020681029282,-0.640785254048639,-0.4318737570659591,-1.21975314077183,0.6492050846046126
0,-0.7775417826928256,1.2589383046068818,0.7614483695616413,2.428647098960089,-1.1371298873201248,-1.0828117045889027,0.7897978490733916,-1.0927124292592663,0.7619843692872885,-1.1827092640904997,-0.4468950013122719,0.3375702170033204,-0.8048242250129267,-0.5657702478516837,-0.9895612691511864,0.2582356328671733,0.7803852088928608,-0.10553415278084455,1,0.4160773960978055,0.20860719383295445,-0.008772651838430253,-0.13858845242106,-0.1603114172980448,-0.023987270508372904,-0.8274753081951968,0.6478809836704595
0,0.8827244043921436,0.4610015654610765,0.3535438832644564,-0.05447898178654609,-0.6586778982690855,-1.3866745689555966,-1.1826937389983534,0.649758674487545,-0.41890037402295127,-0.426915555036156,-0.5324524086230615,0.26277630155835735,0.14583282383837168,-1.1196330975607465,-0.3139853112624297,-0.17368771848121928,-0.6369876703286664,-0.6005805875722035,2,-0.05294629803964146,-1.398368287233919,-0.837083612328585,-0.06189624453521575,-0.1932525279218179,0.4166428573186287,0.170912589112778,-0.213336180535318
0,-1.439984826999291,-1.5404012756763181,1.0610802728976059,1.5060525542486165,-0.35560199386587843,0.3835780380387497,-1.6351615513146247,0.8185608613098028,0.7554965563753182,-0.6480343228689364,-0.4213680745609658,0.92938762108677,1.7251055790501582,-0.26399299040681934,0.11372399141915934,0.9995908280782893,0.8335216205021255,-0.1691733346131712,2,-0.7127313266470301,-0.5088211080630678,0.7538206844676733,0.040124601758583,-0.9101287610225851,-0.5310523204917799,-0.41875948344946523,-0.07147893762307639
0,0.457499886302089,-0.2825287497651552,-2.123581458138255,-0.04369427147377425,-0.5439133679464078,1.1937001104095555,0.884036431514317,0.9661701066965758,0.4716458334432153,0.7729339521958718,-0.7312231765023504,-0.31193246633048505,0.06396732485034382,-0.6114852093810352,-0.42387297794094175,0.0440257027904187,-0.5389111400466962,0.34067130013419356,1,-0.834980179909839,-0.3461862419153692,0.4449579269962945,-0.07125139055770266,-0.03583418146846837,0.1427747012952456,0.009278972805426333,-0.6601069513615527
0,-1.041202245184643,-1.2251873663197002,-1.7962588581453462,0.8152429153293452,-0.052725162364570366,0.28273286866430525,-1.1662663504585082,1.4118748849847211,-0.29124861972003363,0.12302843656300522,-0.08135076860037485,0.6272591322314301,1.0630594627277903,-0.34425170904646857,0.25854695170315456,-0.7092451376620568,0.4017505721632459,-0.18492436781115063,2,-0.4152218458650352,-0.7239669445150414,-0.4298499400457519,0.07369515983605349,-0.9638762192495006,-1.8636144317609724,-0.5551675422012333,-0.4685602592991105
0,-0.8311453834052718,1.0004462974857296,0.2299257487831967,1.871139706427769,3.53971624623713,-0.35543450722685804,0.6623554048784239,-0.0794275541211833,-1.169204171856408,-0.6781148250596003,0.07312254497750159,0.02760238717697769,0.9896553960747873,1.0624841391330277,0.9232203787165025,-0.9396237724659804,0.268052107932034,-0.4886980614042878,2,-0.8809110845502814,-0.8893176549642846,-0.837083612328585,-0.05369434231031265,0.3608392349215151,-0.5975648612647941,-0.6933473470282693,-0.7545372378952644
0,0.6807155966691998,-0.8712135757234881,0.5699016994871222,1.343161483999009,-0.049998458933763035,-0.2130990963492354,0.7989579283232792,-1.152609666085561,0.16961486212678845,0.07467781352190139,-0.3478272494207262,0.9116183684220363,-1.113315175741,-0.3710957481055095,-0.9425180611986836,-1.4814766993520798,-0.2892096396289262,-0.09694355836931393,2,-1.017645988172784,-0.5857783205591423,0.11289351330896619,-0.13858845242106,0.20902583765798055,-0.06080304955568161,-0.7738344270885256,1.123325978413366
0,1.523476213674945,-0.08678006331750228,-0.11356995373245357,1.4845805961387768,-0.33377753724234166,-0.6358910178610877,-0.7443777059061379,1.535148511231238,-1.2446061710228284,-0.11315978305293012,-0.817297832122549,0.24303709451699773,0.3365939260938136,-0.513824865843899,4.53622087412953,0.9354279838319521,-0.35092886452996974,-0.4146855154074015,2,-0.6012543707873437,-1.8476758605269423,-0.24456390042282228,0.06458347184932074,-0.4504443841637465,-0.21537368638027415,-0.44708793346419096,0.421831838707741
1,0.42550387521961663,-1.872585344119163,-2.2848582110672147,-3.2982908973635015,0.38756453534620905,1.7300759007634978,0.517992574798826,-0.13383560108426618,-0.563179341060152,0.5008522389467381,1.115866924086127,0.3279276190242909,3.6688067923474867,-0.313343974134522,-0.44790501196296006,-0.24810793794643038,-0.2749864103056905,1.688399929954642,2,0.17210454046692536,-1.3696573786140283,-0.7419684707524269,0.05042132318229792,0.11218412283295631,0.28574568810509793,-0.9710672279025628,-2.31159320995854
0,-0.4717511714857625,0.2589138698394735,0.9738475235507126,0.9405689290023125,-0.8298644185504006,-0.8628051384709818,0.7058400226467374,1.130192430782903,-0.349017865766438,0.33579847614384584,-0.6162721529752936,0.27973681373080606,-0.6108948548916885,-1.1469572458743535,3.267913590524487,-0.6509283136903855,-0.4640985496201727,-0.3127614127208435,1,-0.668879825945336,0.4290025154926498,-0.3307242734518092,-0.09059770893271576,0.4883863535357675,0.31978376689286814,-0.3697246024982599,-0.47185503354415914
0,0.8205756078623152,-1.5963105120733818,-2.1699693214539972,0.21936485340214384,0.8724796940323242,-0.5922814425276759,0.7222824664449624,-0.10047536270690649,-1.3570856326626537,0.7863350380176225,-0.4792638453916771,0.42075213126579647,-0.9420089740292994,-0.49837129208752606,2.7205828846982243,-1.4191468141336672,-0.46608070349928665,0.07405923481016302,1,-0.7942390068647451,-1.216201190209343,-0.7346793356794536,-0.06181317086891382,-0.30673931428715157,-0.1809160766886427,-0.39941634842762497,0.47831445865673644
0,1.0288041447281064,0.6689284704104523,-0.5404336813632291,2.2269735145688587,-0.30059997909640845,0.08371277266261373,0.9252661182585565,-0.5527134234672924,-0.4458744156543427,0.3491067142119052,-0.3790977634197836,0.01149607263761171,-0.21073556409831729,-0.3650466160343335,0.9206488083820351,-0.5635859842734082,-0.65175997996054,0.19030145296272302,1,-0.4999651735007607,-0.9763001451733406,-0.7324354000594409,0.020909545345581967,0.9414748447665312,-0.8962910414555683,0.3854829170782488,0.7732597044745293
0,1.999777726890093,-1.1101089763053258,-0.4529637845049046,-1.8415920353795703,-0.5867610586049681,-0.8716249850014162,0.4886154032836397,2.665058671557933,-0.8223770926077896,0.9670510256238745,-0.584937956544973,0.3339675856443778,-0.680219828444486,0.21999281476784205,0.6330323358130028,0.1201949741179219,-0.04199524992115196,0.5655857877018222,1,-1.2241583267105955,-0.16824252412529928,0.3643727997214376,-0.00829361874749588,0.0533609447505744,-0.26174009626796524,1.4385570551108031,-0.780876728886391
0,1.4526766915723466,0.21432848269275837,-0.6581809769179168,0.6774844599392957,-0.7980050492180732,-0.14488780638015492,0.8000055951924469,1.6051384916547198,-1.3074818565409667,-0.3750443944528819,-0.3071202364138182,0.8003140303866156,2.7665984549736446,0.029863894006546376,0.1567204345236215,0.06766737112994674,0.012748386197234535,-0.4047988722566737,1,-0.5734919907200897,0.2888919544584454,-0.73189253897162,0.04901334165716381,-0.43882420737734895,0.7807850528831138,1.4177406038899916,0.0175289584219413
0,0.5394017426560264,1.339121021700962,-0.037296178423561754,-0.4382685903939073,-0.28351309646495665,-0.7854798472152972,0.5403618652300426,-0.9423121340607075,-2.3077873288449533,-0.03342004597053727,-0.6146235607743903,0.3648358263344746,-0.2918848454738625,-0.3017363335631597,2.2911266839826085,0.07389569171322602,-0.3641835599901315,-0.26630144080521995,1,-0.41794687732936686,0.6009841242650515,0.006638378866210104,-0.027202669910580252,0.854062212391192,0.3071007097397363,0.07698361931662301,-0.9460678377498237
0,-0.08564451784633678,-1.2388947649307762,-0.8915865187584504,-0.9313399909173343,0.032754092145163505,-0.011528861231772325,0.5554287941385037,0.9271020180987414,0.032519942761063736,0.3844565883473824,0.35789857109013345,0.12879567578734846,0.9888146512979888,0.6635111693665493,-1.1057597001866615,0.8263593379471853,-0.44860777665575,-0.05073440383956515,2,1.570399579688099,-0.5031096572237749,-0.64436556632375,-0.13541507063128255,-0.03054129042389886,0.018313202680743768,0.6119481531684338,0.9677488685402466
0,0.4446006516353247,0.8328556136327412,0.5456413642404592,-0.44423267750409123,-0.10597540704318692,-0.14191539124711228,0.6007281675863002,-0.3767697567621809,-1.0511548968969395,-0.3041165377968298,-0.3340385343102322,0.3333533223723647,0.09526949661683706,-0.3575475555642459,0.6425757021327856,0.816242141140039,0.315203979394965,-0.5619229397054022,2,0.12745638306990792,-0.008100321345861139,-0.707733628683457,0.11156705610299597,-0.8211631546403289,1.3844236448660672,-0.014798872997926149,-0.8153208709427422
0,1.7978306718933554,0.15233514202100767,-0.723336410679116,-1.6301337479228877,0.6753733183815828,-0.5638896050149482,0.5971618444798414,0.5467187562523677,-0.3735593071865793,0.5824007115168676,-0.12528978328168255,-0.2031731472217186,-0.387735969205132,-0.24406915474381016,2.2237622146893314,-0.9796946412742779,-0.3287846480214953,-0.2100259449348741,1,-1.2682397372863723,-0.24423375400817832,0.3864268342900612,-0.11763868569903314,0.3790163181199202,0.04856867484335414,1.2910950992909265,0.4499063797328263
0,1.8833895367761326,-2.0433804185765245,-0.924654305329746,-2.0530580347270955,0.13071356270398493,1.6684040554888782,0.6964763294583077,-1.888094048540975,0.08944372762152775,1.5365430411530079,1.054518041994649,0.08124748968632989,-0.6914389957143731,0.7105631567226522,-1.1931538687246672,-0.05439947363292211,-0.2849635806324557,1.2320173298365733,1,-1.4842864456494738,0.4559636027249504,0.31228086100563557,-0.018499209001422004,0.7087742034268895,0.5145840227748546,1.5543133568210674,-2.31159320995854
0,1.8013556960469224,-0.38189814224433105,-1.6138434054421136,0.7817962935171399,0.5376968194449565,-0.36062040927435435,-1.3699009216938696,1.6636589877263612,-0.04973579045030985,-0.15453230610682472,0.5478023555069066,1.3791679894290105,-0.5115802542514767,-0.5626937565868115,0.631719552610029,-1.0685393241079542,1.0093471204054505,-0.3121039530306266,2,0.643262521043474,-0.34728684668353305,0.33963155102652676,-0.11052263335251641,0.7047689071758984,0.10812818311911476,0.17546993759328464,-1.445253526022634
0,-1.4865176982896893,-0.6105039727050929,1.3115906703177256,1.2501820656265579,-0.0687175851098632,2.1343703680897153,-0.5179239130175896,1.1863075112204613,1.1255622174721676,-0.3384764475441353,0.44609138897685385,-0.26893649461348584,-0.5261626303749062,-0.18201040237336913,-0.7933661338821907,0.5432424655421049,-0.17839835147076877,0.08250442577603107,2,0.2579559114249966,-0.6481933703121648,0.7160088464974814,-0.08729346358593112,-0.5883913097971385,0.16224626277140372,-1.186218213914018,1.0879010542403373
0,0.9588438366378125,-0.022169751710339677,0.21420291301097144,-2.1613828048641737,-0.5804515862418799,-0.6070675545858413,0.7289102546546423,1.2821041653796401,-0.36114277065975703,0.3515028246062841,-0.14339155426449424,0.46669082181718624,0.39307239688688816,-0.5817650008313197,-0.6243223376068874,0.7287987454470473,-0.5741541081213739,-0.1805011253142978,1,0.7986054996704955,-0.35506959593391496,-0.5162026141979944,-0.04674370099183544,0.8351937861584768,-0.5413019809874786,1.0257844580916478,-0.04715333294312429
0,-0.06431704360285057,0.38740876958092446,1.4565131817936499,1.8995978235161177,-0.1822309180250888,-1.1688219728711298,-1.5751324069236916,-0.14974454460479747,-0.014509246442785784,-0.5924109633613328,-1.0368133299047726,0.10554122582869471,-0.7544405325623817,-0.2804092500192639,1.3350502965508306,0.2127637110615771,-0.11207095236632461,-0.30164204808313866,2,-1.0758631080492487,-0.2626206906461603,-0.8176639867516248,-0.13858845242106,0.31347438461845756,-1.0210204081169034,-1.0122889963634596,0.30572205091838667
0,-0.589246191273991,-0.26654988690915715,-0.5744361110648274,0.21358286573756258,0.0799647925561357,-0.47910992127780605,2.68644447761943,0.639673769912036,0.07092087712119044,-0.38617417470805815,0.0739133916422568,-0.09393780251359228,-0.9338218435932168,-0.2486616534959013,-1.6843549525560957,-2.9860589014372056,-0.20842023650760702,0.17079966723810278,2,0.08143040333949304,-0.11929051651495948,1.3414984733318949,-0.05828109592109828,-0.30200718928324555,0.702852341720252,0.2597260371164226,0.6548902456896355
0,-0.4160116790793633,-0.11139031443673408,0.16108420427913211,0.5144675368933588,-0.4745871844007757,1.1243378763576928,0.8019293279048749,1.0596165338989303,-0.6446645460465408,0.0018656195132739084,-0.7301547994364024,-0.11856990068781942,-1.0653208399890661,-0.6546008167688792,0.22558301249207413,0.3230419418795722,1.084286333636793,0.8862539996776757,1,-1.0627442023697786,-0.20112978044538035,0.5675260113100192,-0.06398264173703759,0.6376874021420432,-0.02110534618402149,1.1129516779027162,-0.7998711864956715
0,-0.9627217602559865,-0.5515289413576643,0.2950348379884816,2.2115869866690407,-0.13295947304810296,-0.19738722662490646,-0.6408821006507865,0.38142074767552053,0.8298247891943664,-0.6647420308742237,-0.07534690828946583,-0.057226322388856665,-1.1472225010095485,0.3823237643701721,-0.04882179467216735,3.019367748636343,0.11124716126422199,-0.2881358215278533,1,1.3582079543768821,-0.9001505621910131,-0.44030529860146883,-0.02002314071395052,-0.11369775980154234,-0.14037502060654353,-0.5919532699189619,0.481757444321925
0,0.24852298446081425,0.8637035694111239,0.832092815297381,1.3161873108377422,-0.5505029518084139,1.4007385072945289,0.7879567583429472,1.6836340482233165,0.014109469489288706,0.8895459188742036,-0.095940785998337,0.5777810990434908,-0.32963012110952783,-0.6764974132467652,-0.7160152689625783,-0.44412913942331667,-0.13198477699893696,-0.49068108748573924,1,0.6071872596266015,0.36511309872850567,0.8988987678460691,-0.012611914685709408,-0.5014301689379208,-1.6869938941468337,0.4789789502308516,0.64368884986341
0,1.9976121805730715,-1.2748682835299245,1.3100868845061184,2.7738368571887966,-0.31396819081230554,0.05830949404972896,0.7811847577366908,-0.23340374277669618,-2.0595451099250184,-0.6330268993885042,-0.4760687810490449,1.094032875095236,-0.7486980677297091,-0.0019497337066116116,0.14555797222638622,0.11879559892040092,-0.4269234613282622,-0.34206666368594696,1,-0.5590775030463779,0.497712469873744,-0.837083612328585,-0.13858845242106,0.2745439593233243,0.34574672356495006,0.4992996026687505,0.43354287300799266
0,-0.9897601968522174,-3.0576072755257284,-0.0590213259846443,1.7377020283748608,0.03665607621554371,-0.8422634501043664,-1.47070311444004,-0.8302818672670047,-0.6551353208939668,-0.022336145041976174,0.012653502712722642,0.286684964096946,0.6217083797927436,-0.5141351687065051,-0.9547494690528594,-0.4811830232143939,0.8057686887401675,-0.21470891439372813,2,-0.20775232911042113,0.2911597236746004,0.9925670527276862,-0.024970480845125865,-0.7378842370703957,-0.16022756402541427,-0.7374753282769283,-0.20111535022361077
0,0.9866042595525572,-0.453881470714676,-0.8245004036779727,1.4423421532134852,0.3305760945465735,0.005235488022917512,0.8705126466633222,-0.0803677927570105,-1.3188362939370344,-0.30742671871571703,-0.47293572253125504,-0.25343365972584475,-0.2954940791000012,-0.36212739303157937,4.217070452485679,-0.3751454691211741,-0.19935353672982914,-0.3553147896145997,2,-0.7822981330115553,-0.2015637747818123,-0.837083612328585,0.01464382964262291,-0.13369153948333895,1.67774460361353,-0.3700303051545793,-1.905697848346462
0,-1.4764485766077957,-0.18976111829487174,-1.5742137163531014,-0.5301063174478808,1.3776070369019,-0.7750002018453794,0.4033856564930989,-1.2361657029169448,-1.5953548678510288,1.4399249614889806,-0.3234670748816146,1.1896761876016888,-0.760870063162977,-0.40872843855949814,-0.18392193996184503,-1.1930028554864531,-0.4958196477238431,-0.4194932504146266,2,-0.41624872326378515,0.7756106130661727,0.13519824661393015,0.01357721202813196,0.6629873144256009,0.08279366180846626,-0.9286435769927579,0.10915891525597188
0,0.34027368578096373,-1.0581239029706524,-0.12703727836037076,1.2681853392059252,-0.7051589846770374,-0.6942820714541024,0.8210002442602696,0.3554822218970748,0.9182718712569944,-1.065697202108804,-0.8528487109334227,-0.6118352589368496,0.7024894411298005,-0.9306701061123519,0.016966093945063654,-0.3620985007747195,-0.27923916846055913,-0.4834453962875049,2,0.010900614140284398,-1.0196319071285587,-0.4636404481118366,-0.12361449636211419,-1.09095311408826,-3.071209199553132,-1.21975314077183,-0.14777153226189765
0,-0.11033250790304244,-0.18580030803861636,-1.8811465280630117,1.3502115176850231,-0.3369045657604196,-0.5770236330876335,-0.35430295554751867,-0.6142048599074454,-0.22139011858598778,0.037472646383958086,-0.5059488230506377,-0.06259609269995364,0.49771580823352346,-0.09103509245467159,0.4972661321208669,-1.2989380048841825,0.3246439289857845,-0.23088375737340597,1,-0.659097141926157,-1.441029409170994,-0.7112719328766232,-0.09511886815028595,-0.695441422532176,-0.9045033288713422,0.015797061957610437,0.8856296638324652
0,-1.6921145963513453,-0.8347720156916613,-0.8284774760520739,2.1003544870685453,-0.43983928001093864,-0.75394834355368,0.8356415566512014,-1.002237665023898,-1.704486660938569,0.45081191693551215,-0.5546787200938851,0.514805524360544,-1.3820529341279943,1.3355607449627396,0.02574510223324611,-0.6056056897527885,-0.14495808309318758,-0.13093985578030493,1,-0.3301774050773967,-0.08219594173244427,0.8877389240123172,0.072427875850607,0.1244850036034506,0.9858763538117046,1.0565809970863715,-0.18452415120824295
0,0.13856777819949892,-0.3981925538817232,-0.16590321991871362,0.8523691246887534,3.3545924179370643,0.8152797010283104,0.44809550962052075,-0.15148790779157284,-0.5425919909627087,-0.18293067519347975,0.3238124644872453,-0.3185485656054363,1.203824569241517,0.45457233751481096,0.4693007683188116,1.0263001382615269,0.08243424881420044,-0.3604853840876901,2,-0.5101850560301134,-0.15275159289297502,0.6167747372170433,-0.11864306920287004,-0.11672062566482291,0.33820182705435564,0.837364305283318,0.14760323767201433
0,-1.2385916178523892,1.6649652886915873,0.3178472083131605,0.139873353701361,-0.5305932020813956,1.294753131417436,0.8988021868905258,-0.1709898654113109,1.308473081956016,-0.2564849645820666,-0.7244337939540325,0.007434067778181619,-0.20524547324633008,-0.860833346265125,-0.36322286675287596,-0.725798323533235,0.7810120199039787,-0.3212457578509958,2,-0.2426621716962115,-1.5625246265116048,0.11441812375970267,-0.04983194072487998,0.021054812530487327,-1.7338384363801276,1.260093419440532,-0.1466154010352712
1,-4.432125695020513,-0.9525366959032753,-3.4136356521270113,0.9060343635456027,2.180466531220911,1.897629529935692,0.776360175518928,2.2558027671198237,-0.9153432551613883,2.015964040946865,1.7745234008341166,0.15548546638514993,0.9139664016634171,1.1085648214251698,1.2990776118168226,0.39119308530372454,0.6888798706123975,-0.07396299650548235,2,0.5491487342915724,-0.3105954020243509,-0.837083612328585,-0.03989007368342235,-0.42865609698563023,-2.688354689092348,-0.5725655144646679,-1.3233796819104529
0,1.9509377559673378,0.3160206980640482,-0.05902280298712248,1.4335450721759364,0.06416634261588,1.7799316249377322,0.7003539430943331,-0.3813556993610743,-0.09136491388688955,0.13532312788454826,-0.6149013161993543,0.6982761916992295,-1.6022388660360343,-0.32864049929098305,-1.5142177565403885,-2.057589339698554,-0.5519868536765274,0.4602585951606667,1,-0.9056129595174238,-0.32490855544509123,-0.6135815418807943,-0.09342494442056298,0.3413398833108354,1.0648026589945343,0.7221237333926569,-0.5270815705928101
0,-0.4012950782503972,-0.3346073149545377,0.900823541696975,1.0003904505919705,-0.4203008189844994,-0.7097747808370691,-0.5364657578804541,0.7323046214165743,-0.33174313814166445,-0.8045987791254814,-0.1804339492084197,0.40450732855134575,-1.0420419272440542,0.02951568336650401,-1.2441374264305605,1.9827108278813594,0.008868568946090977,-0.25322307693263674,1,0.047362743774247526,-0.2506966799057602,-0.10224814210720612,-0.028211613241985088,0.059526869068818905,-1.2297158630580527,-0.8279374095832777,1.001033764517084
0,-0.7342784919957466,0.14397963559214033,0.20267480028763757,2.5562877255260457,1.6781435085710608,0.028322873955808126,0.7342920982767646,-0.41756547038289865,0.6749434825664631,-0.27437846901356955,-0.10315654799259108,-0.15586467858326397,-1.344500719532907,1.1929408201442424,-0.43059227246615944,0.29176893882501365,-0.4606096531064906,0.5502758707910526,1,-0.1921540215478088,-1.0540989927916526,0.0005527420714502851,0.01804246353414312,0.6679662057652944,0.14659277220823774,0.8981345338716743,-0.4957061041156197
0,1.3362630837697713,1.5412084030634925,-0.38033951497994906,0.6801978112436391,-0.48075672342132014,-0.6417961391576188,0.651159287633502,-0.11308462976296074,-0.7904200210980163,-0.903546255552647,-0.21739329972362653,0.5637028853273417,-1.3448889618190825,0.29590591800123456,1.5167393611709938,-0.5799220180324323,-0.43973620053200546,0.8279897200270177,1,-0.48822802555844425,-0.7595903570822898,-0.5466051415434559,-0.06649653859510092,0.6363395970475739,0.10567303638106662,0.5251095291954355,1.7767651782543439
0,0.453379664062091,-3.649619027198189,-0.22167755943565165,0.3194534777473209,-0.5298094114722125,1.8580777273758566,1.142544888904883,-0.9081244184658975,-1.4407553628264476,-0.3174823928689457,0.17799591512314394,0.2930185260664113,-0.05487526675648678,0.11040225872334375,-0.1688166104468899,-0.36195692678006874,0.03416946634300851,0.07264270220714769,1,-1.116387187329075,1.026277712079835,-0.837083612328585,-0.02372524921104714,-0.8801390676986903,-2.6875452104645636,1.0020531765454712,0.8127969373850943
0,-3.0378804138187254,0.931692234923793,1.7228052856488705,1.1910533846057236,0.0037402634517295086,-0.6962805940413992,-1.2662904077866588,0.19783725075162373,0.6296128268025053,0.1854408764605937,0.011861899766474948,-0.1486400491752463,0.3886328369842827,0.31787270764151754,0.028325968723477257,-0.5952512757147376,1.1583315239617284,-0.014604357329160853,2,-0.6250661859060357,-0.17415097024781126,-0.07331768209664935,0.3535925037755999,-0.7003551217767436,-1.119529377796852,-0.749194056824106,-0.28172314276377464
0,1.1432158339479506,0.39434889474926543,0.6781144868467821,0.009064889429112044,1.2017749312736896,2.3203327760526893,0.6141814376272554,-0.5815148625748094,-0.8308936562839943,1.4200972842393655,-0.12449424911903845,0.4887622300700584,2.0590791089985183,0.2478182060179335,1.6630232382497314,-0.20002035645434418,0.23995427324618768,-0.26449373739426674,1,0.2704850246795672,-1.9408259985002543,-0.837083612328585,0.04697788652616733,0.39442408477769797,1.2056244400984564,0.8047944858513856,0.13660088322910302
0,1.0160611150157175,-0.7749919241101639,1.3981361443016014,1.41421134527981,-0.6275154377032819,-0.6143064573519975,-0.07022579566214615,1.5880983888945877,0.06971212282475853,0.17244345893934632,-0.5745065635715153,0.726767391752736,-1.0320651080848648,-0.48483839561094927,4.035156844352075,-1.1666417788973973,-0.22550224852828107,-0.3810166454945154,1,-0.4948640919424214,-0.08417227504462421,-0.46168332229321857,0.011787187855269207,-0.7428574023829759,0.049059539848703315,-0.3155116000012817,-0.3782316115012274
0,1.3300568116512286,-0.6727966568686969,-2.2003903190116105,-0.5356466319346207,1.0481064740968145,0.40439358883296594,0.8744851220271073,0.5593143349151115,-1.7657207940006658,0.27208298365508976,0.29626984620054786,1.0765035593125711,0.0924861730581309,0.03667149222972568,3.5728935000308515,-0.5757617325614798,-0.5396046145211459,-0.18377467718720122,2,-1.87737378862638,-1.5737680368593632,-0.48415896159969746,-0.04263851845195806,-1.025958187392133,-0.5953868333756329,0.301773778040094,0.09210358005957225
0,2.1018073946859315,-0.5316048824652855,0.22060801258179685,0.4341686420757909,-0.796471145182438,0.953621819365174,0.6351023741695372,-0.21981410185852046,-0.43147427596435267,-0.18429558698371357,-0.6267905512890367,0.1616797934098813,-1.5652242588832626,-0.3334724725716651,-0.714168277276242,-0.9162560066678771,-0.65175997996054,-0.18994411564957164,1,-0.10372133827165908,0.29947317221028075,-0.7773976242947096,0.28771274241943157,1.0355084036171642,0.3997157917744367,-0.0555836131513619,2.2648076295015667
0,-0.21086290680070519,0.8000068241411031,0.25388789852864263,2.2833841318655392,-0.712540371533718,-0.7152563377575614,-1.3319269153730118,0.21331989683612548,-0.011897931162035746,-0.44159941293129723,-0.20294750078623502,-0.10214448881787389,1.4929534502393538,-0.052158494922391135,2.7998671175962766,-0.5668680298951126,-0.5224262528510931,-0.4095951116169633,2,0.010449299205081308,-1.819451952472075,-0.49447389317634394,-0.13361303057365276,-0.2291784534372107,-0.3094639646618351,-0.6593356062300356,-0.13263111082078916
0,0.5414542777855846,-0.026438200940606338,0.7213871881556847,1.4627330072094054,0.17202394047311792,-1.12747475289749,0.9774897321828719,-0.15530159370913302,0.07272721308414326,-0.3567877278671009,-0.590719829303332,0.7020808582442537,-1.098358559552669,-0.5991221611663126,0.24164479917119508,0.5756037152987395,-0.4359721780492345,-0.27184159491632837,1,-1.125855109698303,0.32706373192040383,0.4334601118554915,-0.0006052716511841597,-0.4545028853668735,0.025762982450535377,2.0087607506166476,-0.11518314573090666
0,-0.2055850274073856,-0.18431882016384238,0.6732714985717608,0.0940710297803149,-0.45561061058037855,-0.8919850181481607,-2.148590161624747,-0.20597222286147698,0.14687714218195658,-0.35445688048280366,-0.6363909901557051,-0.06156128439297054,0.8736016459724865,-1.095655102120622,-0.9375495464102988,-0.29403512556833655,0.11958602289512021,-0.0675738535246205,2,-0.619465357041737,-0.5772243521900577,-0.727786088182059,-0.00632851026928416,-0.47943298777200116,-0.07189977303002348,0.08984603919970216,0.3621819579383029
0,1.2403458678471366,0.04632001527704645,1.7148089275733416,1.1919118367977575,-0.4689107232458688,-0.010682519012064517,0.8265049426634945,0.05859129826509779,-1.3434663545152081,0.6279040160806114,0.4938844091099159,1.482358569459247,0.14947856959776473,0.5538676393936063,2.373527726617769,-0.29364346164982547,0.09876009559886531,-0.18159145774252966,1,0.056735516612679227,-0.27120642773598863,-0.06429666609137752,0.056751536750476034,-0.6185244050147385,-0.38414395173167354,-0.5389951933793327,-0.613734488225512
0,-4.87981549896123,-1.1330108936404462,-2.372499200698355,-1.0809228515230096,0.2959683748896325,0.6020657389039039,0.886935632323793,0.34614271210106695,-2.1198213955096255,0.1312150445955107,-0.3427256654925961,-1.3780825827528118,0.0767775410852145,0.11155293556441438,-2.0546790395695758,1.1150230968222623,-0.34135476816937504,0.8889367158014532,2,-0.4273122232832499,-0.7582910098010522,1.0359621821158627,-0.13858845242106,-0.3554450981492373,-0.6445091593759291,-0.22204467667089334,-0.5846500740590832
0,-1.8936691929887823,1.0134208812981464,2.148866223245893,1.068650523768338,-0.6456509279967262,-1.3995179893334595,-2.1679159581712297,-0.9788801923050682,1.2911930754452263,-0.3388712955392373,-0.7106302985883088,0.6844401964325468,0.4056275876185128,-0.4781939071591294,0.8855569675036993,-0.42980833776802746,1.1827128196622954,-0.557730374724715,2,0.14836663556830199,-0.039108503409902795,-0.37271515141980216,0.21430419870205333,-0.6723244663889688,-0.3256825400669841,-1.182519528432688,-0.35101834760839595
0,-0.3017617258329822,1.5133210776980441,1.2430554447528945,1.1394728854967338,0.060295950125373254,-0.7191110625503748,-1.2362251216738032,1.140656982988251,-0.09367612719935758,-0.48328541011593407,0.3717981168456379,0.27731653938675155,0.15274490412264474,-0.5345670511372266,-0.30513247532635956,-0.032749688276079325,-0.2119101403533506,-0.394702932773478,2,0.3941139129513782,0.4420934889628332,2.8006970366636192,-0.02330909612087209,-0.5378501699641753,1.984428529430704e-06,-0.4124836350980649,0.6360315815819189
0,-1.290783949829741,-0.31951722489693146,0.21756915584195993,1.0092564528744845,0.14226966575407496,0.14407425345650526,0.2986991363913052,0.5043716088346841,0.2717456346504752,-0.38901769484382914,0.08820925177031214,-0.26439775999341547,0.6730240039063468,0.640432604536427,-2.2305522845291086,1.6674076967846185,-0.08773858945717447,-0.5521328941700421,1,-0.1872757373033873,-0.5505639454295543,1.3988731555402638,-0.038598868833486163,0.8747866530990429,0.2629982762624292,2.020451186038992,0.525743166982694
0,0.503935567891256,-0.9822443684334792,0.33998230162265214,0.28241975895409643,-0.801487236313499,-0.28853199385244815,0.12717834986971926,1.9207589885679202,0.2652668090508431,-0.024217293004471174,-0.5632628465093026,0.16071216093915847,1.8559129213288417,-1.0364368342485406,0.9863779683289963,-0.8035561505342466,-0.22536912611303356,-0.08058329186387136,2,-1.1282795478969865,0.5486421525538339,-0.3509969844790517,-0.009951608124781998,-0.6463973150549767,-0.5400290512883408,-0.560175141883155,1.3804446531477332
0,0.43798072578572655,0.14307149246698792,0.5874399448268854,0.6976322194518011,-0.11294401968833967,-0.9232624032435129,0.16172103584831354,-0.28730960671811356,0.21069955341079777,0.01686387733498862,-0.07072487822800766,-0.16657774617538335,0.3048742877497457,-0.24787978367056893,0.9961524452349244,-0.6344080777505062,-0.06363833287024043,-0.5009066723204847,2,-0.5515081085732632,1.0322212016598107,0.2537364243408564,-0.11925911741261082,-1.09095311408826,0.5457093166507491,-0.7609901173259492,0.4882296440573368
0,0.8159489789203855,0.20217808377106078,1.6329910286361322,1.4329872103663195,-0.0995292703749841,-0.5321525295146595,0.9056577464005269,0.2966117090908169,-0.16466880565480024,-0.16055535927737447,0.08114727892810086,-0.012592377628060869,-0.12802916746809134,0.5509210152713195,0.45051764191918453,0.16436625653071146,0.11556434735995882,-0.3774131649565531,2,-1.5719642500350328,0.17666162719122241,0.13305877963634072,0.14206246564864738,-0.5343556022459888,-0.5230548794346817,1.2780269592626006,-0.7794795479359133
0,2.000053217701911,-0.07314864834110657,0.01895706922939655,-0.831996494702013,-0.21639266084470438,-0.3076623659266673,0.7827879733943327,0.8045111028398368,1.229504090862822,-0.044389039732634444,-0.22863118820028516,0.17111599256468657,-1.3829274333075119,-1.1244869031905111,3.252439398694821,-1.155512128621151,-0.6229374059539232,-0.16107860915986466,1,-0.6445397956966071,0.4273778496481251,-0.81160998612789,-0.06505774607798256,0.7383338168914535,0.6083059923489681,14.729684769124447,-0.3813681257755394
0,-1.537634844682549,1.684577780898323,1.2250943249836475,2.2260441465765544,-0.31701494937142405,-1.0606747005254271,-1.6224424206619237,0.3575855915376566,0.521363266141847,0.0642029666304762,-0.4915667803053315,-0.6649702267023178,0.9220414229065862,-1.0806002728544262,1.1989921122623772,1.547015530267235,0.9526258807903651,-0.31300701298995576,2,0.028596382391952724,-0.8842915130810571,0.2670707197992641,-0.08265767897362049,-0.5345757246399532,-1.2178518600004882,-1.21975314077183,-0.7796011692895402
0,2.222262313888983,-0.49028165098760257,1.2273773779296073,1.3574762980588067,0.44128460282032383,1.1755028248247403,0.8122178513044482,1.910581667583965,-1.8330633823950242,0.4638628921192073,-0.12238283029597449,-0.009203691648291658,-0.4614965920504188,-0.4263350729227843,-0.5358133727204313,1.4242030281384035,0.9005460372945407,-0.17140371499437057,1,-0.09308653968904235,-0.40255486124210904,-0.6308683478356709,-0.08339866202863354,0.08034622084712392,-0.4971644312596881,-0.05540088110649555,-0.8837194682379281
0,-0.6876567026637389,-0.13293932506600747,-0.5108250302656481,0.8288199894137127,-0.4871416989617926,-0.9984136647614723,0.6223612525739609,0.4310215051178343,-0.8776487140370852,-0.1851090519254876,-0.8485376763706591,0.8473235349014536,1.595573319017725,-0.6303143166406506,-0.16883823394956926,-0.5892723107016341,0.3332186794539145,-0.04445995077299273,1,0.5125947663861051,0.228434879106183,1.1025413128634387,0.06647525526481177,-0.1457684665154627,-0.26992439082860586,0.021034493501123852,-1.0357683868094356
0,-1.582197192759536,-0.6859098212811343,-1.2753350559206134,0.5514281432762419,0.5334903932864702,-0.891774958327957,0.7187200005814884,-0.5998910738375841,-0.9045760016648877,0.5439658058581954,-0.28696075308996566,0.4535576333537693,0.11243975251797778,0.6418320686574919,-0.9046763573102576,-0.5004634697025635,1.4897186840527255,-0.4596471583739028,2,-0.9982924670125639,-0.06225326545196755,-0.26027073160478553,0.27906082144328553,3.3450226032740544,-0.4509534119133616,0.4300100003063345,1.1504988738085387
0,0.36036322631684836,-0.13797482002926303,-0.9453286492194979,-2.2063390011253916,-0.5920729836654087,-0.799122154621933,-2.071592320675919,0.5877154292720048,0.33752197551886226,-0.2694090577411865,-0.6567861246295179,0.705901919918938,-0.47305063786650614,0.23822291157824715,2.012784559495297,-0.8398879453104643,-0.34244914091849904,-0.20429750575443184,2,0.30762220556531683,1.0691068272271624,0.3145684436746031,-0.00251802339787377,-0.8020393734035572,-0.36465452038674306,-1.0259425981121086,0.3232707091813206
0,0.25841570671102626,0.35519173774304136,0.19441528009198036,-1.3757813735953863,-0.4421552061367545,0.614189202339154,0.6050891532800685,1.864578139487721,-1.8631770692807703,1.127222738769159,0.5681033824245417,0.8460649683368544,-1.268726875347234,-0.09859787937146874,1.4904844768173062,0.14919986583528108,0.7424440314213262,-0.4339216635580353,2,-0.3939700754056652,-1.4740454822280107,-0.8124732083110731,-0.078353510273559,-1.0405507627510922,-0.2807092061558469,-0.7061511657912719,0.8084236722063581
0,-1.0473203083126656,-2.088904879048528,-0.038798289125295815,-1.1425422269549903,-0.13264389199490795,-0.38449837642433005,0.9122012351158091,0.9552554280085069,-0.05222560052518986,2.460102528135765,-0.27537526523733863,1.3992733223054594,-0.07174259063005661,0.4742101868529002,-0.8544923830545751,0.6946761848854993,-0.0024614110381916965,-0.2831214286208694,1,0.3884064980042098,-0.12441994654253796,-0.11473617779290987,-0.020989675433928906,0.446262626127614,-1.139835599486589,-1.129087194849098,-0.1556832011915903
0,1.1425011743489164,0.666425787885125,-2.7979815632855907,0.906032592855002,-0.7596993169983461,-1.0402112255793838,0.9280183823558394,1.5797870311167186,-1.0190284906425964,-0.14226090920050144,0.4963258126454192,1.0578934587669686,-1.5872274669943351,-1.2737355712098606,0.25897193909286176,-0.006606334822881532,-0.16805576036533243,-0.5817593171395693,1,-0.531664468194508,-0.5324123682365902,-0.837083612328585,-0.01969341550050211,0.30352459980769064,0.8902321452719824,1.2829377278203673,0.3355454999987773
0,-0.8821645190552475,1.1773855134792544,1.0053539868423436,1.9945279086314534,-1.1514146961704506,-1.4141919785747654,-1.4562457250668532,1.5281388548806247,0.3072887882713689,-0.112953346613956,-0.8654096981576024,0.47532072952849913,0.04621243382540419,-0.9449641517687905,0.6159180117525546,0.40791947615346136,0.2824411074499085,-0.5478782994700537,2,-0.06402629313291869,-1.6922080611836923,-0.5325459508412684,0.1798316889800155,0.16590028829064377,-0.31222032590497156,-0.1773265658675461,0.6103500805047168
0,-0.7298244681457661,-0.553402982461746,0.4091166520380934,0.45051221409320874,0.07675530903263916,-1.1573174036416312,0.8590005260908857,-0.2778035688255346,-0.16221757446706436,-0.8247694431313097,-0.2712796644949425,0.377655398866283,0.29809099473551104,-0.3527355749730086,0.6800066150743697,-1.5684404371403229,0.7771241608440783,-0.44046865936349533,2,-0.15709046775187038,-1.1292825153223522,0.003312252394106381,-0.05190124035326862,-0.9969753948812369,-1.0577928650732882,-1.0495888357777745,1.2763672784673274
0,-0.880546037463427,-1.2951020414977852,-0.15574038719717603,1.0945892959615384,-0.31927407587133927,0.9536671549254664,0.5579304544493839,-0.21262625668735707,0.15221349528593725,-0.9451105092166686,-0.5142487725971864,-0.1944025462574504,-1.4306112718947268,-0.11788860665402887,1.7049109511064828,-0.6171085083539422,0.19174457740614417,-0.40936994805351407,1,-0.4026961057861643,0.6428525470874017,-0.69243925211414,-0.023112827345784397,0.11326883593653775,-0.13494921290083495,-0.6903180112524245,0.009020845646709241
0,0.27116156297972593,1.4060681033779137,0.4149164149560295,0.8777153988218782,-0.43015551966696974,-0.70618182564034,-1.3510093087016863,-0.4798241577978115,0.2547248408763005,0.24332646412140316,-1.0366379380465163,0.5722270570202175,1.9426880406052902,-1.1594616642436084,1.039788275552113,-0.1563107135099825,-0.36822730202695186,-0.46802023499655,2,0.8557562999930419,0.6686337433759822,-0.06519376127788695,-0.09531023218371486,-1.09095311408826,0.04748347432427938,-1.1791723460684547,-0.7544675799977679
0,-0.6570258497471698,1.0383960079758099,-0.2725838361327559,-0.9963436210837476,0.4599102108635236,-0.6735886961627829,0.10892710062136857,0.19931885082868522,0.11874366567185812,1.4827715304516846,-0.22780772175301228,0.28841548055576893,1.653326556739961,0.37669043762840804,-1.0889529818619081,-0.12388332150572068,-0.4232618786033006,-0.5396970868138642,1,0.3703562213580483,-0.9618153356491516,-0.7127659320767047,-0.12377228981215083,0.5810751798397779,-0.4430886301785043,-0.2728459513351771,1.4427591409399652
0,1.3725235422061648,-2.2686523544041526,-2.0139509068210164,-2.0749349872396303,0.01299729805711708,-0.8090596972297215,-0.017365426102692427,1.6632171662722586,-4.05524342225511,0.06023563203802315,1.031774118535361,-1.319989847292889,-0.3867804555754396,-1.3957345332355944,-0.5875916538387513,-0.2693724362625331,-0.6037990317480811,-0.0923603777580782,1,0.15433327197552993,-0.4663902381807228,-0.7056026438641058,-0.02292712433353456,-0.5486811472097739,-0.2677775429316075,1.0947231489979776,0.23919952110574755
0,2.24867707487614,-3.62945315926698,-2.2209016287555228,-0.6387104420008605,0.13696520229632814,0.411074165521616,0.9030897659440853,-0.43732154224341646,-0.8363533513499262,1.5510678026333449,-0.33732286606262724,2.7559534304692384,-1.78526162662461,-0.30378442250942705,-0.2935098421353186,-0.31828451828326915,-0.65175997996054,0.3524029426100798,1,-0.31059374858300975,-1.0249951519746956,-0.6601572030683719,0.08062960383851811,0.8714990928488081,-0.3819620433000188,0.5397271981291731,-2.3026856320988074
0,-2.331056780026794,0.04687978436242547,2.1220948695113773,0.9044050187377486,0.08660850545366033,-0.07748747601402484,0.6643757009138027,1.2211569972250687,0.32459758572383,0.09887145321382876,-0.1469228586290523,-0.5155718406412997,0.8743765309239893,0.09077962373297757,-0.5899564179469403,0.3004337970906312,0.695286932493401,1.223729892601599,2,-0.010535153263039776,0.6743122892945349,1.675401432963127,0.17677804296668492,-0.45266862749915565,-0.024265136176622903,-0.4379862211615131,0.05843799983616538
0,2.045311256599567,0.2828604848224183,0.6510586069991493,1.9787699620622843,-0.6493546325494056,-0.40304888144894463,0.5671376910616845,-0.7714384389529252,-0.7358129495954382,-1.4104054661511314,-0.7565116433732715,-0.04733086228608846,-1.4342782500803446,-0.5474665515697748,-0.13667438949137542,0.02849941672760653,0.00493937076499712,-0.05210697328962294,1,-0.3031459417054533,-1.3508763121769272,-0.7408580626901106,-0.13858845242106,0.8268689501276218,-0.4137883861338786,0.43936561415186415,-0.5383256718782641
0,0.7657269864665046,-0.055723657802084214,0.5691667468464271,1.004055397672591,0.06864758004429515,-0.27954921476175704,1.280672310545817,1.5110581706298647,-1.8805819731281774,-0.17262651275130497,1.00631956678066,-0.11113478384269077,-0.5257846150383,-0.24940421145835442,1.4361649254771611,-0.6406332575150626,0.05077934165286897,-0.2934698102170352,2,-0.23086179009244734,-0.021865405548558398,2.548458598495835,-0.03210499717072582,-0.7356146837469468,-1.8539896371194724,-0.5606141128365671,0.10875185329510312
0,-0.46894185746616357,-0.03377652971245426,1.5240137506945701,0.8439114085435719,-0.43428761668677246,-0.43010868528583435,0.7405185847121717,2.2665174057873827,-0.6282034443221105,-0.2621508898781859,0.35475825207618283,-0.2639624428713777,1.299310391547523,-0.24294223294835438,0.167837938877043,0.010950240964113511,-0.2795716464322258,-0.2289094249873873,1,-1.1591677309594202,-1.3470947442989856,-0.6283461738891026,0.2532434906702826,-0.4111064829344192,0.08376392414050482,0.42141836554455103,-1.343789882890547
0,0.3925966087688788,-0.23794932752926157,-0.13121737485983478,-0.5338029912723699,0.16895628996040613,-0.434852683702052,0.6566406282873821,-0.6961006605455705,-1.5552296296427248,0.05511609050454147,0.0744533636352106,1.20858690932471,-0.4657215344815541,0.5312383744026647,2.1249757319989375,-5.185627005714492,-0.49977921407364245,0.01233380953824309,1,-0.9321645340291839,1.3220939795640603,-0.6428995907544323,-0.0700418622785504,0.6085503872810865,-0.25483275833423935,1.525649778913215,0.13328696136535959
0,0.19734497253440497,-0.7365395836534997,0.7206816416258968,0.054207068867059005,-0.6489101040963607,-0.42174183582753255,-0.44387621627062845,0.0029557038964977966,-0.4701917312201338,0.18023825520568992,0.17494754184857397,0.03341522672442627,0.033774865655243236,-0.07562442978126335,0.50569875601131,-1.0474351914754771,1.4626934513479688,-0.17572253420071193,2,-0.3944904653603176,0.10190206131533153,1.1754865649777262,-0.09339542104012657,-0.28206378106518476,-0.5081011540455949,-0.1732204130898518,0.3634477697476292
0,0.5664811981414954,-0.9134895830030882,1.0936248175811718,0.7412659072546768,-0.19137037104992305,-0.6103842250890191,-0.03714387899381655,-0.13830312511728182,-0.01610847737830226,-1.1709614049255408,-0.4508438738546978,-0.4430883878556142,-1.0450569227004216,-0.6694565226424342,-0.25164719711553263,0.0055065929198659935,-0.23524697240001427,-0.638495785753518,1,-0.4412788084280438,1.0175313398035915,-0.31193593283560456,-0.014383776342565137,0.016510843886275717,-1.46244631271007,1.662353815113471,0.17408857131003927
0,0.5456382191489643,1.14518163969954,1.844618180536881,1.681663287453667,0.2790382749030188,-0.25530011042574874,-0.1337008964142548,0.9146650367166504,-0.2583939384695702,-0.7742947924875219,-0.09962170081384289,-0.10460059078768083,0.27471100954431205,-0.4580745303824988,0.43989768697133275,1.6318733113730424,0.39538381871729156,-0.426274845568853,2,0.09886539136807687,-1.0328599244208787,0.7550236590604111,0.0036051338158319818,-0.5626760498570647,-0.44959388229877584,-1.1576483129199309,0.47341046187989555
0,0.4794117839713685,0.7640335122831745,0.8665465971810391,1.6404754436554345,-0.6830093686218539,-0.9764236984259475,-1.2058825383672012,1.160952102380362,-0.3254127884548427,-0.40451973172032196,0.3706661445068272,0.13319285536059594,1.1078215968798661,0.14762075162379493,2.6757401046085016,-0.5616271787295485,0.9626958694197129,-0.405222331232245,1,-0.5539732336203771,-1.2050417270700404,1.045740937192039,0.020698179459233607,-0.23986000991359147,-1.6770611775535884,2.1969498712647897,0.2707483295214929
0,1.7815950612265063,0.8230605993000797,-1.4321843698938042,0.9318600069194036,-0.16212473342087336,-0.30662077889717376,-1.2035540011449979,-0.013330373570336451,-0.97080942793618,-0.3839972260350926,0.9774248350498884,0.4213418086049615,1.3327627529208288,0.5582758444618883,-0.4147645817511646,-0.4830418123517246,0.550861093114066,-0.21330051324604332,2,-0.21332729041050816,-0.9626508256464216,-0.5367637236197247,-0.0541605068064719,-0.3431797172364483,0.16466931797966014,-0.7357270260267592,-0.18705524194042542
0,-0.8550744134254787,0.5159518757300732,1.0627970843826189,1.2340178621115263,-0.10185021849025472,-0.75291874188126,-0.5470471658828978,0.1727042590440393,0.5363613966668359,-0.456674107115625,0.2172809546544987,0.4356831442115677,0.47536447576359186,-0.2521720511603779,1.1502038378626824,-1.1556804958953608,2.689241841993381,-0.4809560760093331,2,-0.7136217596808305,-0.15865653672435678,-0.38366240048058303,0.1732786314682216,-0.6297009925572281,0.9434808650533508,-0.6896813627727301,0.5871995984575089
0,-0.4195165512912439,0.3570979588243711,1.309521721284987,-0.8550969460432774,-0.5940262349686309,-1.3550075930174055,-2.2350973102101634,0.5548276658931575,-1.2530352106579108,0.5803900050255844,0.5373808021724985,0.8297320924693845,-0.05743429868941955,-0.335770094598421,0.6800314181209991,-0.700140368899642,0.4652176012194498,-0.5442635031857339,2,-0.4602030946438823,-2.0921543329576395,1.4341122874229162,0.01622303621147117,-0.706762201701279,-0.11865257631294757,1.4397397513298897,-0.353632763628518
0,-0.460044561131882,-0.5689641429322181,-1.50054658978171,0.9901754260655811,-0.22161562397283482,-0.6606909193140738,0.7531623437089474,0.2633346216072042,-0.6509450709969111,0.322231447151843,-0.5166758768297806,0.6153954163982195,1.0241990990568537,-0.18725054100827881,-0.12407633558889336,-1.6291313359860469,-0.65175997996054,-0.29737436786485655,2,0.05234425942513933,0.36161686922202807,-0.837083612328585,-0.1339533816725787,-0.5233389717988373,-0.18916684035663933,0.46179285899747446,-0.43915810353183904
0,1.3167242830699233,1.3539054927783623,0.25445020622636166,1.439221620398529,-0.9256821926486062,-1.188157428321492,0.599361151855936,0.5422645154430075,1.2426805168617479,0.08831812463850819,-0.1723081765048742,0.45040943146967277,-0.5793731451854085,-0.5687114864009275,-0.03058850635770005,-0.62035358000364,-0.5358718752403312,-0.5448258184224495,1,-0.8442832650849483,-0.6402388104107286,-0.789212705475062,0.017272682569944978,1.072401190111589,0.006325859906955639,1.1646909701143662,0.5662650674166736
0,1.5682519298133595,0.2542643932584235,-2.322286164946233,1.8051183801030541,-0.07461060593289376,-0.07990361456639296,0.6358875992579742,0.044079864334084624,-1.4190378667250434,0.3347031638792791,-0.3557534534799859,0.8758495329684954,-0.5658597317309083,-0.1696415747256158,0.2476866086114051,0.005506673248776198,-0.65175997996054,0.6989594314889074,1,0.9391992432300377,-0.078476702732791,0.7613605233933466,-0.13340048754930628,1.072286457050839,-0.6520639014534984,2.8338271441619183,0.23780962579739942
0,1.3541004418353564,-0.6048625095677245,0.1697678533543075,-1.1346970457148102,-0.4735461032024908,-0.9181481288263427,-2.288653935426033,-1.165902590986991,-1.307712554350455,-0.2512470007245591,-0.9066417171536854,0.33180815939460656,-0.21638965463210247,-0.525324136607326,-0.20293939943468575,0.6266324566046169,-0.5855162894322287,-0.2765726298743041,1,-0.6251138631385699,0.13347476184009688,-0.705528579389466,-0.04361477484455658,-0.12041942187081395,0.18178560879211114,0.312760403929735,-0.7660205413788022
0,-0.15799094672738573,0.3771380550269411,0.9415416023605783,1.887163212782642,-0.45243683228807313,-0.6721431498310978,0.6412868527491837,0.5892249855587556,-0.5773578614312501,0.706944884218434,-0.3942965413098167,0.36495003631423806,0.04633549734891318,-0.394477617287606,-0.13186775174031218,-0.3553821061206336,0.1800957523751412,-0.1280367827116656,2,-0.9637538787387415,-0.003814982642555975,-0.31510816045434564,-0.07013127255464052,-0.03918068897770893,-0.4838829690917317,0.2836092843303643,-0.5015411212439818
0,-1.238034294003394,1.4007961855099782,0.2953134533723003,1.8305757945157481,-0.35688940057063784,-0.864046708154189,-1.9641709849229618,1.0077374077234138,-0.6226369616364804,-0.5703347080728399,-0.31723954202116267,0.713743093413832,2.233351446800743,0.5905236135389933,4.53622087412953,-0.24716796553860332,0.16865684371304995,-0.6921439011446053,2,0.4776964379487417,0.10909755915740302,-0.6440788338529257,-0.13858845242106,-0.6817895325539167,0.3511123624350961,-1.1976361271522715,0.7478088605294757
0,0.5011355934076365,0.4684033941555382,0.8264678406501937,0.21663822583314626,-0.22789191427581815,-0.9409268971610442,-1.2273568345063093,-1.288036628631481,-1.3327430129311408,0.4125157345341448,0.2814120614119173,-0.19133786655413926,1.1388229406877663,-2.1357413013992135,0.8706862574825285,-0.8121786059651299,-0.43301718731255023,-0.4560773012539723,1,-0.1035232375364073,0.46110674500061344,-0.837083612328585,0.01789948323914159,-0.6531172034371246,-0.8202322834873997,-0.8416794390609366,-0.6523604269945033
0,0.30075542786940457,-0.008426874732834988,0.23174297109952446,1.7386282936067818,-0.23466390323667385,-0.8369051712414466,-2.362298843744046,1.49609543685628,-1.7825426818519032,0.15557047895413617,-0.2322101349988516,0.3639104545611781,0.0872323434633509,-0.49884743577943375,1.1223394497279682,-1.1082281505741893,0.5280972411353235,-0.232484805055063,2,0.5228026798246947,0.5921291987791664,0.6814618672981688,0.003728273287063988,-0.3931274470457259,-1.4601492933274098,0.17139278298186383,-0.4812160643719689
0,0.5067830937638063,-0.8568322289089925,-0.40331989891139924,3.309654444328066,-0.3130557897873622,-0.20073765471803134,-0.1678591631800741,-0.3499120112633124,-0.44525334003085676,0.3811715814578732,1.722063266374203,0.4826425231256622,-0.7002181573637805,0.4352291880087754,-0.3539580059095116,-0.055349616632006104,0.6033771343591032,-0.2465755088334135,2,-0.5801336327480326,-0.5356080293502814,-0.8357119126309321,0.17697395235588798,-0.37465493994930515,-1.9293990873758085,1.588350832537378,-0.8545600255063671
0,0.9586885004114734,-1.6184648214178197,-0.09328394562345912,-1.1430619779344777,1.8664016493769986,-0.43931456892815907,-0.7881965427491733,-0.2818270528899769,-1.1178559278684777,0.7230745468389999,0.2858097996372009,0.39893365640742484,0.4294388568442288,0.2606775520277348,0.07671965383792775,-1.1353713602569808,-0.2020742079118453,-0.30528941536710885,1,-0.736895055326134,0.2490294416788081,1.3707535928747119,-0.10052438393242899,-0.3846304113623812,-0.3493647132488922,-1.1065595180987682,-1.2511156408629898
0,-1.0409794989116772,-0.05540853647214028,2.0217450842244644,-0.06530526034447456,-0.5259691299888172,-1.135317071980702,-1.807004729923417,-0.8800988568601704,0.3919738078913573,-0.1250787180704478,-0.2563479135049289,0.6345967860590556,1.1929862500275916,0.07269329602906549,2.2029312865187363,-0.6822116944304116,0.34102068500453103,0.00933078315953656,2,0.6273154126437998,-0.11517504059310615,0.3904724834926744,0.028680087293735383,-0.7389995104148461,-0.030749706108408936,-1.0911620749752644,0.26659140534399467
0,-0.6473385455215216,-1.1653440458461166,-0.18772110754067398,0.2154616542588761,-0.7973265196454531,-1.175256492983015,-1.2914905443707136,0.2346476655948208,0.10508221367987008,0.04446104477079704,-0.5118930603910292,0.7191734658192058,0.8345785966555456,-0.3167724781850396,1.0394945660055237,-0.43050641790163124,0.2799407906182974,-0.09579201259961688,2,-0.27203354790349066,0.6701231325658543,2.2196040956177727,0.0779241391324239,-0.4008152578919745,-0.5920432893425895,-0.1587910534136116,0.871432052398641
0,-0.30020419615713045,0.16353356001703334,-2.3858027161166078,-1.1631968979858052,0.11852999226760075,-0.07123748959177678,-1.8439450025279343,0.11693441220067313,-0.9898854815553388,0.32138648031441874,-0.682227125175197,-0.14185996100239617,0.6146011963570153,-0.7120446649133529,2.62072203374206,-1.3400598130222168,0.16518128581629432,0.1315665156322447,2,0.05814643765297911,-0.5098492402489021,0.8852968972656199,0.2744177156760364,-0.7159445624361684,-0.6281870268229466,-0.9303848048650202,0.8585663945935293
0,0.8196837647646107,0.9622504714597169,0.42227316707160245,1.2656629917660824,-0.4955338901333436,0.10437055527451625,0.6425766795370753,-1.5910423879463496,0.15431172120267012,-0.17460390984760604,-0.3551400454464936,0.252497913420435,0.3801501225999937,-0.48982342203620144,-2.1456023812745304,-1.3618320688176593,0.8813680325659747,-0.20966276164796827,2,2.5266572976680717,0.1333406978710559,-0.837083612328585,-0.12072491369691021,-0.33336367361419555,-0.055671823907915474,-0.9161958898651661,-0.8591244959292859
0,-0.45356506887922454,0.8036559455047091,0.5331353883679646,2.6256353934964283,0.042754487114854745,-0.7521454224955538,0.7881279012192554,-0.058998873801602736,-0.07108889922467859,-0.8218583295278421,-0.36033707056939557,-0.7170751647376028,1.6952840927370127,-0.24389170563439647,0.15357630618550683,0.8943643292944949,0.00821001926838058,-0.3500819315514567,2,0.32931849267341035,0.6173564741931996,0.40615759361910575,0.023776578218713852,-1.09095311408826,-0.21857814947662194,-1.0060391956396868,0.7651192721258476
0,1.845816166670959,-3.0878346338969394,-3.275305701058807,-1.0597711440694848,0.8294556376774902,-0.7161697367514457,0.6975072492805049,1.3798280415170885,-1.2598853213909398,0.3041749309630748,-0.1765696839163679,-0.11718755367082528,5.98529300691807,0.4285288826608896,0.2691868273216731,-0.5865369655612744,-0.65175997996054,-0.1768733063646219,1,-0.34236013606649845,-0.6499344505692527,-0.16023596186209643,-0.09456652462381909,0.09437572752948406,0.14759464492444702,1.685816175495716,-1.6160378350333269
0,-0.21660373740109845,0.4178134140021344,-1.9098694031446137,2.3465026737560573,-0.49574414029643166,-0.6758427353347357,-1.7455558359469716,-0.5835226361736179,0.6189835578104388,-0.7071480512841075,-0.1857315797540539,-0.5181209165636184,1.504951656982991,-1.1098269829228882,0.27805960988277145,-0.9183180866268827,0.5044489489671983,0.003521485582253958,2,0.6870416764510868,-0.027566091196458586,0.38604186293756204,-0.015043856475003947,-1.09095311408826,-1.2624014392708802,-1.21975314077183,-1.4838076471238217
0,0.5070008680103122,0.5424984380653375,0.4983097633062633,2.39955768611797,-0.37823075208329476,-0.14266689226060136,-0.8946958818619627,1.9406172148227891,-0.01670967720491895,-0.4607718151374259,-0.5553750040221628,-0.27129379142638477,-1.1274695551143297,-0.43335714180618456,0.36479185588309576,-0.6348789990519907,0.30747944485250134,-0.50364583852141,2,-0.4827022313296354,0.11306121566492305,-0.4630326484867779,-0.01413467558893873,-0.2741571608552637,-0.4995127795298951,-0.12211718609256536,0.8154438592137688
0,1.7458675099277667,-2.454420347551595,-0.5736277695813932,-1.1451411408648684,0.271735271251655,-0.24371922522593215,0.591042828823994,-0.5736155738286571,-0.9191432701166149,0.6474151452458442,-0.3546403617485057,0.8369166243501729,-0.5813815372958973,0.21591789872617984,0.3439038337163214,-0.9936196584288857,-0.19794327073969187,-0.26786269251135647,1,-1.5739301378834978,-1.4520978099967878,-0.70564691082159,-0.030989200086847603,0.27100992839228477,0.2313595183236582,-0.06482469181302908,0.2559078807718964
0,-1.869023314322603,1.0981291127962767,0.17939850163682886,-0.11391415462079407,-0.19158084590430485,-1.041924070533895,-1.8603260079081703,-0.36806319802146437,0.03748050123543334,-0.6445299330270129,-0.46648398013745895,0.8612193239562931,1.4969479595351642,-1.0510090658444065,-0.11063449741576348,-0.4222459009052917,0.3184458708960241,-0.15212072073322047,2,-0.1861768791036427,0.06391788437478156,5.046629699580073,-0.043596022909672745,-0.25963738210609955,-0.6322412824073353,-0.41377411079462734,0.611677106123326
0,-0.200373289841836,-0.13815900377111381,-0.6854099412977384,0.8325697428204119,-0.12184970807291418,-0.15800116261541264,0.6339630547987732,-0.5204325865172263,0.0703604606969565,-0.08628537564523525,-0.7119059190810156,0.5185674939255248,0.6185267898623601,0.9563161380583293,0.06691824298011678,-0.4014943247875392,-0.0478810543010213,-0.03246519431069961,1,-0.7197505060259821,-0.13264836047621964,0.3165353455841866,0.03438589580033581,0.8993858430296362,0.3485754594528616,0.27379557433460555,0.7792596854902794
0,1.2710832423851528,-1.760675654833072,-1.4353527294823463,-2.7394978493001494,-0.5442280903229677,-0.19430746753724926,0.520947510490009,0.2587410443632465,-0.9116984610282861,1.1314476716998416,0.7150482051085756,0.3105758042626525,-1.2890415910427324,0.7987047930324555,-0.9039696543367668,0.0677593124590606,-0.3019123015214797,-0.3606941766985396,1,-0.5476520717930716,-0.8067457025503431,0.6291727803540047,0.029949060167103192,1.5984899194784057,0.4589888899963916,12.522543924174173,-0.8092080121287097
0,-1.2173765311182678,-1.7904850452563044,1.077348248349902,0.8925183437112794,-0.35347720749390465,-0.625257649576856,-2.197325797362694,0.854365312896882,-0.33445329038567173,-0.35960933115027294,-0.9073217084879384,0.609298828049007,-0.3912577359085356,0.2936339265495259,0.2563344915111536,0.4171336384698016,-0.3742172060128298,0.09849204876984768,1,-0.3274632032887621,-0.5639598792544981,-0.5925863886816372,0.027305360112127572,0.7345322845205332,-0.42849279624487097,-0.8035673530945553,-0.1437734929920893
0,-0.3825372003486204,-2.049099525097145,-0.3144010658770287,-0.08505826476381623,-0.1978527574582583,-0.3751280688807648,-1.3834722945831572,-1.4473361843020576,0.3531313822943919,-0.10164158106424553,-0.22248504430493543,0.7566724819544366,-1.0504187617135403,-0.2717831976373444,1.129622337313419,-0.2768746710055997,-0.4629655006399198,-0.38847920931169017,2,-0.4492149272870571,0.6788465213673648,0.22155540683106456,-0.034194485150880055,-0.035087068748952066,-0.6197278174856098,-0.4277943790882202,0.7039300997798079
0,1.4979123852532976,-0.8911527183219565,-3.2436201498136734,0.304332460121182,-0.26882024830114926,-0.2332658734299015,0.8586372667246402,1.6827791011745612,-0.47177589397466024,-0.29295270707613624,-0.8842593361075196,0.6933235525985437,-1.78526162662461,-0.6751132377400817,0.9326031122123775,0.11395933326821872,-0.4057623296725055,0.6210981669174906,1,-1.671446347624849,-0.7039147157154801,-0.837083612328585,-0.00854764322887782,0.5472752054946888,0.8727887468899909,0.38008745736752425,-0.6516637870351262
0,1.494970887444819,-1.6612951859688723,0.03561189540914445,0.1927314448751627,-0.42361878407034814,0.3040555558237104,0.639180463530605,-0.4439034662680731,-1.7362225538739224,-0.35481629947265336,-0.6735466428205832,-0.16668371638401952,-0.5460861142844754,-0.7566421533409844,0.6584161262369923,-2.3239855652231967,-0.2762339805510162,-0.6040704788852043,1,-0.048627660465483946,0.8417480191643298,-0.8137572351663914,-0.13561527269274565,0.08321095723128369,0.40290707416631555,-0.09320449188607127,1.3996364694864136
0,-0.6452278769836596,-0.9290351595959521,-0.4028586641702861,0.849420102837735,-0.0915538995328789,-0.1625682022137791,0.8073861849844265,-1.6145700187582,-0.5464680177807038,-0.3519880726184508,-0.2563445262289227,-0.9705839984614619,1.9323537264411639,0.6466626611358881,-1.159891604744535,0.5317505351258522,0.9415992057025484,-0.17205768957558715,2,-0.16225756439911856,-0.21332903449570992,-0.7393668958878137,-0.06705372515841214,-1.09095311408826,-4.46430769387018,-1.1054692659026806,0.3064539829512745
0,0.057563890134475604,-0.4898149900338535,-0.337567027950952,0.535537302279657,1.2744408653555814,-0.04228060880033549,0.8424373575487434,1.5776591201584362,-0.8708217366065236,0.4365543786087699,1.4062031588605837,0.08338878230500803,0.45568964156783964,0.2224022819792467,3.438280729713744,-1.0836266358421638,-0.65175997996054,-0.5411339887106219,2,-0.5459934203703942,-1.3199296208175673,-0.4255978598540354,-0.03551406001110807,-0.6314198799394778,-0.9290625263702423,-0.7943830198215339,0.10768643856223575
0,1.4747458274385319,-1.8059222457281217,-1.7859872501703564,2.265827861881568,0.7623027973858746,-0.6314758847977503,0.8275444409940899,2.092598853052745,-5.51952361243218,0.4241286705036108,0.460846914064289,-0.2962601195523753,-1.3586221707129822,0.1708915365406106,0.6344917307269313,0.09585345659188504,-0.03385208463846889,-0.5150672224982513,1,-1.2984522673136,-0.339781835680956,-0.8275887961935425,0.07268909922700426,0.2851775891665699,0.20556662926199162,1.8779542436996963,-0.5230041912406143
0,0.8009909657822746,-0.12457427581850522,0.9145194107683223,2.532907148434505,-0.4516933817206421,-0.8160297020154802,1.0696000598676216,0.28519170495781293,0.14156095317776407,-0.041949333119577326,-0.1198936477046466,1.3158977276723285,-0.006877470248620121,-0.7215052255670247,-1.0819428186131241,1.1278220177443234,-0.08271911400167464,-0.27068727241468427,1,0.1702752031326974,-0.5853367432221321,-0.3957770692378028,-0.0014415802815224144,-0.18001990649539057,-2.085262130244634,0.04907865676547973,1.1244544413137674
0,0.7082725660784325,-3.7547623320604053,-1.4559918644465377,0.6504938596039244,-0.4095631131167581,-0.4519279920760915,1.077567228314784,1.574930630576528,-0.5425484373214935,0.5145821408362182,-0.04535112878124202,0.5302905881997841,-1.536187732784481,1.4390501054548184,-0.2556880297389396,0.15351682051918403,-0.018537924226976935,-0.22322718877289494,1,-0.32836027067897555,0.8691562143402272,-0.837083612328585,0.002830173952798158,0.9336467490848801,-0.3844528894343367,1.187612543857163,1.5560522026250347
0,0.3698458024972541,0.3418322485553373,0.3628043060000779,0.27270396053129264,-0.4952953689135279,-0.490884252860103,-0.8946327138890491,0.2354731198302153,0.23516906071323873,0.16488969241879992,0.003931578073094022,0.5728363048252783,0.7393361722503473,-0.5026628415872628,1.9719863284760075,-0.29202854667548583,0.4189056054282071,-0.22197739247230658,2,-0.7646761624427378,-1.8863039351869535,1.3680354296285837,-0.0568452217252669,-0.7545988518836375,-0.6139089900548507,-0.42936132000366267,-0.19002369554251228
0,0.8296883491749438,1.0446620209621367,0.6400520107800484,0.9669536320191103,-1.0117229291529206,-1.3289258204083996,-1.4546286274543037,1.6373264912131142,0.1931265349295027,-0.14919745718863658,-0.35198250797899855,0.3453279928384834,-1.5818815534868405,-0.015335665777178376,0.4266988097899801,0.14552252347446293,-0.3293544047827134,0.5184816049652816,1,0.1179696858430106,-0.9097750436220055,-0.7030402979956598,0.3670003679379997,-0.3189219117435178,1.4452921209767886,-0.43095442914645815,0.9482645547554935
0,0.22489153244508983,-0.4679878364238563,2.248825865583721,-0.280705772173684,0.2022163716645771,-0.4934085904056165,0.524267454955988,0.5766177812322884,-2.07164858394399,-0.3589302703035361,-0.22834145535177175,0.5028086057080612,-0.5317210420175384,0.8597147999050588,0.17661628617303182,-0.5367374966172456,-0.22084695970897367,-0.2292245931059591,1,-0.9036399803922648,0.5705727037514887,-0.4372571994022439,-0.043016977811398016,0.6769146937787748,1.2094287806261128,0.6602599352273473,-0.09560249666548491
0,-1.0857973788991526,-0.2759112895351966,0.6821467804286397,-1.3141522488240822,-0.3137073561698383,-0.9426654713494564,-0.8907391288206923,0.7152508164050762,-0.6009702413522112,1.2436130874122604,1.4302002379366598,-0.03594417439020736,0.06370849938848977,-0.2720498287270876,0.6865660848765578,-0.9855392691608269,-0.22357124965329264,-0.13464099589596473,2,-0.48325745079603893,-3.4166400994555675,-0.6751666880121414,-0.0336848682529601,-0.6713625445703277,-0.35012558838011976,-0.9833280394786559,-0.6761122763858642
0,-0.5024068634995543,-0.11538253889086203,-0.27815472107829886,1.0859708425926715,-0.11801225535591234,-0.9322310512023255,-1.4691747234694548,0.6930937062780698,-0.555980005788129,-0.1932957919147844,0.11025118997183903,0.16678880698297008,-0.05324798643084416,-0.112166685294526,0.5743142044928372,-0.8772147923421318,1.3432793821884217,-0.5346752521287381,2,-0.4063222280277957,0.022913676025900623,-0.8180840109682743,0.0497320543314454,-1.0185887676663334,-1.143508493575307,-0.38600138662185596,-1.5263350130542794
0,-0.4390667083326042,-1.4752908055488396,0.9786236657144235,1.8644252721209722,-0.4886620546325233,0.6653886322592266,1.0330585764540359,1.948103416734851,-0.22389967379544068,0.4374861682538994,1.1083022920588925,-0.4057203149324272,-1.2866749968862499,0.2994116130194388,-1.4030855274225025,2.8947362604517752,0.3753822090948945,-0.5117530040996866,2,0.29101419843981646,-0.9830485758306888,-0.09541233741228694,-0.028619429853514938,0.09836356915923455,-0.37739389656313027,0.70840663616157,0.37388648482677383
0,-0.9758173275992733,1.0260819482436392,1.116319471337819,1.0086378842911226,-0.6886738652339501,-0.8800777568098352,-1.317070720109395,-0.3274577120960864,0.7720822772401522,-0.5765975434125289,-0.1622468779991361,-0.029523013119740482,0.9417016551230477,-1.0472263639078756,-0.36454044583258155,-0.3382181258628868,0.8971565159214772,0.01744611622405523,2,-0.3812222988828034,-0.35139917405011234,0.09683579871649045,-0.1096289324639962,-0.6013999486293751,-1.366598180729631,-1.045532864676439,-0.008186260312122218
0,-0.22057727095285848,1.5716697325184188,1.6098738234609202,-0.8242775627090893,0.21717451588921155,-0.6788048895349819,-2.043052580480431,-0.5309541089279666,-0.3448825297744414,0.1998838873336983,0.30865383097138244,0.9912523438080887,-0.1237590628898575,0.020400401163093385,1.5548549142281365,-1.7875246459393273,0.006486341254803685,0.01608212965993766,2,-0.37463698327532446,-0.6060413994572409,-0.6524498648429706,0.06274101740321253,0.07798023675167215,0.6228515875162671,0.25296579044817336,0.026372669825724893
0,-0.1150352772898775,0.49618904468510683,0.79068764111321,2.314471235686664,-0.33508499549191884,-0.2635583062429203,-0.6408569383915608,-0.2034192513608461,-1.8197233722576307,-0.73499249294778,-0.4823472861965362,-0.7925781359550611,1.11514199291486,-0.8303270566471268,1.499248782809423,-0.6029775185489334,-0.4564298947737424,-0.3154321717269769,2,-0.606520901095045,-0.6839668073737905,-0.837083612328585,-0.13858845242106,-0.5854262621202815,-0.22157629990674818,-0.6058851701303539,-0.4235374583636347
0,0.14942070932978077,0.21155710001968625,0.8663144739434983,-0.1820817912981348,0.25333475501722497,-0.6759143550107504,-1.1944846044431892,-0.4905553400484648,0.7598684032901175,-0.29856291243909006,0.10878166520979698,0.13815844964665336,-0.5556061191662509,-0.5558536613306123,-0.24490350883270148,-0.07092636036103658,-0.008547509283021282,-0.15545179581594565,2,-0.6467957954110551,-1.6960947838416813,-0.1330968232507021,0.250503332639714,0.28922391084818716,0.4159363371406682,0.08585996976973104,0.7048239588291335
0,-0.15736434797797272,-0.42143249117692233,-1.6412094276580518,-0.005431260741044719,3.709360390374843,1.5349638020004002,-1.5081297070271114,-0.8471187261657944,-1.3867863990990896,-0.3631207136105873,0.13541794110608613,1.2822400820526905,-1.0680448250955457,0.12791202394944678,0.8925438544265603,-0.7777099404152525,-0.5397265363545604,0.043512176141872035,1,-0.2556651435624091,-0.5500890263611556,0.8882952810385515,-0.12249259524813289,0.41184567840006525,1.1686593747313876,0.2886392432002063,-0.30908720962393665
1,0.2378347771844001,-1.7887910935921976,-2.5448549089456534,-1.853351350364945,1.801796852267528,0.1596245024646311,0.8906778457103581,1.5162227021199006,-0.529437896325558,4.02921429030412,4.712037864136652,0.24829347177155642,3.7324369260892536,0.8767154186879054,2.0839015612895553,0.03113040332955952,-0.4449985227721598,0.8847124820432523,2,0.92857803952461,-0.6812945557450346,-0.7124487696818637,-0.02988005921205278,-0.396881186805378,-4.1942839693617096,-1.21975314077183,-2.02875176865789
0,2.24867707487614,0.6409456228016479,-0.24297386001575158,2.2551937894731626,-0.9723040181792864,-0.8249372953065116,0.769142658939651,0.7672828163022665,1.105948939611556,-1.0276106386004336,-1.1386942968018263,0.7613558106304126,0.27386184185429197,-0.9290710794180606,0.12956755406679754,-0.4217479349306813,-0.6166441569851899,0.02460076221189178,1,-0.34893720285568075,0.3224758556336291,-0.837083612328585,-0.13858845242106,-0.10246089732840213,-0.35179831260213673,-0.8867162174541217,-0.634754764019352
0,2.24867707487614,-0.04905341792928407,0.2393329551356429,-0.17176011941490565,-0.04440612482354073,-0.7103256469324937,0.6098868582287132,-1.2133362148082,-3.1930649832410904,1.4761909143608454,0.22056905413936936,-0.12979006906303758,-1.2327080397677324,0.29673805071537995,1.7013908563880824,-1.0544949860742132,-0.65175997996054,-0.600313830995116,1,-1.1816817908149149,0.6400175569212659,-0.6849491713778165,-0.08034200487643472,0.4270756197198651,-0.14637654960517665,0.9006652211738699,1.1479878744467238
0,2.210202383228742,0.4160704931070545,0.08731245611743621,-1.596093526251616,-0.37201730200769617,-0.49942525121377024,0.6236972428458943,1.1002876490304907,-0.09478586572379166,0.8489170868983386,-0.41569504396733703,0.6999784830507054,-0.9498690057280388,-0.34359215625793615,1.7343583559646303,-1.1284735532797212,-0.43914688499850885,0.22280582647337882,1,-0.626046101736852,-0.45247372867635793,-0.5718684712801572,0.15267089442161258,0.49201349601682154,-0.2879259502018557,0.4130504846866504,0.7978543164138144
0,0.5579787698326947,-2.0469401514119148,-1.9679037461335347,0.9509432622003837,1.3903556494244573,-0.7041369085330639,0.7509224487690629,-0.8252233376992852,-0.4654108442088452,1.3971136123529897,-0.32111052881797125,0.23797126921822503,-0.32202183477040147,0.045428616006235545,0.22486203893330803,-0.23618475350787937,-0.2830773403153699,0.17431993419529296,1,-0.48876248666636446,0.08047630489828611,-0.6103851118295971,0.0532192753700671,0.036494341889942106,-0.10692525314412443,0.9913799676924397,-0.7373186631728845
0,-0.35797228073822307,0.5624532936211735,-0.35409226538412975,1.7274730182925069,-0.5522043751783317,-0.8250384644142816,1.0004800994237422,-0.760503331191406,-0.1440764180565846,-0.799716307841269,-0.5416643822342828,0.1467911305927385,2.1116114164568796,-0.5329186965120833,-0.7630544512028189,-1.4503284953120186,0.08081985576469952,0.04340346690487423,2,-0.5105726253114239,-1.5379736531687505,-0.3013275192769257,-0.12981339366193334,-0.5238235261492172,-1.0205825844544631,-0.8592072148984742,-0.5351234842589345
0,0.27242497291595347,0.33361712107325336,1.5167709070038422,0.42205398791625526,0.22969332444430124,-0.38065569218596407,-0.5079910357801034,-0.22943905757692426,-0.5900461004664163,-0.520395482606895,-0.2632924387789161,0.0026420622595177056,0.5305553698030028,0.6245319713797747,1.0158682465183289,0.24051167307346555,0.12070800707103649,-0.22695699099922811,2,-0.5503475452609174,-0.3328451602061109,-0.1528147245900519,0.2735734950358153,-0.2689386149997812,0.738790078310528,-0.6767335806848208,0.5091506071247671
0,0.3816141578207173,-0.5850964841035287,1.1120635061005482,0.6109789592590151,1.7362288520220217,3.926163104329917,0.8345307059378041,-0.3360664344809941,-1.1708148541415526,1.7994188457650904,-0.12548879821447695,0.5626488982997753,-1.2824423927384399,0.7992507988603406,0.41276528633990006,-2.2237598716624896,-0.12869040061860876,-0.3592971765608429,1,-0.8107412157738344,-0.6657282226748503,1.0026127293203069,0.05994559312045933,0.34855687172769995,-0.19375402269101086,2.054053872281199,0.5686460653717571
0,1.4122285027530879,-1.3161289537983263,-1.5111833840567592,-0.03892624346801893,3.8749985877771227,-1.0595417159078022,0.4883518293758846,-0.2866700767422068,-2.687830703888144,0.7452086928996522,0.32058190802226216,0.8039808926112564,-1.1249804181221472,1.0342850192562514,-0.9637986478976556,0.6936141769459804,-0.5749357570353708,-0.14847178126413413,2,0.17287971168619742,0.298807210247625,-0.7185685031755364,-0.10323332021581585,0.80879095283252,0.7730118480351256,-0.21846313419329344,-1.1786126713059493
0,-0.7264323208063385,-0.3108204772190346,-1.3596143683903867,0.5876384705916808,0.24562856183652418,5.260560445356596,0.9625863503769659,1.9700717928171778,-0.21887789547050618,-0.5550580006549273,-0.3405110398104191,0.012318686482901353,-1.1025978257678237,0.5472618565855695,-0.8466776334972531,2.4626630113224954,0.5918898585518104,0.3840431415278692,1,-1.196009194915051,-0.20680840224246377,0.3077296703604043,-0.10825962985204704,0.15038765429429624,-1.5320809811703888,0.19419933185601507,-1.5378051744069283
0,0.8224099261632817,0.5419873380101505,1.2096621842683404,0.1702550347447549,-0.6732375267280977,-0.022203354075808424,0.823396286947528,0.6954756131151463,-0.30651911305833135,0.6153285162938525,-0.623910571710816,-0.2791058364260315,-1.3654299011195103,-0.32414046200055563,0.03214204550838129,0.37875985722089645,-0.30961869133988573,-0.6501922736942667,1,0.625670302221826,-0.472031359902056,-0.8038674579594135,0.1725911738347874,0.6121280680836085,0.06906159662332084,0.44590401144599046,0.3633705336559798
0,-0.41348426973940744,-0.08749185699590437,-2.6281997852744206,1.0369760368143495,0.21424419874311684,-0.13304861617793384,-1.2729384220478455,0.5851733259897451,1.1830404007157083,-0.5022650135428062,0.01966445548274398,-0.480069363856472,1.0145105315496306,0.2946813729369159,-1.015548885964055,-1.0080734984546087,-0.5636561526631071,-0.44206354994786967,2,0.6816555279859468,-0.1928154256134983,0.15252533653528316,0.02728111486658591,0.4618099111773918,-0.11130514993990356,-0.9534445043529215,-1.0493055079232538
0,1.4102768828165853,-0.22945510175688472,0.4003454185970629,0.15348945754538945,-0.3300266378864079,0.46811542145696106,0.6709454321062145,0.0555503753882981,-1.451158477041454,0.47094160370162463,0.40237429939954256,-0.12996895876907139,-1.4303209103159817,0.3128313539019236,-0.31849466323970993,-0.48144637153605213,-0.3142869261314218,-0.08485976247414695,1,0.6908616702490492,-0.27440907532990305,1.196363018360716,0.0029101117487879274,0.27115703481051046,-0.1453418920178901,0.7629726303635288,-1.7849594285603272
0,0.3615385900443805,-2.3192877117029256,-1.4497161161668255,-1.0129101584953466,-0.28027955978747576,-0.2257767269464791,0.5922755243329336,-0.6997715917617833,0.01879996437904674,1.2642276996428474,-0.34049251963897254,1.458139437005069,-0.839528314300275,-0.39615900258787073,-0.514538346102821,-0.9326750623539912,-0.65175997996054,-0.3477922559397421,1,-0.9689099785456461,-1.0297170721386255,-0.7985244154328205,-0.13858845242106,0.6913319062309806,0.5652909129505822,0.5381581406922048,-2.31159320995854
0,0.06432144473135679,-3.823960015763377,-0.5235923232950693,-2.462354172554692,3.437176311241582,-0.5601858089384939,0.5378415470720599,0.21930687177109034,-0.9913418277194488,0.6631761951088311,0.03720973317070701,0.6803146170460606,-0.09314789021161785,2.0295298221989277,2.2981434032401977,-0.17791178114490247,-0.3025871893551094,-0.40421200958608733,1,-0.795701210408774,0.020943901686753308,1.6643955485136743,-0.02434534462374378,0.5187997394755257,-0.07227866911172254,-0.6088737114151862,-0.9697910447161422
0,1.1441484136355624,-0.9599266225459766,1.4219109536890222,-0.21801662352065607,2.207093215165809,-0.7388647933344188,-0.9062048287958396,-0.27844749755230597,-0.3843497449065454,0.007883512808427362,-0.5272788139433519,0.4825987874585839,-0.13921114674130605,1.164993175049024,2.0667412018628943,-1.7894844017478189,1.4018372030618367,0.14994402873407894,2,-1.307047152020278,0.6315530410040502,0.7871369380096014,0.16274983921544364,-0.8881774927778158,0.7329167594991461,-0.5249643143217168,1.0923729327803695
0,1.1216251171281908,-0.807529374337933,-0.6877031385879675,0.5328760188329624,0.9005633245222304,0.7848368693603205,0.6793176022502242,-0.16014970056696504,-2.8869465838491677,2.039106313942321,0.22521581461328768,0.14504923953462212,2.373252269356848,-0.2083843143285643,1.1740287353634737,-0.7633519754785603,-0.453764319798735,-0.320124085506254,1,0.1965965655501919,0.11917314341483487,-0.429193205420279,-0.03606361416352834,-0.24662377105165034,-0.9975649021961144,0.43597661783751857,-1.4679282198974166
0,-0.1771993904060871,0.40799696918485434,0.4509900397875996,0.9380953245600216,-0.25076081728468014,-0.3683115929565063,-2.1051626577582203,-0.13780747201822963,-0.27992564042701357,-0.6754766196337485,0.974287250054922,0.054905620453313486,0.8454830750730918,0.258988960883068,-1.1656268064570101,-0.16612242529663745,0.4630219382418311,-0.1532579712321998,2,-0.5293602562759682,0.9372697161821716,0.30517673565853193,-0.1294252102566112,-0.5887110014223473,1.0191469846214438,-0.791924901111945,0.05022027448858024
0,1.1228980978820116,0.22845819364561143,0.9415138981593978,1.2275843334370204,-0.3472391741412898,-0.5407017137826969,-0.6139044447791405,0.11599844228979306,0.21114190038942393,-0.727109307944408,-0.8125451728094654,0.18207401540876872,-0.4431209724294155,-0.44852342023998515,2.002731242986487,0.017235316720425498,0.16212495415647032,-0.06065592071734205,1,-0.8056821367717046,-1.2514317156134622,-0.7725982542503316,-0.13482329931057802,-0.31101263836040743,-0.30524895938466723,-0.64074144560544,-0.321632268464693
0,-0.1548814961558999,-0.300483935414266,1.4410994431108102,1.0712160471393437,-0.047659729978030696,-0.3686206222037791,-1.5629071985167737,0.8676364050414848,-1.3521163611147686,-0.2231401606414641,0.25449156414437557,0.45945008880098365,1.2318869492890498,0.06346166962565658,0.23557456651093278,-0.6570827584784255,0.39686360640182256,0.17350769982526112,2,-0.7509231886879013,-0.10893934661486862,0.47491809341723845,-0.014254667720358723,0.5910973453615566,-0.4862118347286175,-0.14865703488234439,-0.49426236821564695
0,2.160905909633919,0.23846328450823578,0.9018511604690471,1.7738580084080038,0.20689436078989615,-0.7450925731424933,-1.5752641925803934,0.9479985178325948,-0.540353753826049,0.3512225787594564,-0.42558438636969853,0.5763653941614344,0.6562626484962326,-0.20650912249075026,0.3384448907831592,0.4232855785223605,1.399721154708225,-0.1595577926384899,2,-0.3222496548191248,-0.49815865965484596,1.532735056325362,0.023420874334060718,0.42488902061610756,0.054927347921004455,0.684046413134079,-0.5376177860476224
0,-0.05785364360233658,0.8764900957598656,0.9225311741640104,1.5166472123992865,-0.7269295744073783,-1.1713217901911557,-1.6999317788022081,-1.7487872751443154,0.9191887954371398,-0.15297533091880944,-0.7396238722319575,0.7371330607707076,2.3924621794012753,-0.8574171044493699,0.34102644925076153,-0.7169263446173362,0.42898716976131046,-0.011661873285890086,2,0.844401844605653,-1.5885135129454195,-0.26252350189675144,-0.13858845242106,-0.4976169390031725,-0.4803176754322782,-1.1482428888677862,-0.41544746635557445
0,0.8362038641254368,0.5429424375058157,-0.0467458079792995,0.621285937346119,-0.37958266738487945,-0.7853018803144767,-2.457693353097847,0.8129834928431312,0.41167280426025077,0.08765572906456319,-0.41986007767695255,0.4300487768322867,-0.7998247082124954,-0.36578207635425997,1.3471924285540051,-2.6026398348127247,-0.41571669737364936,-0.213265550105215,1,-0.8118388608642104,0.3829143366907228,0.006404766199014429,-0.10108741346701308,0.0445595599107107,-0.6088439075638744,-0.24121179941718024,1.320446850860173
0,-0.3610234728760373,-0.3365945574532809,-0.07286905335946088,0.4578129994663238,-0.28204581639959214,-0.7787536669212988,-1.9168968206455563,0.8854628382237246,-0.9254982528608243,-0.39765378914803523,-0.17061426198944102,0.19537877192587366,-0.9193367329433579,-0.23660713971479388,-0.8619191914145041,-1.3947022003872274,-0.2968835051768955,-0.348423859884082,1,-0.1471963308388035,-3.8106046801637667,0.9112248264690417,0.04710892223719322,0.5322484463917874,-1.9550094374902027,0.23925358968939991,-0.7794985063045909
0,-0.6545205483885183,0.09038358902452548,0.23376701193344035,0.9173166596981492,0.1465864843461745,-0.08502563267543349,0.6334197433891856,0.6148040256499234,-1.9717044989316699,0.5374911989761657,0.11163668955050249,0.35882703078804373,-0.98666439390585,0.7245761702211355,-0.25847690336250684,-1.1182079541422163,-0.43709469165629755,-0.09351788717486824,2,-0.9484677433305311,0.48004128452418793,-0.7235846198554592,-0.07509580301424254,0.02992153117600288,0.17325548193727372,-0.08664155993436395,1.4132374597200308
0,0.5862117003854939,0.005260406709135412,-1.647914045884774,1.3822615872413802,-0.207398892416185,0.5687634187019902,1.127560659286016,0.4701649461860653,-0.32661037585811065,0.7449012295311944,0.072870315277699,-0.5141123890848485,-0.32182917353236196,0.05912368660860717,1.3455164321864233,0.3336829435799219,0.011249742227086884,-0.15659578820200049,1,-0.5734921330402746,-1.180873236118221,-0.675072568242152,0.104683761709611,-0.4383300280369007,-0.07083360487584167,0.6194495480888512,-0.5317197816166
0,-0.3911756947251088,-0.6049422511041037,0.5894244525355974,1.8628793065506373,-0.010205659605419637,-1.0449594655005237,-1.8282671379889575,1.3342176607282992,-0.35550573490344184,0.04157750526916332,-0.04626532916398743,0.8556329467299788,0.7688592996868197,0.32944545685833143,0.5575035801374909,-0.8386386932571692,0.7828649576074476,0.3465865330994459,2,0.5366623977472339,-0.3830025039768781,1.3544066231215273,0.06603994031421002,-0.6239941832653988,-0.33609709602700805,-0.3581178645570081,0.7104078635387098
0,1.526418234025007,0.04030520830678014,-2.215925717789036,0.1810667547714526,-0.05123336139583112,-1.0674419791993441,0.39303445620123106,0.07511292837924322,-0.8191295671186052,0.636505511139791,1.4831465510178437,0.6053835779266166,1.6649015494262087,0.8347824195229369,-1.973752571624857,-0.0993926001661728,-0.3251619065199601,-0.6519741889195501,2,-0.46011202569720455,-2.591583486624455,0.36714594838040415,-0.13858845242106,-0.44271616825000104,-0.02686567285270891,-0.8121378617989434,-0.27700409426963013
0,0.4362876811301334,0.7259843783039877,0.750207823472689,1.6255063346100451,-0.4539348464482237,-1.0272956191920457,-2.219717951807261,0.2721231013210892,-0.234409814162784,-0.02660080149267985,-0.057774135137727195,0.309403877541563,-0.3993624652423585,-0.21866845183931788,0.5988037695961148,-1.368601863176182,0.03910357822851976,-0.28455281319177483,1,-1.0435117567882204,-1.526977651068247,-0.24295516378170787,-0.018154429754847823,-0.4868365730763068,0.5362834896128935,-0.10134343121167082,0.5075103835225413
0,1.1440045120005808,-0.42338849887742763,-1.422992186285151,0.7180432801441612,-0.5278189146968526,0.3570274129047118,-1.7629168460202225,-1.9946317559804654,-0.9043516543478471,-0.954193133984016,-0.774983288972128,0.7339129679493648,0.37520211444571505,-0.4586607750444548,3.066303333008725,-0.33355799780628015,-0.65175997996054,-0.11421581286496865,1,-1.2461853051243017,1.149326205891341,-0.26057677779598865,-0.13858845242106,-0.8123716404475758,-0.5631053950477045,-1.0564036393486202,-0.553903858675388
0,0.11508741579468429,-1.6007256888744326,0.3427877327723674,-0.2997052877633306,0.8852367492492144,-0.16210045276926444,0.49956045148061234,0.6871238028462634,-1.1643612691241516,2.3366833054476257,1.0803298016261866,-0.5558200455529149,-0.7268567598916589,1.4584585076415675,1.0401623930665662,-0.6336148098125598,-0.15471461636595069,-0.3232054643200215,2,-0.6919528381300362,-1.6863771642271863,-0.7624075795653367,0.057640918211728676,-0.2698801175103669,-0.3622166179660027,1.427856600634834,0.25829862940641146
0,0.24846591999586717,-1.3563470808197793,-1.9653733226509957,-0.5392881674136856,0.3797888658143851,-0.4795688719653182,0.872780714354933,3.78710113142232,-2.996061913662708,0.25265183563789667,0.6680789444513411,0.5158193156010665,-0.735457935133585,-0.15356002778295155,-0.6824287727135353,-2.143855363441009,-0.65175997996054,1.9139812302683439,1,-0.7986592519149677,0.3089463425352361,1.0763088693872152,0.2426983451683736,0.016858793218376966,-0.7488144406765652,1.1613367359022353,-1.0974429591290629
0,0.7020304896023639,-1.364156022055314,0.17343633919087018,-0.004466899307314254,2.862266256329367,-0.6068000942943599,-0.4493641207674054,-1.2675875378989865,-1.8325694135171884,-0.2097154933622775,-0.09230933753757825,0.7431827005692297,0.32792667944602427,1.791318060877503,0.6008586170218293,-0.549560187671508,0.32340476663565876,-0.31868788196005526,2,-0.6068063831029938,-0.4259131656138694,-0.23814293497537725,0.08244716498792101,-0.9869443177538944,-0.030406697659013215,-1.183082972651217,2.1467372658607005
0,0.5252185719070908,-0.22599639006902184,-1.478551438711072,1.8652202698579428,-0.6157209948673046,-0.68121431129882,0.8404849842561185,0.37817187142900244,0.8312309574422843,-0.5726957328837268,-0.44000353643157175,0.32269781343267434,-0.35121936596637715,-1.0563988194008058,-0.9077374101559416,0.5609742001729704,-0.65175997996054,0.019449291170244853,1,-0.5905118236553457,-0.5530012211724324,-0.3304152351955138,-0.12950533207491818,1.1492335079472233,-0.32383388100360416,0.37499612303972163,0.36250363127084617
0,1.6429467248934526,0.5341984362439424,2.234934106758082,0.4138312553403427,-0.02073818799225459,-1.160009155027375,0.6496326305346222,0.9914120392467405,0.411067124694781,-0.10529581967863594,-0.5971779475215028,0.6193095462656086,0.007745898686270625,-0.10178997433891468,1.6986311245611598,-1.7114604547638355,-0.3377942510907075,0.20490155937969412,2,-0.5609437407241111,-0.6164485966009404,0.030169574784613074,0.2799533158607867,-0.4459054274241053,-0.0825413619996521,-0.5133660160564586,0.2703155652790998
0,1.6557313547858508,0.8148944434334938,1.555792142396494,0.39595561556224396,0.4984537881517296,0.38645710421390467,0.9408954199693665,2.045898416866228,-2.552366504628748,0.09947969518727684,-0.3985332718256991,0.5674336635692909,-0.6489346601735155,-0.6296673745317738,0.8896806382618656,-1.4907612673912995,-0.65175997996054,-0.09780680082559229,1,-1.2370558566602954,-1.402767131988171,1.72345338822912,-0.06488351857903955,0.11274961509898751,-0.981200134546792,-0.3178202722379039,0.11636294952867007
0,0.04018747604982295,0.7296741064280381,1.1906312077700525,-0.5720709404975538,0.33639918124871865,-0.7116212668934107,0.4030067209422733,-1.7053068643865725,-0.6845983777687978,-0.3638410271169676,0.7274824000160693,-0.045664954008067415,0.7467952046636455,-0.12498205836673651,-0.0623088631530434,-0.08062927215665544,0.37849807175535566,-0.04765660738263729,1,0.18529378524881918,-0.5899088659547055,-0.6144826195544232,-0.13858845242106,0.12922578378656574,-0.23162288289103503,0.04767453063317273,1.039660894314667
0,-0.812971870520949,-0.17436854019647202,-1.313388270388608,-1.5691945875204798,0.5274303779180691,-0.45481504509617554,-1.6380846020148714,-0.3876847554430116,-1.052548696252507,0.2363195240278254,0.7782934320467148,0.6507672358934563,1.1838437726487159,0.8686398101109665,1.6865617325697908,0.16038930195722512,-0.1856088685601353,-0.15917670024904224,2,-0.44486090635616193,-3.722261205596154,1.2736371714814503,0.16116692709964617,-0.10527649189625651,-0.8300191696347832,0.19122995256828945,-0.37760161976678025
0,-0.014301965491913093,0.37008609600466214,0.42036602973404946,1.2675161536317459,-0.5027409948293766,-1.1605873101765647,-0.3288144331068863,0.053515329848860205,0.42582989088834544,0.11230220827381807,-1.0079606012618922,0.9560021097303815,-0.3382641475868895,-0.9038447086454511,-0.6521444482713435,-0.6396400288197253,-0.65175997996054,-0.16802153015743007,1,-0.06194674658375762,-0.8102470070212323,0.024783201039768055,-0.13858845242106,0.5112309447493847,-0.12302816432015878,-0.4751458289673385,0.2054928746990651
0,-0.9940981429148802,-1.2925576114537078,-0.4426587424217472,0.4910036691598533,0.19645013454200622,-0.6931583953690102,0.5362118068075157,-0.9218985343918515,-0.5193707809189774,-0.0463707658392527,0.04756185639602695,0.39139839876070925,-1.3214156517627762,-0.6171535793986203,0.48961749356545126,0.028319876061447757,-0.3294104988519784,0.01843621446756779,1,-0.3970358545391318,-0.8238370790291872,-0.037473111007369164,-0.08472624413422561,0.6646225150189259,-0.9410129976430723,0.44467647705182456,0.6839317733647217
0,0.9638839447185166,0.6279554365485014,1.6818065179441672,2.2454597609295224,-0.5468786334492973,-1.2464238617242072,-1.0755349118854467,-0.587143410009729,-0.9320691122081737,-0.1371487545857058,-0.09135543392513154,0.7461163630191558,0.09709611625123041,-0.01767554337258312,-0.6347179668747309,1.444846663742441,0.6414968210985885,-0.37272534267960694,2,-0.32939675132937896,-0.54351304219444,-0.8218479714380502,0.005228124068937953,-0.24715559885330762,-0.18578285348038404,-0.18388267175082518,0.891034489240038
0,1.1676648604103903,-0.4944737012546019,-0.45320371317096525,0.4480192314877082,-0.0923243451037836,-0.04828673793140159,0.6823301178378991,0.9160264948184562,-0.7357646549697765,0.7138202376752588,-0.8049725370931282,0.26548369546478934,-1.1092935867040146,0.3872421727746403,0.28705855134080954,-0.2856147088010895,-0.65175997996054,-0.3923745875325181,1,0.2808035057558102,-0.30662877412301814,0.6197366211198924,-0.06696781069738493,0.5953893652025777,-0.3875959944105306,0.5711438862091704,0.04479833717241222
0,-0.685625397341405,0.7954516033373049,0.409213054152178,0.8984636852006768,-0.32213372427934894,-1.1320621582281567,-0.7609012084755553,0.629111346286547,0.06466443406463845,-0.28771419470436166,0.17163087786706227,0.45290866661310025,0.27133740487247515,-0.4725762551609104,0.34313049119049466,-0.6613739880596078,0.4689160493675356,-0.3905903335997204,2,-1.411709926128066,-0.5623179867567685,-0.10045372582078937,0.0934110154676555,-0.5546793689543315,-0.6731730328278382,-0.854415271388278,0.08509082355329334
0,0.68124583032536,0.23840292375154093,-1.178854462264131,-1.0157506097165223,-0.1449045667478841,-1.1822227316704317,-2.165572434007996,-0.7000523673672872,-0.2537940176349544,1.1153029828060987,-0.32835281871360056,0.6670118280990562,-0.1493476507210949,0.07305459304844575,0.560204209311727,-0.3548229979490737,-0.65175997996054,2.4300748716499805,2,1.2309839536163172,-0.4875638548563483,-0.4247411763294945,-0.07146686376964656,0.2105116730890373,-0.492196266943284,-0.8625903186229011,0.7047066078559208
0,1.5478790285815303,-0.24249188389590537,-1.037975808275086,0.9060700080887006,-0.7698612693772328,0.3875668277970355,0.6979382333660978,-0.06782372584379442,-0.9097840754920448,-0.010882551907670818,-0.22628222052676553,-0.3733260386578458,-1.2574529540207138,-0.7309630096315551,0.11790895811320712,0.46514910517450514,-0.4224794019946965,0.3807499363009226,1,0.09313520240822704,-0.9354870872054215,-0.7818438540234666,-0.04234790143345216,-0.6133848872994144,0.677132677462927,0.9216427102134772,-0.5204384290300421
0,0.47033988343877775,1.0452500824496718,0.08096832125389175,1.440030877961735,-0.5228563571729844,-0.7198665893933589,0.9797842936234411,0.048631511989187415,-0.008069910926470303,-0.5930250886140401,-0.39521057900359063,0.32997554317500266,0.046889107201608965,-0.21448724884176326,-1.0358813116050571,0.33085426823053915,-0.279498330135333,1.4748438987521046,2,-0.838230660415153,-0.9495480522741808,0.03395280834200243,-0.13858845242106,-0.0011321147222343453,-0.031099164732515616,0.22044038555555562,-0.21676915536986158
0,0.14585462129731863,1.3556215230185353,0.6699324326590537,1.3246248335293562,-0.3562743126615402,2.041477066669146,-0.8325546459269492,1.7854801494662815,0.09331132447021406,0.05008119508574327,-0.60711780526961,1.354730902841724,1.8364827494873595,-0.37226320256828,1.1211591755037218,-3.2559163826421886,1.319656210146816,-0.3024463903137356,2,-0.37486488110013716,-1.372842930589764,0.23402295123075456,-0.01436081265855367,-0.45080672811338135,-0.5589039419848412,-0.0748370218411698,-0.25832061648207116
0,-0.43260271856175314,0.8280250927549947,-0.5991261087184196,1.8027608297580833,2.0813514113403633,-0.4142309666245073,-1.0710594279457952,2.332118763477954,0.8726315445622493,-0.3095376108846347,0.2627335670763893,0.5289074289213297,-0.07239524908258227,-0.30170648979486536,-1.046898145322891,-0.5652884501298862,1.5033950018902573,0.10934219540765,2,0.5020859899234923,-3.6619955063961056,-0.49249160282170806,-0.09168140685569934,-1.0399985321239575,-0.11926411234464711,0.48109495365747923,0.015002430730252758
0,1.4521064867433697,0.11516825536211647,0.7234275669470908,1.6887359674899545,0.009876298716070653,-0.0035617570524475173,0.6190258879525982,2.075763163847959,-1.1619037829530658,0.33259033604061294,-0.42242239084927696,0.5830055441759443,-1.446764199665592,0.12623868719247744,-0.8935290470046817,-0.40875641496043547,0.0847562978205337,-0.4718800738581902,1,-1.87737378862638,-0.7750990941705588,0.726927671908159,0.08308231641765024,0.5897559210242267,0.22915914669514295,0.5040189325777366,0.13795577495257125
0,-0.060356199878261296,0.5734209081623425,0.43808611927117713,1.1307431173934166,-0.8530129368215236,-0.9244837297589242,-1.328082249982034,1.494108354345002,-2.6832575879231477,-0.7684866114818472,0.20677251768949778,-0.6052242047679064,1.1897301356188197,-0.16425343826286348,0.5075034903037037,-1.2587537116050265,-0.029854523491735258,0.03573384396968205,1,-0.006482231759585205,-0.6533989061001664,-0.07343489930139932,-0.0071996809896685485,-0.904396434515652,-0.8911605000292936,-0.002600504380251334,-0.29663136231526455
0,-0.31433294783512666,0.718432715848649,0.7804790277259014,1.079904796422051,0.3312931257861418,-0.16730357808836366,-1.3858109970354855,1.7071518025436345,-0.12725574953857705,-0.11512205052819524,-0.43521544897658637,0.753076219381455,1.9045346962835112,0.6677711140197853,0.31292730220583365,0.7704701338224247,-0.15613739047946668,-0.03896566782668376,2,-0.38127436856125885,-2.1700510775130555,-0.5404358922315968,0.019640767787191635,-0.35459866858433176,0.33671441998004314,-0.3828243241889712,-0.18931756868694177
0,-0.6247254898910016,-0.17051812262866417,0.5805236838637515,0.1583861473386946,-0.6940877270445378,-0.9693551732662562,0.9404946017280535,1.8477140124164373,0.9169610742702827,-0.4240190803314818,-0.807124010381727,0.2196677835645487,0.304734287452925,-1.3291497143827113,-0.09701295970831891,0.7627864114442178,-0.5190771690143775,0.7888893413123736,1,-0.8374853645336708,-0.8850790655412863,0.8087041796430113,0.054488242129856604,-0.29348339235858223,-2.5583291833552013,0.4185141608174121,-0.6335272359645722
0,-1.5263427593627243,0.5442358672769015,1.0804800635651355,1.3155010273840335,-0.03567094056670461,-1.0369811199316334,0.7224544024999746,2.4542435503914315,-0.47077706658340124,0.14926926413948294,0.26470686273425326,0.24169184470062244,1.1039032264942557,-0.04570533189895565,2.4059908149605356,0.5700560095530008,-0.1070660688091003,-0.3232684834925017,2,-0.5425839175324776,-0.1605848172516045,1.1230011878990405,-0.018210981066756345,-0.5918910556183855,-0.28754747801511144,0.15483843834537692,-0.263447247118203
0,-2.9231718589067723,-0.13010197912930682,0.2153253910743084,-0.444205619514301,-0.46034014165580706,-0.9464949784573455,0.44000645363900726,-0.4267482625942317,0.05877121606120539,-0.7956208077828837,-0.35405643684188376,-0.17534718071615074,0.006305867561612444,-0.338760882647822,0.025442671973801956,-1.5705074437807443,1.510476323391059,0.36909035036143356,2,-0.51139179222314,0.5631922234483591,0.7722622966246798,-0.09212544419329194,-0.6543240910586035,0.27879719323116114,-0.8407620450294256,0.01025028200539202
0,0.583491262666417,0.45381920356910055,-0.5718067399328595,1.538768940290021,-0.3143448790054286,-1.0710828123183074,-1.199951523569432,1.4519828337032639,-0.8886343558863203,0.5678892571480104,-0.27763696361885465,0.6691523775195471,0.6421405107873872,-0.8540980916675388,0.3699029646829486,0.25540244484087615,-0.5007804511724405,-0.36079796134199904,1,-0.46411194586239335,1.6004277392278834,-0.837083612328585,-0.06412264363225069,-0.47041436804534564,0.14300546036393025,0.47608539325446253,-1.9384455588652358
0,0.48832274816357235,0.2847232593725566,0.4935563531651428,0.7431076166551099,-0.7779885567182829,-0.10065798577848753,-1.1421481324775575,-0.34344152055804544,-0.2523522931304455,0.4208570250574648,-0.748986187572735,0.187573743918441,0.12778662519393436,-0.40040462755678563,0.19160577482238073,0.031918021911790787,-0.3982438186693471,-0.39830596355999526,2,-0.7186611728577148,-0.7724533782078745,0.7053569788074507,-0.05740627037709073,-0.6297273128157779,-0.20148828505992444,0.04437350095202047,0.2572116045420487
0,-2.129177784474182,-0.1754078115908727,1.6463511495454632,1.7117127307484898,0.09384008295645063,-0.40793053662461076,-0.05249031145337302,-1.5098512355649716,0.37394837951499466,-0.6510836050982494,-0.18741579905602032,0.16080950615867445,-0.37489746278415337,-0.4548819812145977,0.6928355685455757,0.43082641254923504,-0.17717265004843452,-0.4736083427311082,2,-0.18111336302580525,0.6803479071199031,-0.6993209866237876,-0.13858845242106,-0.7363391986129835,-0.36014611968734533,-0.9647910110916219,-0.6835557411880064
0,-1.2015185195621634,1.3693874240421895,2.3497508854902494,0.9800259342787657,-0.7329012523574514,-0.6418739319889863,0.948505606088634,-0.5154652856518054,0.6714549506428797,-0.8242461949701942,-0.5779742701008547,0.6519702907273877,-1.4201629080757505,-0.5436380670934354,1.3124351961106544,-0.08331894905001935,0.31781395841873455,-0.5135919478082022,1,-0.12513677736279982,0.253069122683663,-0.7529158053957405,-0.023881036463527867,-0.06730102176403507,-1.2136215592139428,-0.038550943169056356,1.064648484837812
0,0.07430303338667676,-0.11221333158097829,1.4736980178871741,0.4043102901666651,-0.8641064205046003,0.9995912485204257,-0.9345644856718549,-0.3322312717839619,0.41222043775303824,0.6512705732886921,0.21595303876794086,0.10871334880120445,2.1087751242290445,0.6269575762454307,0.7502557399005159,1.3687738989064633,-0.05682840971738132,-0.4269765477734181,2,0.48513014900653706,0.2618775193844232,-0.7154089001381005,-0.07351604426641399,-1.09095311408826,-1.3259456505875895,-0.7826934203237403,0.46229315048977315
0,2.24867707487614,-1.8052342113170265,-0.2545277136031156,0.955760610103481,2.4817381544337342,-0.5391144849472059,0.6147033159906807,2.150761582386802,-0.8733405758278688,1.2509185819413942,0.08243361758843956,0.827796653504485,-0.9891736797617363,-0.14047275440957407,-2.2460812736051614,0.5834142504740666,-0.65175997996054,-0.3803841150621987,1,0.16785370733366212,0.7161078202000464,0.6106055026561115,-0.017073976512815454,1.222411613310518,0.24122519075850446,1.008063366594982,0.3518321743087207
0,1.1188587994314727,-0.36008064510753846,-0.6540373146941045,0.369963707986382,-0.015875194482937574,0.49646470491945427,0.09148264893573654,-0.14324273882543131,-0.32778673325994623,0.22463702978604078,0.2338294098349068,0.9239706366871334,0.519704699962414,0.3542467181735349,4.021911885708295,-0.305979828894454,-0.41515870105367036,-0.31410074104159774,2,-0.07329594179808294,0.8529122715345678,0.5392237743070761,-0.05767456192131633,-0.7624312258990897,0.3474348931654526,-0.7840361788140937,0.4836008872870441
0,0.141069075266733,0.015256001380995587,0.36578303072751545,-0.15207129020319643,0.5835752046633317,-0.26130037015997426,0.6497694987405556,-0.09683505449853425,-0.20631783131924217,-0.035203089529057735,-0.2186097688913597,0.12178100091752148,1.4141038350895943,-0.7191987827401511,0.028871091807388227,-0.6336918857259561,-0.3794454015150567,0.23402847529697576,2,-0.8272097477379445,0.22732773707467185,-0.7270202648220468,-0.09577684715468512,-0.301537981210539,0.5429337606491655,-0.48169020518880046,0.5841726909306455
0,1.8409986527763622,-0.5363039350579524,0.8450108335329596,-0.9562911678281265,0.6644343641977154,1.6916035276328643,-0.17653978633576534,-0.4306179151623707,-1.7005559306198101,1.0649275187427707,0.07880908963179814,0.3911506019145014,-0.9704074115227341,-0.29327138030716343,0.1936739307855776,-0.26504578290993897,-0.34367172430151405,-0.31679186479316296,1,-1.2242852681125072,0.7458933343663112,1.2235995363928804,0.08173948042456175,0.6966970347924865,-0.4612652947324324,1.4955720551254896,1.2748507214627864
0,2.130387196392921,-0.08126175834103708,0.1329330687631099,-1.7229962025234555,-0.11260084369442808,-0.1743942232590685,0.841158974649753,-0.8764126018165065,-2.7900836040988852,1.192060932096773,0.0010258828484588367,0.23555630311347286,-1.6104411956738396,0.8905841490624764,-1.1515570416202994,-1.0125139899607032,-0.5975009602092867,-0.46565486621663366,1,-0.5211199868006042,-1.16403560849116,-0.640744564113133,-0.0183020004145455,1.8086980557349999,0.01489958779153927,0.997490931873409,-1.3119429299867442
0,0.49162481911857514,0.4503225889834192,2.3219672394813626,1.4499023558895539,-0.44355217423298043,-1.1449476503573066,-0.8819842702415566,1.7912551214400858,0.6689053232060879,-0.542867837868866,-0.6062081488417376,0.7988867792881056,0.12008156224304722,-1.0909334838915656,0.5834290359917675,-0.6392704713476125,0.42256009236771264,-0.2790497225350636,2,0.4729234823400914,0.7962551028346748,0.32566196948990717,0.049275292833936224,0.39497104810644124,-0.20170761338880805,-0.7382357591644738,0.3201496890736621
0,0.6713436164290654,-0.9069747701176856,-0.6950655943462223,0.7128453183579089,1.3767500590735713,-0.11558198044872547,0.6635515998480332,0.3322550975372344,-2.4637706321084094,0.7951693809180764,-0.6474218690901461,-0.9045029766774237,0.3324088646966731,0.8228132394479749,1.136004356270417,2.861272797999039,-0.5220225359447193,-0.30400024994632957,1,0.23365787539685218,-1.0750799483851596,-0.837083612328585,-0.13858845242106,0.7253699262293621,0.2868510755895029,0.25123071166115585,-1.2369107169705125
0,1.0335597658520363,0.49842240571553426,0.7591531952924977,1.7825658445210717,-0.45642132091029275,-0.9703914540629146,1.0300317119224576,0.602042461713248,-0.31985734277290034,0.05402788504777145,-0.3035934253745745,0.7077580684638278,-1.78526162662461,-0.713123552439979,-0.2491084302008672,-0.45069782912218714,-0.65175997996054,-0.21943595949419697,1,-0.41099818614195316,-1.1043289042516877,0.4360443239219729,-0.025680950078322374,0.7593939863116067,1.4187896203866144,1.3487224771756605,0.1269971481049219
0,0.07707602452063436,0.1881079368426356,0.7998202783047372,0.4811865987896192,-0.329433798428918,-0.8084687694866413,-1.7419335936652325,0.10545421926318757,0.3553682505385812,0.7655136063924166,0.1252398517352874,0.24037031882792137,-0.6081995556765653,-0.001342704166408748,0.385785715531334,0.8742715660667237,0.0434219133781553,-0.45154857405319776,2,1.0783991852525954,0.17872110737089333,1.3834005896841535,0.007773729522022599,0.2679488200987096,0.20865385880169662,-0.48430517971498477,0.5231809335019306
0,0.9891730460150099,-0.5770324019109252,-0.17062018626593223,0.4260499865662094,-0.33837506075048057,0.6609443271822036,0.7367849258639948,0.6639810162689879,0.008898863671321908,0.11315076223099807,-0.9108398439529212,0.6926326793878305,-1.5161165304973965,-0.5431606615155121,0.41052023248736286,-0.2071774249490479,-0.36993408415831497,-0.32568111665177824,1,2.0339222541484356,-1.4393546016908634,-0.10526759059035176,0.059500394466615925,1.1013349792707552,0.5276893884138775,-0.044760856227775536,0.1220748107622791
0,-0.9367955107475762,0.4554024517187597,0.7718846135236583,0.8875590238614075,-0.031917393599232124,0.08431855667237298,0.8059153457977443,0.645134552547647,-0.40837765758303485,-0.19342814268797562,0.11247916254525253,-0.9300580476533333,0.016769940929809934,-0.3337976247204322,0.06966967923119466,-1.0194574557258678,0.6677370125311792,-0.21797160926674808,1,-0.09846730100761678,0.8421105619098616,1.3335752954246662,0.25439070278917225,-0.9657302472941844,1.8231420856322305,0.8516218361859582,-0.922363977657273
0,-0.40554364721850705,0.9011817273303757,1.4382021289750073,1.6420181302753547,-0.04552338577385329,-0.3931374730846168,0.6980997350278014,3.727586271606563,0.17065361061108725,-0.502055126456826,-0.4305945477873361,-0.48671828670417616,-0.6205584278437816,-0.8058776498141197,-0.12174140873591754,1.139786730787805,0.45673038078357125,-0.10009777319378807,1,-0.383916483111878,-0.36964389679410803,0.8603269553946146,-0.043963143613919904,-0.23302657622247122,-2.5623283358325493,0.18291496271683957,-0.7469905843304712
0,0.19398163436959504,1.52114278620602,2.415114301782132,2.6921369176192096,-0.09446152878838449,-0.827213125674384,-1.0636026520381778,0.7455260120926943,-0.36138775379825083,0.017697790384725465,0.010098235016546497,-0.30110807781494375,-0.24828661467433244,-0.276521139135399,-0.02414388899216091,-0.057489438266070114,0.49402785881256367,-0.6671833795665925,2,-0.5317905861149217,-0.9003606944041687,1.56840334001425,-0.01527344268552732,-1.09095311408826,-0.2623814860172988,-0.921088844494441,0.053557745191263106
0,-0.11909922669621938,0.18247296260676316,1.7104263495894445,0.9383882305411084,0.673197884142028,-0.291834244809873,-0.8341500988437545,-0.30399225320396456,-2.1151951448577275,-0.035239926979876615,-0.4596304657760294,-0.5268271512529918,1.793425242565275,-0.3457249889455576,2.8575654808358784,-1.0471349046447487,0.545473486190285,-0.462879575979642,2,0.09037299018611372,0.4799862196824296,0.8219757230804948,-0.020315627862985672,-0.5433969100230668,1.0427095322910962,-1.21975314077183,-0.7094567966525009
1,0.6815623969774111,-2.775241280114452,-3.12801762911176,-3.5912946388359,0.2183197655617911,-0.47096953420191434,0.5213031879677057,0.3358511338834483,-1.8795877468257849,1.6559951905840733,0.4672643529316806,-0.11039907949000993,5.54390238586703,3.0684604999394853,1.988505609796754,-1.239024981744265,-0.5617927113824618,0.34937994981613085,2,-0.6994925900679775,-1.4798793168130073,-0.6304219512122926,0.20649510390302422,-0.11446780094821307,-0.004569355301597633,0.05730860314421515,-2.3095266923349307
0,1.9815017298173432,-0.4296409578723556,0.32097689659018164,-1.3659376429299135,-0.689790578626404,-0.8434239922055462,0.5365116043069889,0.3177121480286565,-1.9747250504348313,0.05790868434144536,-0.7664974021676669,1.539579320344425,-1.366329674750761,0.2999232803121775,2.7037767906384227,1.7262259836658065,0.43980635044295296,-0.31640195727539233,1,-0.780665996839105,-0.7523766849449319,-0.6673491989902633,0.3467832136684089,0.9384612478704826,0.032618073095888045,2.136075767963235,-0.15760132914772274
0,0.8780865596147069,-0.08252066913861489,1.2463909726218487,1.4865087952097906,-0.3538506087517262,0.19120487425462945,0.9113754941707365,-0.44609691681837127,-1.0331885185194083,0.7825343350525519,0.14911283707943562,0.06390165458425257,-1.3406204198609504,-0.466577011143873,-0.13077399383230892,-0.7513978014440363,2.262276603033382,-0.293981040435865,1,-0.6865640975791473,0.023800023661556508,1.3898155399042111,-0.07420354032255067,-0.12221570680893712,-0.021537440749461956,0.764785597635736,0.016161606619346458
0,0.9377691601353173,1.4768641796861512,1.6666868902417589,1.5588535661282126,0.8698028457790066,-0.6793007129960176,0.45739007354207584,-0.0033205548369008575,-2.559547742352959,-0.0686273118209389,-0.36240574383880864,0.27413212974541984,0.19293134635097087,0.12347251083413746,-0.408960018053501,1.6970718646525218,0.2676419591497,-0.1957374548050192,1,0.5079685433816574,-0.884954633936637,0.834698104262261,0.015052669921202189,1.5575135042436608,-0.50624907563919,-0.4505426507302986,2.332749959226152
0,1.485206730093003,-0.9865377239754347,2.1447832139996708,-2.099925063053194,0.27695612618162646,-0.7700929090820092,0.707559916598461,-0.10475849392320741,-2.295956028780698,0.3075574228873117,-0.7376537791816249,0.4377844301148139,-0.4327760974977366,-0.42806817500611516,1.240346867511646,-0.9695084728468367,-0.3712259371444744,-0.34170786997314484,1,-0.7973717354399378,1.5352516310926574,1.7762876772746852,0.029238290320708238,0.515365864680207,-0.3871874700426625,1.5396731692111285,1.3300055556216983
0,0.13630816053700953,0.5395882594578109,1.1187680972776466,-0.9821114991075475,-0.3052937466077065,1.3770429178855743,-1.138467585718845,1.7651571941016246,-1.5158034093300627,-0.4019831729412523,0.11890588755195663,-0.45728905799990677,0.3373879092491257,-0.7694678464823537,1.8538361087143032,-1.0593186198168838,-0.2685985356144813,0.7880747503626924,2,0.21161401166372856,0.22580352840244727,-0.5238180922842082,-0.009138038057568444,-0.5035922709228939,-2.130247684111475,-0.671869355775913,-0.1644367972624196
0,-0.46827000816394204,-0.6706710967188318,0.7348189990756321,-0.13136166699923604,-0.698674993205706,-0.8635144049596304,-0.13711187336564223,1.5517669738822248,-0.508573252622631,-0.2689158154284887,-0.4713393823032253,0.2872314839667873,0.9830455099132042,-0.3690792855461842,1.1378220566532136,-0.501563404251549,-0.2999946673589301,-0.3522562998876897,2,-0.4789274964804835,1.3170459336371132,-0.3616268579205077,0.11636132217533346,-0.6382611752749618,-2.259802630559273,0.10216404275353919,-1.0340498865412662
0,1.5323913893625452,-0.05115129771709426,-0.18587750788762783,-0.3685904928229573,-0.30999406230692883,-0.8129416366678297,0.819411389057193,0.9394347650153743,-0.8734596755399824,0.01809632006994022,-0.3953184963065073,0.3715059062891996,-0.9249644413875704,-0.42915223293320715,-0.26365097678434307,-2.377640786493048,-0.441172479203354,2.4766957303462225,1,0.09716055799517882,0.49047938376327427,-0.16278478598539492,-0.12639807964919825,-0.7578826765814711,0.9029126655431239,0.10851191898076595,-0.9166069595475443
0,0.33108287193204955,0.01077239710132083,0.4444524828584221,0.5121689550833561,-0.17089371270818313,-0.8614666043063243,-0.5629761122742702,0.2956784499429501,-0.6311710169166481,-0.049148656009224634,-0.3282098507243548,0.25057293870582303,-1.1039422083887565,-0.051039036202936316,0.3300636040173208,-1.4831542759486247,-0.3050736987763457,-0.4249523064695424,2,-0.8111637469065403,-0.8682789511925562,-0.4146401777107403,-0.0014173323237065896,-0.582901287025739,0.3456751833368775,1.7428624119846374,-1.0695478099983426
0,-0.07894592679535449,0.6478336805523593,-0.14145744577571795,1.8337477326703757,-0.5269111248557791,-0.48049909695530385,0.8364878666200078,0.701681168638018,0.75102948272951,-0.5121836014910199,0.22045545608480377,0.21575139804251328,0.311175104457431,0.008350854862925472,-0.24164540568730286,1.3881291102992537,-0.30661815540771886,-0.2842549405609618,1,0.2110875371695285,1.144133883690607,0.6005850305830231,-0.09461610048676627,0.483534137531759,-0.5500323667822143,-0.46797943804263165,0.6666772454255419
0,-1.5584381975422574,-0.1312951058999039,0.7734517077138024,2.1334611105315044,-0.45502854860985503,-0.133413964698754,1.0634098152607474,0.8302728381670282,0.04328813673570743,-0.9125143906829071,-0.7109552697006599,-0.8551906248899659,0.37872371258501336,-1.0614696079968193,-0.6678401273123286,2.131100692793371,-0.2916327299828271,-0.3769114042543988,2,0.6299052354607049,-0.28032989413890785,-0.31743246389584784,0.11065527422996911,-0.7160968316812992,-0.3713244673193001,-1.21975314077183,0.13584317925991748
0,-0.8677953476348296,0.66227069846898,-1.944646641315741,1.0046580951113433,-0.10711458846196042,-0.20546578359133255,0.21185494909558666,-0.7514663887164297,-2.4890377302025755,2.1752685740252256,4.462212277212982,-0.6955413753961613,-0.22006483579332048,0.24616047034911104,-0.21248949598610894,-0.5693187256118295,0.5703713836364968,-0.4290965861350892,2,-0.15194913975239177,-4.620660653081934,0.1469860935635876,0.00789829906708165,0.17130844137124185,0.4972962172272133,0.2112321599406606,-0.9773607972514998
0,-0.4417935398067001,1.1106588332148029,0.5511073356877622,1.0019987691048686,-0.44050255447196396,-1.0165403141269111,0.6798753287278807,0.5386415352257558,0.22769911534850795,0.0797221381546005,-0.3961783977975333,1.1385902826058925,0.014971484770319787,-0.8885317040911598,-0.04355357726502654,-0.24716172315117335,-0.43063305682855774,-0.18907318097126352,2,-0.5113081605008403,-0.022967657486281157,0.021617224368362963,-0.0413022848740122,-0.7060124301370082,-0.035071151382963794,-0.6305363102290874,0.6476292378864703
0,0.4713491699513142,-0.6786754695337467,-0.4386366012435238,1.1587500240522677,-0.2290965281115448,-0.9010283041433902,0.5546643458865288,2.213744744702794,-0.23653263693398358,-0.3419022235569644,-0.09893176799384285,0.5624626979213991,-1.4714574869592252,-1.178970637180783,-0.3952311183623648,1.5651497871970328,-0.6032854288591389,-0.19854565251376033,1,-1.593622002069866,0.11579742903452656,-0.3830434821371621,-0.1253182010960096,0.08725261957976277,-1.0590386966125078,-0.6086466488088761,1.7385384353093305
0,0.21776820412948739,-1.9576081247739814,-1.441063357520913,-1.8779555246178687,-0.29591358770181203,-1.171836050192499,0.5842132957855153,0.8811604929985674,-0.5043721994300427,1.239402826970835,-0.25486367682526373,0.15617094626121325,-0.9917570585335891,1.7267237281766628,1.6250950967320426,-0.0799916389705011,0.28829921431484423,-0.26539374737911864,1,-1.87737378862638,0.4652652025615336,-0.7786415786391858,-0.13824736591391196,1.4040395634373368,-0.5281601802249496,-0.07489022488245167,2.0604398253245617
0,0.06113938414537748,0.028606385048455835,-0.32915744143332043,0.9478413295857986,-0.04718011335339005,-0.6170212901609573,0.45963101269273987,-1.511613985839381,-0.6557914880087559,0.22100473110991375,-0.09083688690183359,0.21672787004341887,0.5698244269919944,0.46813578923533805,-0.8480230477909391,-0.7149850612922705,-0.49352749943437507,-0.29188764984731297,2,-0.10646092315928549,-1.2424525081923248,-0.5104318542470735,-0.13858845242106,-0.16547237579909455,-0.22687905504893308,-0.10313465689281243,2.26547912918954
0,0.11729448453293811,0.09694774042520149,0.5830718010314575,0.7705009379115036,-0.6721581777550691,-0.6899647638101445,-0.28553918517337284,0.7607305609777818,-0.24457459296745693,-0.5806443171201954,-0.8641917304850829,0.6130583061833514,0.07700113801919062,-0.34677665027618065,0.2842420277966713,-0.1760094989626652,0.641883377078059,-0.3172066390683303,2,-0.9891187755082931,0.2556214412149837,0.017656933844449114,0.36372725878594236,-0.6910840868271579,-0.4573095463704905,-0.726022925025731,-0.4452825269181181
0,-1.1564998750385191,2.1117878092286526,1.9119856594207028,0.7761496087818015,-0.5911510355414675,-0.8653989541709085,-1.751303624340324,0.30485078734608934,0.9129737579441184,-1.2682909327767398,-0.7936759716124103,-0.20645623502862612,0.6697857331820196,-0.7911315165928507,1.4508377056079724,-0.6100630635169662,-0.3189014073253199,-0.5576222904574408,2,-0.5357383002880491,-2.4517871272931657,0.2681463717136258,-0.10792217442538857,-0.5834866174781959,-0.42012989841964565,-1.21975314077183,0.16714389461012136
0,0.704387866263069,-0.16917216735829083,-2.135181441613669,-0.3231750744194066,-0.2472409902282769,-0.8785025494584533,0.8812130266315615,-0.6776193799056632,-0.03796514858847949,0.6289009061598069,0.1787862564818995,0.7306111356357132,-1.5649815656107353,0.21835294238799507,-0.10436237356554412,0.39140000822674215,-0.4019384204183224,-0.14398072650904875,1,-1.4042608142837567,-0.2093389235495826,2.6835613533694986,-0.13858845242106,0.6518018589130306,-0.1626204094077695,1.6291614703355806,-0.3129876847102571
0,0.508532942266426,-0.2651762661442947,1.0307755359342103,0.5789518848922193,0.4857531159109051,-0.4961618250684946,-0.642958966251956,-0.3645949603405128,1.2698156158943683,-0.879075346049593,-0.32271903126788554,-0.3307851300389154,-0.9476142667787588,-0.5617281183686343,1.5117384752324174,1.2185173285857167,0.3700646234735418,-0.0372407228073304,2,0.7671373813844304,-0.7809229919711052,0.1918059840540003,-0.13858845242106,-0.3720049759587126,-2.6983343072706387,-0.5721823300614333,0.5030606288366012
0,1.6121305109981217,-2.9644507338831936,-1.3986965196549341,-2.3774314810213637,-0.5781152115254519,-0.49987508358917576,0.5992033090647207,0.408539907968066,-2.5156607036298873,0.303533588843686,-0.038678516349523406,0.4752179946236923,-1.6428610845647356,-0.647027768360456,2.8597940348686675,-1.0694564512910922,-0.4871061790778679,0.248257870459892,1,-0.2949318688324727,-3.492613010738051,0.5733414169208292,-0.04402983148764468,-0.3508950363148283,0.11310173466779438,1.0701123958992513,-1.3534471105655377
0,1.9271509239986924,0.05354462664675727,-1.773834962183245,0.08856281663320709,0.13837783275946422,-0.31731692897070113,0.6639389816589262,-0.5859975878898871,0.5151708097830153,0.17179301084051277,-0.12634225313491715,0.23467555588461847,-1.439961523974119,-2.42873813349781,0.5783485178633275,0.17309185740377236,-0.65175997996054,-0.10362629263348963,1,-0.8471209897672256,-0.0637226120037111,-0.837083612328585,-0.053559321397803075,-0.24304948750100358,0.01349899632028842,0.5240198299785244,-2.0795712074319073
0,-1.5593880968463292,0.5842633399885226,0.8062952344294785,1.3661719790512346,-0.08357494943068072,0.26928714412806537,-0.5300676833756734,2.295309916577073,0.5053661784013046,-0.5956302539378713,-0.04406729811232357,0.5959046608025771,0.9087485253233302,-0.7339290502631015,0.3477336352132371,-0.1490350594477058,-0.1995273503585117,-0.35254006606442884,2,-0.48278704372130676,0.4694848957671733,0.7181885446408773,0.08800815795861283,-0.3478619489009935,-1.422519976270938,-0.3150397395269998,0.05372879599605118
0,2.051188454924115,0.6986661789316198,0.05832590578228063,0.31443825595119634,-0.5610639339576626,-0.3319200240012907,0.8177388796824336,1.126200010104045,-1.3882092203054117,1.203367170515318,-0.6108305362847457,-0.43050987886492115,-1.2932263534871513,0.8082596718832311,-1.3321546422034354,0.04501098197371186,-0.65175997996054,0.0071050388549254995,1,-1.4616317257693439,-0.5479744759302246,-0.17024336412108554,-0.04372790271091637,1.040935102891686,-0.5810781960800784,1.849480349379745,0.7799263214799967
0,-1.381655288205169,0.6241096980207986,-0.8387954998723642,1.7601825980148367,0.5745553808157995,0.7043254685885894,-0.20497190455174674,-0.9061006604432442,1.6806262458573404,-0.5300095298541687,-0.1443795932960716,-0.12938517926889825,1.1574241281011468,-0.6431651271438198,-1.7097124078726578,-1.7025145161517723,-0.40334895015634353,-0.15227012816326568,2,0.27708777303281884,-0.36824826161072244,1.9047070449036374,-0.13858845242106,-0.9487021146870562,-0.12486526148592053,-1.21975314077183,-0.4926537041893432
0,1.2658887664471898,-0.6319845857757731,-0.9600515805448983,-0.1647148171758532,-0.5423451541615715,-0.6883960152593301,-2.279505895035295,1.9879094312887842,-1.8136794482109322,0.8732180862798025,0.027194939855849545,0.3625665365732843,-0.003331070792126023,0.0779922591836515,0.7021253067931229,-1.2786028902845734,0.022647103578381317,-0.39944360084521735,1,-0.8953864269274903,-0.24590495799685952,-0.6234863101807112,0.07637295892078075,0.08942253843121965,-0.23131379880066644,2.9309580411916274,-0.14361593786189328
0,1.2120377576179018,0.016333459307161236,0.26925787139465157,1.1317301397968778,-0.5124807171935488,-0.18676695527506304,0.9658818377182825,0.7074457156107181,-1.4184681173263267,0.5294638484021923,-0.41387253039362365,1.0909843861335968,-0.8714084465906864,0.8311161031212483,2.898371174740668,1.1792608924674683,-0.65175997996054,-0.26024114802353393,1,0.0010404022398741442,0.3701213496552628,-0.837083612328585,-0.09012263249129673,0.16338253539179426,-0.2683864979022284,0.758121296120588,-0.029828065733992548
0,0.34033344819782274,1.4164210347430428,0.16402025354740318,0.07280917645754093,0.29821316388843977,-0.3418940787567345,0.9168427459690973,0.2962337744412449,-0.009755233896041715,0.005680208979628065,-0.14021637185413016,0.8088440758943876,-1.4801338216644768,0.0007173343558664336,-1.568704453241335,-0.33063797259957534,-0.5366818765617457,0.274062971390498,1,-0.4045854448671541,0.45500341929289145,-0.6077595712584439,-0.0794701253417719,0.8397043659365161,1.014799429033415,1.6422100769334038,-0.636794155712472
0,2.1882672322418406,-0.047835520555842795,0.11089190441545849,0.14689964090139107,-0.4294015384781415,-0.7838358049756742,0.8178283324534591,0.7528146374894228,-2.598570930412843,-0.009691684456174354,0.6901574666340509,0.062242493719972536,-1.0104702104829857,0.6901855922832948,0.2433218971136789,0.15918735093290193,-0.32202423976407824,-0.21245273600310596,1,-0.3800927024411614,0.4369182300508919,-0.837083612328585,-0.047477557140783326,-0.08309474107980164,0.4609301908148251,1.3287953930965573,-0.7488535561340202
0,1.4128713770127903,0.6628913324071041,-1.1598467500010228,-2.3387156741062034,-0.4532006651541584,-0.9837521311549733,0.5963322154338402,0.6930160877844977,-0.2504959133480911,0.48255944736029577,0.17478981847453992,0.3718626247950809,-0.07451887680776675,0.6361704116254269,0.9830739478830051,-0.6297795068335535,0.43631698738377817,0.07366746400547886,1,1.5874885698726882,-0.2053079683356721,0.7087921059423554,0.002909738355551965,-0.8929540992361371,0.721306698524917,-0.5287685255648366,-2.1903446847606394
0,0.2966076794957042,-0.9060449029899431,1.594622821746869,1.9232216687982633,-0.052687493538592145,-0.7936317011421089,-1.4045546853420507,-0.4717291317737035,0.5272436235126318,-0.5912605913523277,-0.6290914449263585,0.271677418548071,-1.6325423179672764,-0.9175482850997674,-1.0201456285750787,0.8154616872412084,-0.65175997996054,-0.32669433919475643,1,-0.1914670314847831,2.563249530062193,-0.6822000343287595,-0.07893089804380547,0.061546331280590505,0.9566487140290036,0.308662387664161,0.07614957934831251
0,1.0060573690596235,0.7405510469990806,1.119081099237896,1.1961802104315988,-0.37730100372134734,-1.218737685351127,0.9406434428162117,0.31375233311404666,-1.0681400922980497,0.05640243652062041,-0.7665681585400994,0.1153016762688776,-1.35715104857529,-0.6236507707904934,2.7624852280413146,-0.5844885317754173,-0.5675674854367986,-0.6742877613329303,1,-1.2467489124018427,-0.6220813488671545,-0.5560849774289187,-0.13858845242106,11.049683347401277,0.4222159561131069,0.06079262898367144,0.5164498647261525
0,0.11503654423964162,-1.9266865211186797,-1.0492958523305718,0.9158883380945706,0.6736355535344426,0.7092067079283099,1.0277992190318608,-1.5786639046998077,-1.0597889845718185,1.8330439190835617,-0.3184262481256486,1.6753469315283878,-0.45368951363380927,2.42577286713546,-0.2469338011487995,0.6691432868104122,-0.11572862975064091,-0.5442703034275831,1,-1.6569496315025924,0.5807119961321328,-0.04266595217022029,0.04168005356736728,0.6827822573840047,0.09952348504010533,1.7957412981066958,0.6332561404746859
0,1.472311745417728,-0.4402317830515712,0.017358773592029975,1.1298642603276736,-0.30109720759932057,-0.5613034406418238,-2.452215487956802,3.070274042923884,-0.2076780503672399,0.09742016242497131,-0.31437660251509575,0.3811617170427113,1.4495604823311485,0.9734769348395135,1.9882128905394967,-0.2003309242766718,-0.65175997996054,-0.41643015523291926,2,0.2889921517064184,-0.5060046098382021,0.31133325893111474,0.015640694652149317,-0.032238867574972574,-0.29126436988463494,-0.1826473155840685,0.7716938586840473
0,-0.9428805154800384,0.33042574134784913,0.6138395804159056,0.26966482532111724,-0.7722835895045258,-0.8280065496599427,0.8460987407554581,-0.1704984510167239,-0.685196291128425,0.028691793559448675,-0.4652516315138165,-0.09509345246741531,0.15391071001278184,-0.38898539760994066,-0.8771942484070842,0.6894431569409173,0.4580272233737974,-0.3773704475643023,1,0.14955313491071734,0.11674742688560569,-0.34338598115079705,0.10801466818810315,-0.1651061308337347,-1.23292024223903,-0.018105795822297543,-0.23691009242122768
0,-0.04443021480931858,0.3233929722611383,0.5517686069356461,-0.6111574664574827,0.564613969674711,0.8777679954594557,-1.3989102281303532,3.819650529219418,-0.7940228285094841,0.40519464575496655,-0.39342337586810305,0.6840611263532275,1.4564659901192414,0.691705735255468,-0.2773513742816215,-0.1029745760361861,-0.10690589034366263,-0.3485863101060336,2,0.5500084321040013,-0.9606317737748757,0.21859001690823698,-0.06762407937090245,-0.7700693387868642,-0.6539389694008895,-0.3946073822112215,-0.10295795919800085
0,0.13381834530746373,-0.3677255700872528,-0.7094085697032237,0.5269565454074177,-0.4482350684556581,-0.5477532098441068,0.8806261085389961,-0.2972699237239795,0.4818258671852897,0.42861679361115057,0.23151666934462375,1.0854375697915009,-0.12186285544439868,-0.7465494684149478,0.03141589875095352,0.9153134885960508,-0.38596214388461403,-0.358195114804068,1,-0.8386277601308448,-5.841687369146111,0.6474882510357136,0.022703618090888687,0.6575128460630482,0.09689157898863021,-0.016966163118772803,-0.53146158944172
0,0.12162825746861594,0.1253593629463474,0.5108698808758272,1.7695651264838776,-0.18685393654513982,0.8627891070498339,0.5221792714440769,-0.8395342655324601,0.57142428182089,-0.7270926714977298,-0.6975465689166416,0.16365015259925902,-0.3248155588960797,0.1894120474437335,-0.28943579490150295,0.521331019598097,-0.3223232525836044,-0.34759673099652155,1,-0.5950465827065211,1.1779015930847123,0.9633529833862096,-0.096560691323097,0.42337536944883375,0.5258666163486239,0.12559173781736133,0.4152812335367764
0,0.3139816142849754,0.42774282860268836,-1.2113306079724588,0.34847001684433043,-0.4179077510774099,-0.6599188257365568,1.0156765258978273,0.897945449437443,-1.9085151324007872,-0.7479292840802629,-1.1262992463097454,-0.39420799472085566,-0.7541977723399862,0.04351126680071482,1.4534456363214936,-0.7260645787743862,-0.17889020045985315,-0.14742802315061004,1,-0.21304133809376355,0.3396007241371538,0.21652387701455983,0.007360243978440033,0.27274042177252067,0.868472230053883,0.5782748421201013,0.2960839863400393
0,-0.9011978803218619,0.5881365683329528,0.4172406503403169,1.3456340342649038,-0.31544620874318685,-1.0650631458425943,-1.1904808961420295,0.2832320970406254,1.118297656202685,0.411366141515796,0.08636402024095272,-1.0462853529433862,-0.19101424751042534,-0.8407113792274272,-0.45049857313812025,0.008703267319476224,-0.542010754175959,-0.319522881497904,1,-0.018022968967816383,-1.5202852736105417,-0.2778350465069883,-0.04525908711240097,-1.09095311408826,-1.0336614032783806,-0.727433316823233,-0.360835422644575
0,-0.3466193146779474,-0.31447108889659503,0.6449404682096784,1.4897486164823392,-0.572774623519267,-0.9713818389816589,0.9490127167217746,-0.3455969064558958,0.8500398227100187,-0.5071551998003571,-0.6033322478203407,0.03653095093172415,-0.5156060475993304,-0.29022991629255707,3.234112788799309,1.1562640824168562,-0.4512899561059638,-0.08856010148331497,1,-0.47385564838970295,0.5817877066677195,-0.7453941142885833,-0.055224711916533484,0.1916523493976657,-0.399315506811398,-0.28121721538037797,-0.8835405155743694
0,0.19709877292277023,-0.19800084810408586,-2.3694853897331947,0.508030799430818,-0.6053543045127994,0.7581138066638687,1.0858001277415155,4.083609155638815,-1.0272869850131314,-0.17053549139530602,-0.3912337760510191,-0.2870930122370439,0.2147481899674195,-1.3933338957504522,2.387928877018396,0.5703899013080702,-0.46639324953013883,-0.4566568149859466,1,-0.6293408834325044,-0.9590550609795273,-0.2360369901221142,-0.04955224506298219,0.3435770170083772,0.22442527547994195,0.7293947874154377,0.2766111515250921
0,-0.9320968747323748,0.5378013674334708,0.9401082067116029,2.1519574804380954,-0.7093747757665134,-0.48626798823288897,-0.004760363556984837,-0.4441629919017875,1.5704873179800103,-0.09379036725207435,-0.19171280925919695,-0.11773004235993512,-0.02825952112971636,-0.8480093429841521,2.3577966801049985,0.1373376023954473,-0.49625354517946424,-0.21977596708913943,2,-0.3630629334426254,-2.0119517258061466,0.4079706397364318,0.1629683642608094,-0.5390004074792794,0.05843368213637351,-0.596750412862423,-0.5645686283253047
0,0.5293985261394353,0.41925893190328045,-0.4217527557307948,1.0645639356173704,-0.18695613258657096,-0.7094060927149866,-2.2509967997656855,1.388129952971458,0.273277092931137,-0.15832951479519225,-0.13472946862063861,1.4737955240263578,0.12438720709890783,-1.0211445636221355,0.4298873036019695,-1.546031729359535,-0.3092349338176691,-0.4445630110138388,2,0.008116384892211115,-0.6624085289665644,4.602924108609919,-0.06468382202240226,-0.5800342284264907,-0.11859961018748538,-1.2184218775158668,-0.09646118166947232
0,0.32649428298892635,0.9750091456492804,-0.08382586440297163,0.2998172073505825,-0.4642604345163596,0.9236233198951068,0.8172113410904455,-0.09095413331360724,0.3914381511565659,-0.517887999137688,0.2998444170885758,-0.1460912425937891,0.14016140299875846,-0.5789508953573403,-0.7498625981281272,-0.7406088106374024,0.12232269862051001,-0.3208089277649633,2,0.41438350920511224,-0.730604409657453,1.4424261483994223,-0.11619512213402058,-0.7188115747944895,-0.10575044132522747,-0.9203049320735761,0.6142237556052227
0,0.8075390247230165,0.35549566304612923,0.554187034230871,0.8431342107913514,-0.4695127764418071,-0.6856001911207292,0.8670070608069713,-0.2761743862173575,0.7498692733963338,0.17113767309756567,-0.9709126781189208,0.8529757923715318,-0.8774498736383096,-0.1880995740442518,-0.4344902551050257,0.19283439540078617,-0.6498516952765752,-0.18825716993942476,1,-0.6252861591789448,-0.7350340258276182,0.4897501562555507,-0.07381744222352084,-0.2563496818818454,-0.005261312605959967,-0.40339270417094053,-0.7957609580459175
0,1.7804611902038834,0.5554656738130649,0.8591473506721006,1.4418432436362827,1.4467976455180769,-0.33134717428396765,0.701533536490136,-0.8173345906214176,-1.7038005380965973,-0.2716481478305186,-0.30319911447571357,-0.23917848934922073,0.22148969728250306,-0.716308397421013,-0.5131606757581373,-0.5634441151322798,-0.4142718822901732,0.03311408932516302,1,-0.7591370914823348,-0.6231146468323687,-0.7926589114682357,-0.049563120140979494,-0.17069234836580824,-0.23252613429471233,1.6748647948565534,-0.08528576996451992
0,1.7935678175388021,-3.97321422704135,-0.20340244236130625,0.40189239373901897,0.4803741969907066,0.567918025846754,0.8527009829958846,-0.7771090332372874,-1.9386050545281015,0.6330083575275224,-0.08290637164881258,1.25784152414331,-1.0966461011250161,0.3624090484784206,3.45248851590598,-0.22523005528329165,-0.5783286748401191,-0.3087711954127982,1,-1.351448312493656,0.7486425876616624,-0.6555294168048751,-0.13858845242106,-0.055847962609180124,-0.5108458176192281,1.97133463092677,-0.17025265806784318
0,0.056692141876451885,-0.1698411580664243,0.768604570349503,0.31074027541035965,-0.3276348449872026,-0.7116723581776018,0.9514232511319938,0.1296346915886858,-0.13489336342913422,5.084752132098951,0.701463216405549,0.5152682606886398,-1.7255281704233028,0.6573629252512241,-0.2997395887182654,0.7788462943637637,-0.2855457234398361,-0.1855653895507498,1,-0.647730475473874,-1.21268897579407,-0.4073277599059731,0.012413526529445065,0.37950573314854713,-0.23438170208291947,-0.6416024747800224,-0.2510052428337233
0,-1.914547696164746,0.44138301277940617,0.5389415684759247,0.7208927082514852,-0.7229080373752029,0.4618935746610888,0.8940934586189153,-0.39140996933320577,-0.34321351113019094,-0.04492952083505691,-0.4111947972037876,0.19548348480366834,2.2587874096899316,0.1937151636108862,0.5507396165448655,-0.1845261358809277,0.46803834340497125,-0.3907856516572762,2,-1.0019803041247262,-2.440331392599432,-0.620650800569074,-0.010841350412131155,-1.09095311408826,-0.9465500336682853,-1.21975314077183,-0.16563783225753712
1,0.3061677410057355,-1.8694389394480708,-2.3534955108953795,-2.840783811559225,0.7520794157667384,1.7303493583860452,0.8001452670629954,-1.2754902891661877,-0.32934623175533495,-0.009997113422039128,1.0124713300305812,0.07240607749952692,-0.7457995276497056,0.7340867305415335,-1.129781634878624,1.6413374942866124,-0.38158714633093455,4.678743618918281,2,1.5626275035318322,0.6719946582954375,-0.837083612328585,-0.09647946880122758,-0.3238033593423193,-0.1767423547161911,-1.21975314077183,0.27191064265211873
0,-0.7542920189967397,0.1090520413381949,0.5112210529954089,0.6441439642848897,-0.8413755787943236,-0.5161520862987298,0.6665264555193435,-0.8132079752216208,-0.45445735525476966,-0.663154191774104,-0.048122413597042654,-0.0068410840896593605,0.5912716900748769,-0.034070668286764555,0.37278154253309315,0.08170525354614855,0.39469713012425117,-0.5653140835911281,2,-0.3156268069289363,-2.8086551404483755,-0.3081043584486689,-0.05614107248902395,-1.0250512048424847,-0.7015303623468057,-0.6122436098991171,-0.8761441392863741
0,0.41252209903817777,0.621988097177692,0.7377052882531367,1.3539232135094923,-0.677811994316888,-0.6892067194023066,0.9822881248228374,1.018902714198696,-0.09430523100208271,-0.40473523860717975,-0.26657942053723455,0.01136254159249997,-0.573538437071919,-0.595264768285195,-0.016766722514578836,-0.4711208183569025,0.2382818434287359,-0.46191260829395187,2,0.07930334497417718,-0.5225305302136584,-0.7706087795124378,0.28199004331690936,0.2682174725635816,0.5166898265000793,0.21821376917745883,0.8069768581268251
0,-1.331604923864205,1.6482288233871294,0.864893922913185,1.3632090101913767,-0.19097780140825607,-0.8159148633669338,-1.9810066538145807,1.3524317308197467,0.08208055833504296,0.19619336506903173,0.13949481407357983,0.4993148628878217,-0.5370954682424307,0.06762243854957062,1.2927804418325877,-0.22918591537856425,1.380154478131966,-0.5695024568883476,2,0.4498250153614973,-0.35384062139596173,-0.13794443053730565,-0.05964536959067245,0.02031619496804643,-0.16422230690684653,0.7044446049049797,0.44312154619664734
0,-0.42377574096131804,-0.05023455603776794,-2.6752516812277056,-1.7884711850586372,-0.13130715381019542,-1.3887053254735782,-1.6489784523216973,2.303978685916522,-1.2380572650756327,-0.19196677841345444,4.560625756884878,0.8006466087521815,0.1311488904091147,-0.07479073478942275,-0.40813786165353777,-0.09512033437576928,-0.4225395193921875,-0.19109533195378786,2,-0.2538201645959973,-0.9342197698759175,4.864408249618251,-0.12562487718801119,2.6288067092200125,-3.7313238301281735,-0.1473963335288009,-0.4354327453871725
0,0.3266920530559785,-0.40125643947153633,1.3093534040280208,-1.7344098458575172,-0.3496895240549207,0.17372320959872656,0.5912723237608946,0.19512185660743542,0.5987640219484518,-0.6835123902129572,-0.6471460062439196,-0.0009068069355251396,0.23960304884513944,-0.25138538458250376,2.5299344700430253,0.003133331350853197,-0.07443096163160451,0.5356683798226929,1,-0.26667833536635205,-0.7544093201146604,1.6885920238039782,0.22031039215365983,0.7264382960612126,0.3989342999300608,1.223877283447189,0.34809818879224086
0,0.49493483163076235,-0.43436544268607974,-0.05512859428621387,0.19376026901318355,0.013999057908130885,-0.12840791970190707,0.3675110925957218,-0.9028266406332915,-1.2277476081662921,-0.5468941966417432,-0.03157879168186867,-0.32939389918170403,-0.10329856254982417,-0.32539701724645087,3.2384721812112334,0.7489665322224475,3.260021853433919,-0.1464392389673512,2,-0.2638787183514734,-0.6128439142636656,-0.21332508377116174,0.19528952799802785,-0.31077049454931305,0.2470564911712918,-0.5816201321734621,-0.1844466896112742
0,-1.1137439042542487,1.3542280852060444,-0.049602903829103095,1.6647192028430642,-0.6219184448705365,-1.003140670269787,0.7331098610164131,1.9816693723087178,-0.042744389007479164,-0.04346184292702865,0.13680578479867533,0.2850639658357693,0.24090964442689572,-0.9163712386122189,2.597329158679267,0.06081006854055249,0.12231985589405883,-0.36012723801696883,1,-0.38292746450595233,0.43169691765181084,-0.7912237901994559,0.08003718699052428,-0.20148496388622666,0.1592023777251323,0.714015365021131,0.8239566786390196
0,0.5044551228254234,-1.2674853298123898,-0.09242343814514795,-0.6494419899830226,0.3797121481190372,-0.7268875387544382,0.7392199008678351,1.8310746277428436,-2.034372905294296,-0.055041088806311034,0.7135390296296237,0.35255534369043007,3.043524231464829,0.03208602009530229,-0.349838356771642,0.5520064404117445,-0.19381245579341821,-0.4281137353071951,1,-1.1879892828824032,-0.026749215161574746,-0.837083612328585,-0.06333232283158713,0.34041646900212474,-0.11221377086821921,1.036059212951796,-0.5741209587716508
0,-0.31193984031773936,-0.9872791161899263,-1.2068181280171064,1.1151317083480143,-0.8438430745183998,-1.0788446529931648,0.6695261738768643,1.3645770720665245,-0.06564167567032003,5.610567496017509,1.3013213784408033,1.1961554918270176,-0.7769492121789938,-0.2590443816232125,3.1061585623836185,-0.07111043135930348,-0.6297032373989487,-0.16605223948511041,1,-1.8168462212799648,-1.5726963586331508,0.012693688792519572,-0.06225282637359544,0.8913234825053131,-0.238932734232873,0.6542445499027832,0.9558803118587371
0,0.5858310388682739,0.07891654825425812,-0.016965235813466484,1.7239318459475834,3.166606310123483,-0.6917986674624932,0.812871709093841,-0.2805093256825539,-0.16046262722489363,-0.9041979270694641,-0.5001627161972709,0.28314376519561496,-1.1150611881412589,-0.7211504034270522,-1.8208507608243591,-0.23253895976156763,-0.6306676276794387,-0.20115831712573676,1,-1.3031947735218945,-0.5153485888760614,1.2442350141295972,-0.08630486702153659,0.7255516232628312,0.8187455429095424,0.3195761356284966,0.4558840606224986
0,-0.07305016058532038,-0.3951778723362174,0.3266864828454379,3.076456249937578,0.08392951586909203,-0.394532834289937,0.6665017779807962,1.898353815778906,-0.5908659307038377,1.288695736763282,0.03133951449311517,0.2220298841630664,2.100881357243476,0.3500108945186057,-0.10178432793243902,0.048352525342098884,0.128037117898767,-0.47064349125505733,1,-0.4936203280868977,-0.046919522091947885,-0.42473640039904387,-0.023523648507123934,0.19364153292956957,0.3998258998720603,-0.6132690440394873,-0.21284298342489447
0,-1.1870254044252246,-0.26546249321797977,0.4400451442939959,0.22919229727604973,0.4198335891181793,0.1648942508554182,-1.963901939120754,-1.3113472157341663,-0.9603108464296651,0.13917669658356757,0.4890530400833419,-0.23030070747303177,1.2396794255470587,0.19362450940726367,0.5864949699195283,-0.3805085129052909,-0.3470121524805906,-0.3096192602301256,2,-0.1615467568848624,0.29161062766385626,-0.4135373942244548,-0.02904061742367652,-1.0674783572423236,-2.6471936073844597,-0.4489089270138126,0.7610436842003491
0,0.4135376504538004,0.15366374484323891,1.2487007957371266,1.2592541415359837,0.4470347928624009,-0.6700735723764114,0.48065814464473994,-0.6961479559485046,-2.9278362691021442,0.34178338603775127,0.11648768355988898,0.5048267283329397,0.7296991774931008,-0.11238773238617444,0.0652421456352491,0.6094858835954813,-0.19660741519987973,-0.0813291764870166,2,-0.17075876219906358,-0.618921595626422,2.7132233753992576,0.03600881469258692,-0.3465294799556109,-1.531514368140461,1.262369972692286,-0.6176064253285226
0,-0.45336025940829006,0.9874499839445261,0.9146370457402048,1.8107460280922785,-0.6737565771715766,-1.1398795001494073,-1.3526852484264644,2.1090892097056266,0.14798031879337464,-0.2616921202215776,-0.0578389599963971,0.38815738971158786,-0.33456736726468517,-0.215673484174622,-0.4336747354697701,0.5763395247124553,0.1397737836503555,-0.3630678658801893,2,-0.5528900154935423,-2.672107341356649,-0.726613969623239,0.0860350341832258,-0.4073660201105591,0.7527503447798058,-0.8675218687326973,0.26836313739656986
0,0.5769601575104644,-1.550650004589143,-0.16398261478743512,-1.3172815063462666,0.6475670218100976,0.266782039066591,0.5021402813875033,0.3098902394095342,-0.9083208043782571,0.5585048205091881,0.26897373319128837,0.6404670995446982,-1.7184110474048566,-1.320215261697657,-0.634604962279778,0.1192497806242957,-0.2774847749469937,-0.16555255663463228,1,-0.9114490119697587,0.35998008686226346,-0.6945657963658601,0.08696474536856985,0.7629952084275421,1.0058401796598635,1.198155598899638,-0.628886779398947
0,-0.344956599667711,0.941411768965512,1.4892695927268504,0.8896302758169957,-0.274620316605516,-0.39180905143561995,0.3649969886414717,-0.08995458260597822,-0.31164187559225676,-0.69216929834812,-0.218250781731791,-0.3871921703921226,1.3623013163846331,-0.24791501468148416,1.8199420365248298,-0.7100519205116931,1.0636921616789574,-0.3315957169503551,2,-1.2977436626437355,-0.9469528654257926,0.1853795450789232,-0.10061311861991,-0.38775377639653774,-2.0004238250358157,-0.3166342465007783,0.7734525778962597
0,0.12966607490348425,-0.9252081368544689,1.2254077974727147,0.6193321095398108,-0.5046155817893061,-0.44878318195629346,1.1010190540649658,-0.1971628568672668,-0.2052763278571294,-0.37007022939018486,0.14488767708123979,0.1322834384764013,1.4191392985899656,-0.7371217824027498,1.6660296381019133,-1.003164595003767,0.778749647224442,-0.4289361148194958,2,-0.9999033129595365,-1.8146347505718725,1.0304729974880595,0.2719847071595742,-0.4509236900897786,-0.6709346495632806,-0.08377018542172632,0.8894037866293436
0,2.198756546867506,-0.7890295370897884,-1.9093297990702758,-2.0551943332203098,1.381531503139835,-0.2819098786113311,0.8205342214693706,0.8861175202444613,0.2997322776401322,0.5579877994080055,0.4509011919237708,0.6890125162964129,-1.360325927698525,0.36985492010329657,1.365926909841449,-0.6387855937833374,-0.5513137180948177,3.023413041502015,1,-0.7854596472486455,-0.9217614033113531,0.8632003622607599,-0.035182371318821425,0.47569344520410395,-0.034434327852825186,0.9101604939131757,1.4159447901746356
0,-0.335101829579717,0.8441417229071926,-1.1367924400248384,0.5803638601088349,-0.004476014686631613,-1.0084883469050283,0.35412727937815897,-0.6502609323707578,0.20170792463196208,-0.05309565383563292,0.2504472615713648,1.2223082346442251,-0.17620961647402078,-0.3456791642095902,2.231407871807174,1.1659934522784496,0.38136782497647864,-0.5685336319224324,2,0.06932510482101029,-0.7315530517259514,-0.819145210195459,-0.03507562198988014,0.2019560171736538,-0.011957325741106778,-0.39255966629369127,0.5545020691009019
0,-1.338553522383499,0.6886957498556594,0.36404803803442504,1.9175486060497453,-0.4221933886060972,2.112829161707257,-1.4431685607803362,-0.3420710703386858,0.2655385201710164,0.24350588377322105,-0.06798926428879341,0.14404104128852707,0.43711703921038414,0.18195835975290356,0.821659510865306,1.5097820288778099,-0.14767118370887586,-0.26237606697395377,2,-0.6061860688782906,-1.0283115906893026,0.10916416399671111,0.046391640159615194,-0.06472635461971205,-0.933867840788303,0.1670449528772091,0.39206979037859013
0,-1.2395649800007817,-0.20366007044321172,0.6311757628164649,0.9862796254653553,-0.4786204260092613,-0.6217164203307302,-1.2087851268012753,1.1071153167845431,-0.20981081752516367,0.16638541768385373,-0.3106500458836082,0.600240330543908,1.931953063179602,0.08407749919551717,0.480507291005119,-0.0505771656598335,0.6120804260927002,-0.10488282273812485,2,-1.0304544186366642,-0.3922832858717969,-0.2111739561584815,0.31646104448340723,-0.18103933953753382,0.3699158454289737,-0.036102186555053,1.575867172603849
0,0.27112795386635774,0.27766529347255664,1.0969769704150356,1.9941557599008353,-0.6746881219911436,-1.016804564495737,0.5248837674442363,1.1960881411955715,-0.3638924556323826,-0.58045423864287,-0.5592216879777279,0.4545246358385181,0.6548844896490913,-0.7901764596889589,0.06697723304767089,0.7743824859924002,-0.3323964434220034,-0.1255584003886374,2,0.37544517651290443,-0.1485572878116975,-0.2871136913811665,-0.10396521842353706,-0.39658258696654103,-1.1489375069895649,-0.17903107780618255,0.14808386316255487
0,0.9635930231261272,-0.7694841212699383,0.7823577770966252,0.7463182821426882,-0.7172550075661481,-0.8675837178637791,0.6027953853294848,0.9808037601615727,1.5694544611177714,0.18086151660524238,-0.4211493878743199,0.12612592346731863,-0.25390423144159946,-0.43381469258605576,0.6473672296893744,0.7223523259482769,-0.062321302290459596,-0.35629943944827397,1,-0.21094994161192673,0.394755651438243,2.4625469126363884,-0.05726162400796172,-0.03745905754048379,-0.5690573783853389,0.0036921094141276756,0.6861308361130203
0,1.7127530839322893,0.09850804587403472,-1.8367566327643494,0.04947175390372438,0.026292961292212813,-1.1445068928883808,0.6705745681118519,0.21976978851663465,-1.682183531680408,0.8149863845959665,1.126771760160573,0.8518832269266896,-0.8775578087299828,0.0647930333300909,0.30193867646479655,-3.360761004302792,1.9519487131883242,-0.21395793637479693,1,-0.6263288643386448,0.5226116215405879,0.3710531059065831,-0.13858845242106,-0.41419832155240505,-0.27880042658747856,2.6902356202975377,-0.47169208251922207
0,-0.36074278853177344,-0.6540781146826897,2.1129836300303944,1.1874941465881226,-0.3930578813707337,-1.180609037990123,0.8281993699949629,0.7901331104868783,0.39980124008480333,-0.004215880400648436,-0.8478528244646685,-0.3913901656392427,0.591374003894429,-1.0185555090921579,0.2542215071215568,1.6764044506945068,-0.500782632253674,-0.47373175452762956,1,0.1335974657028603,0.11965280974364917,0.5243444003242395,-0.034464734834104185,-0.19285104658715363,-0.4456921837488327,-0.36126353373458275,-0.3530155350925372
0,0.09988817919052147,1.0526050964273899,-0.10428598639705894,1.9926910744848416,-0.7481526528035012,-0.3228803196539872,-0.7743810397237065,2.289651638300682,2.5891144916288393,-0.29567994743738746,0.23222462909420247,0.5769079796761432,1.1496663010513513,-0.11151898532686258,1.6870992715241764,-1.209944095640087,1.5099049641264433,-0.24457039995601018,2,-1.8741550196896481,0.018775832138865328,-0.837083612328585,0.06092140454899237,-0.4539202788291291,0.38957466279991004,1.5867816847440541,-0.37197363296342933
0,1.0843957115992284,0.039232721144834226,0.11395293625159192,2.2392125049948715,-0.47068390375996705,-1.2669929528426493,-1.5638225471543645,0.6108232491271054,-0.6170381094256571,1.5617662977536928,-0.122516005444668,0.3751956163181446,-0.5776918809532028,-0.1917638900314768,4.063708107989789,0.9225217076905587,-0.005859526572681295,-0.04117574642765365,1,2.15341041978043,-0.21186759879193634,0.4234532220885476,-0.058718699345156854,-0.7267731107155357,-0.7343309267470659,0.3692549250935083,0.3326704193519126
0,1.4124232626028308,-0.44988468615711213,1.1181838161347972,1.1493587840231438,-0.026836914291103797,0.2576284276000185,0.9003757304309898,-0.20088484495024633,-1.0943192452831727,-0.16064619347994796,-0.8060259799310602,1.2598432406802806,-0.6128652948713198,0.6767101712005616,-1.2804089456263508,-1.7386500817161068,-0.15254784075708555,0.13014083743553956,1,-1.0880091817515567,-0.7712773588965135,-0.7493480929025127,0.11245427424993432,0.32722978882541875,0.5088710615758889,0.3872108494815024,0.49916166925495353
0,0.3225716024360555,0.5550732073188607,0.4411248641572395,-0.4234061357486636,-1.089562483914266,-0.8936358900311621,-0.984527850879823,1.1569540624463852,0.5620616127236566,-0.9438678684285826,-0.8208334569922171,0.22663100887105478,-0.4271174779177157,-1.0003834267610017,-0.2027416718421732,1.2040374386848072,0.3478858260446263,-0.23884667417071204,1,-0.5738574695331814,-0.07518850338865435,-0.3974972393517169,-0.03465525715057745,0.4837110540181028,-0.03763650869357038,-0.7443700115606358,-0.5886358922899624
0,0.6237638388408192,0.14251424866095808,0.859761804614462,2.0335466585554527,-0.4789735315634308,-0.3623306174066853,1.109033796645033,0.5271800169425009,-0.838076015066022,-0.44736373107942073,-0.6472595145541686,-0.37578158780923826,-0.5755345338829011,-0.3798023106078704,0.7950506259266156,-1.147989794982431,-0.21908405995795613,-0.3805091189788356,1,-0.891651292636054,-0.5032272484390687,-0.5702716620581896,-0.08312105997944542,-0.2728728851983042,0.4095348366684734,0.518263376999457,-0.502642512736934
0,1.4528245946078238,-2.6610798303356678,-2.225069365172196,-2.3275170316430356,0.9347858116163698,3.9081101264549956,0.6586810084359479,0.2799565459090731,-0.4088870645877995,0.756020715493943,0.304160021869677,0.33880468922929413,-0.2478870502014645,0.2955916756655569,0.09838315914389406,-2.3911406440231553,1.179423990344316,-0.09439492487056908,1,-0.18223182992325182,-1.3676190645844732,3.4920292782842037,-0.008737608619846612,-0.5351813241094652,-1.5705275096720925,-0.8341989152606032,-1.1753516813213374
0,0.5450985375505402,0.5227325457129769,0.40271698701119285,0.8572043980914305,-0.10680397218889431,-0.648982435534611,0.43435423050848443,0.991113627751445,0.6000005030321044,-0.525777029215695,-0.45114262814204165,-0.11301312002117536,0.6286369937940544,-0.5693546859080223,2.0969235465508334,-0.2824239707200502,-0.4295143981195988,-0.1039366648362143,2,-0.10071443363082896,0.41580461252874046,-0.7487111992800107,-0.046515065668323974,0.04767070099747084,0.04437494758946048,-0.12947285710034645,-1.458829782046061
0,1.2369487905596614,-0.44200840504559874,0.4057101124668115,-0.6513391762676205,0.03551788710193404,0.48183955685470864,0.7348939141438067,-1.5722104554625993,0.10712900709100559,-1.12292362244997,-0.6516269921956888,0.688999917520084,-1.0674233792739396,1.323682249878518,0.32237258970296634,0.48262075300479235,-0.07996862714628858,0.879345928226186,1,-0.7722195575969785,-0.2311991747475635,-0.837083612328585,0.037412652606584905,0.9110039105266566,0.12600565753617077,1.0003250400535837,-0.9625968001184066
0,0.3898312465675737,-0.6360553602750871,0.15492869027757927,2.5902756061128844,-0.22925565888209135,-0.7625764578022792,-0.6241956115904364,-0.042889529064772614,1.7292888935475441,-0.8867299782901108,-0.5079768854312756,0.08244562454692378,0.021865214934171207,-1.0872068875505934,-0.07452182463323079,0.735546997939893,-0.4014168402568787,-0.3088886345101293,2,-0.683209343762297,-0.08448210752169139,-0.7736623284196643,-0.13858845242106,0.3678047241185416,0.28562598194305133,-0.5965139228890052,-0.28716709807282254
0,1.7911900398170792,0.10917081866072287,1.3309706886799297,1.179454451242821,0.8486599632236698,1.253944074831559,1.005862095131445,2.846410411371746,-1.0896534077694109,-0.399910525398432,-0.40978200931484965,0.4272496255250221,-1.1675706684409748,-0.34102939145158084,2.0791340727387753,0.9096948499994686,0.03022524434547945,0.32151068291207957,1,1.3022243069762276,-1.2446749773087151,-0.837083612328585,0.05134571402643563,0.8923558267372949,0.38168113761285993,0.17783050770223605,0.6830693516724091
0,-2.981101616208956,1.2078358749375766,-0.9808338711242669,1.9118773076159548,0.6626855916481462,-0.4732042378318263,-1.198232072904939,-0.28160098919291177,-1.5113937249219878,1.2291470905764645,-0.8179329463737138,0.5191999924723837,-0.8474699855870143,-0.2945333062654454,-0.1264699460014631,-1.065475907643144,-0.5541664363027754,-0.21429580419890745,1,-1.87737378862638,-1.24591480656052,-0.837083612328585,0.1220311426030975,0.034974804186521935,-0.4416896238187344,0.21707053018656888,1.385006209609697
0,0.8758541501752861,-1.4431628553876787,-2.907479902203849,0.7468522208929868,0.09035951230106687,1.170043861774066,0.6705118118705589,-0.5210805832997989,-3.1184352529808077,0.8973143701530655,1.7908926563920207,-0.04644212768811523,-0.1933069303796776,0.9306713397939003,-0.8485256793728498,-0.579569039180983,-0.2080143208152409,0.2367033719373876,1,-0.2206640428781111,-0.40238606692702883,-0.837083612328585,-0.06964301026903302,0.3640036098180265,-0.6988126755426411,0.02388591250215738,0.07244862035979363
0,2.24867707487614,0.3666585966999765,-0.889260790421732,-0.3171663585580966,-0.2557292777012016,-0.08110082253515863,0.8374850631178237,0.4594939100558739,-2.369960353173177,-0.10507765727084006,-0.10860378012487652,0.6916461520228236,-0.5354801585151407,0.34969102239656547,-0.7716604107862682,-1.1141685861041941,-0.3913964224817364,-0.3647362368556557,1,-1.87737378862638,1.2204276499996598,-0.8001692798962966,-0.017994457290792618,0.8549525932922972,0.9559303746655659,2.663766974120607,1.5741437394951565
0,0.3586059810820149,0.023466445432123756,1.328513011367789,1.002763648383317,0.42537761608216884,-1.5175020946958462,-2.4788992544998143,-1.2568632333475032,-0.7766843008963121,0.7378915762650753,-0.2625131677256467,0.8622828538990259,-0.21611885717264034,-0.42426042370099737,0.32656034787278054,0.9426677859621455,0.7598590347330978,-0.4165584693201917,1,-0.42508896999410917,-0.22426165740664475,0.9662532779545139,0.005970683201265391,0.36882165311358556,-0.16786444759114413,1.0259340128625076,0.297258075884421
0,0.2067939001988721,-0.995842471593797,0.9423106459207738,2.2689609198069194,0.03207406159250442,-0.34850830331649113,-0.6147605738048465,0.3772101504615358,-0.7409740500017733,0.2849139219427209,-0.47835318660661924,0.8636840552563647,-1.048440472551461,0.17211393575911937,0.9702212337494043,0.28458130342306975,0.49005384925854123,-0.4846358883625491,1,0.27368524904519453,-0.5822075723509603,-0.4650992060317314,0.1110407260166108,-0.37140413530071276,-0.2815306086321048,0.9700207988219653,0.5410687892672391
0,0.2859402974596479,0.062168878544845374,0.7444522830450262,0.45600120305908753,-0.8244852236057132,-0.993771511772006,-1.6533779731027842,0.3420794039641814,0.6476749706977508,-0.3457034338366485,-0.3381199037828654,0.8098033687483177,1.0536865784940832,-0.5690374946972813,0.6424014878156686,-0.3935547463014035,-0.5019389754949131,0.9763807921057914,2,-0.189515868029749,-0.013780929170197131,-0.8304194376609623,-0.13858845242106,-0.4141017569129536,0.8130884618366068,-0.22243604282591597,-0.19964122610103663
0,-0.055435344841372386,-0.2167148669268381,-0.43817615106532926,-0.10470736858079338,0.3107749960898383,-0.3273470949493957,0.5444130724334942,2.0395031381499305,-1.3082947747674423,0.7060026181161693,0.11856829876077747,0.5671708348644096,-0.027702965801243984,0.31916001105702785,1.1234216965333423,2.6835552097417557,0.5108305137157367,-0.2524028123765064,1,-0.7417008519643852,-0.3187006380943237,-0.1466560197489759,0.05767242572953318,-0.1575874910639834,-0.02813253192240428,-0.3934870203035364,-0.6973323388245476
0,0.563094218510654,1.244613924419508,0.9802236485984697,1.5758521183809333,-0.550331075735563,-0.3961816067763837,-0.7574818474686047,1.7794613737522886,1.0662577696445312,-0.35455245909382893,0.03303253034348547,-0.5678401283915028,1.1515404775034637,0.13798689634675362,-0.5199471559866561,0.6206647798751481,0.7514521620409012,-0.263638793066398,1,-0.3243208475357132,-0.5156393554109413,-0.837083612328585,0.06303365525529918,-0.19398615018351012,-0.5788646776059663,-0.15111003669245815,-0.07903485814060345
0,-1.116321913050425,0.36814141605346506,0.4535340549168139,1.1020573429479676,-0.27631873324962064,-0.9832838560634836,-1.9267514792939422,-0.18143988877604666,1.1482808271993572,-0.5677557951112907,-0.0068059486104353195,-0.7163213682218075,-0.7138113608387753,-0.4176076269358033,0.15056415622123587,-1.4865418730349957,0.04166551666698984,-0.2534072242886761,2,-0.9599913402060181,0.21207403511377265,-0.22807891215693274,0.0020321503344682135,-0.9165803907058145,-0.059899292381141146,-0.100852723515826,0.1554253161204395
0,-1.2164964432044247,0.6954332604690792,1.5590784501410784,-1.3472257913517085,-0.5379805784257317,-1.094570904157803,0.3893920197720576,1.5278924057894094,-1.415348286064178,0.7159402651139747,0.6514084433054868,0.6070572506063309,-0.14715338155905033,-0.3183977711930809,0.6319780087397409,-1.1789588860001892,-0.11587802791561705,-0.23888694266634447,1,0.23997676307607302,-0.3863338552347392,-0.2507649363202088,-0.06406211279148241,-0.725363821703817,-0.24146496571913584,-0.9764419186463286,0.23877481062538253
0,0.9280372520420669,-0.9276694556835777,-0.54205747851928,1.025295310525634,-0.777851505694724,-0.532926882328579,1.0770975175096238,-0.1325706231606284,-1.630525791110511,0.22811807430440323,-0.6012323786447753,0.45653784842538575,-1.1744713108035931,-1.009605382743017,0.19474910737744555,0.22472059423543156,-0.54922604631642,-0.02030970803519183,1,-0.5619834673275946,-1.519234562381349,-0.07902977097565544,0.015665908188624914,-0.017080197464917096,-0.06412168032378468,-0.2635313074274672,1.535547386327417
0,-1.7153173388514342,0.7506687461257949,1.573952646610997,1.384920150100879,-1.0222401808260337,-0.9745164368736754,-1.2351769138262627,1.7639354926539592,1.7344627666462737,-0.7028542099988633,-0.3183693843509542,0.12981687566222205,0.6654551975606497,-0.7439742766855919,3.2015459207721397,-4.095382858572915,0.21793599171350117,-0.11223777002952837,2,-0.8860782766289405,-0.34766881578095843,2.5262433846255847,0.051551409398556555,-0.1670140410718089,-2.832086242801019,-0.42525016901983015,0.8486677236008597
0,0.29294664021591676,-1.3491246096758052,0.01223860407938935,1.1174955918199916,-0.40011193026773234,0.32345847880731954,0.7884621453395084,1.0425868502757438,0.04162217240533069,-1.0783014241755624,-0.3159240631675663,-0.062467302674678066,0.09617031403306658,-0.822097753780825,-0.8651844267722582,-1.0887800852563325,0.6234697131218234,0.1477269697566236,1,0.1433049392138674,0.2655718218866018,-0.42122048439400106,-0.06089651768526555,0.06755740692246442,-0.6714197465809775,-0.4513096346017933,0.45702202298836764
0,0.647523525816108,-0.8983946865041473,1.7525888073669877,1.4457902612716964,-0.012908953520619049,-0.7904055714369659,-1.8548825590874365,-0.21987972677074602,-0.32725257254900114,-0.05530697195533618,-0.35168981381633285,0.8037661392812567,0.9199072560364102,0.03473643130141402,2.238676603876958,1.5746554711408414,0.19559104683186213,-0.3044970342761929,2,0.16154832239580208,-0.2225642215897432,-0.38742326352530554,-0.05386978768825304,-0.46932780369514937,-0.4818640175283876,-1.0221392889703127,-0.4260461021886968
0,-0.9261959774566957,0.7928462006645234,0.917211367402144,0.9556512434733724,-0.3253991713003964,-1.0683153892068598,-2.2732598993151267,1.9920538394053082,0.44351171770818915,-0.7048777156974544,-0.3660690914805374,-0.22623473729600718,0.10713936234775379,-0.15763267609097725,-0.3774637650636855,0.575922773323958,-0.21367085542636366,-0.5670836036665861,1,0.28418554170848065,1.1012078569122914,1.380756379555521,-0.1374767772053766,0.06605290767966493,-1.078981337300947,-0.49828408183515843,0.7347123441451597
0,1.4527415462402917,1.235576203541869,0.1292338590179717,1.4018808421874516,-0.6158419695601441,-0.707574153170013,0.6320175407862447,-0.610884916303875,-1.845230943064289,1.937358609793155,-0.07142816025818094,0.7138337970543107,-1.5177539569009375,1.0581634215307691,2.896949452108737,-1.5718834161591744,-0.18708719645047622,-0.23371532275995932,1,0.05416178469363368,0.2817937564262091,0.5862426200291203,-0.02082786958878044,0.660148812818712,-0.23560880135005652,0.6408290877708397,-0.589668818402638
0,0.7453898219710275,0.39563665835821465,-0.2886558094182185,-0.20458334892136287,-0.5596220550077198,-0.08316368426176135,-1.7818575811922757,-0.03654324253914998,-1.5824121908050142,0.376683294228241,-0.6650883726847849,0.625762066796401,-1.1054933155150115,0.19579600056388774,2.835076455885299,0.21071367341341213,-0.4411617601105319,-0.2003879423730271,1,-0.7163873574428732,0.01568802222970553,1.6665065048529897,0.34349983619712976,-0.46381836283435796,-0.0629924281567038,-0.09603691779298823,0.9227094231940371
0,-0.3265256001857414,0.6253986743945996,1.210238073474868,1.3033550231057223,-0.09381561666661137,0.6726671404238551,-0.3467845435028975,-0.21770673866475299,-0.631498301814936,-0.3247578548880615,-0.23693499402180523,0.4941136921284344,1.0749763690077934,0.36110715663575704,-0.2393141647839332,1.5971503296868015,-0.48415735371403884,-0.26947136998032095,1,-0.48272015307554195,-0.8494416002528132,1.086001796367499,0.006110636049061896,0.43959461076298995,0.046372736409235005,0.5221596299505821,0.4552263925321481
0,0.2016002276403608,0.6867663857309738,1.4438646061174556,0.6457849447566139,-0.4522257148564609,-0.836145993910747,-1.8282818009369444,-0.6872962797986721,-2.1409386180304755,0.3530794445853439,1.6625123516874154,-0.2746771317151231,-0.3933534976663153,0.5024905938204464,0.47340019911092535,-1.2827642591232027,0.060014307199856426,-0.6585082498734505,2,-0.9581270980714288,1.2501068390603898,-0.08232910409970617,0.23514408216316873,0.05925278468069717,0.0432272211350041,-0.09169016839409053,-0.12296869610557395
0,-0.06589262080289932,-0.20114700099898625,0.4643464512573917,1.9819634119190894,-0.5456007942986143,-0.980722350960024,-1.0529443974764123,-1.1163985077203396,0.19603938942111154,0.28080696322402166,0.010440574559439642,0.9761780440682681,-0.42750457089939164,-0.734083607574378,0.7505511824287731,-0.4253660382162471,0.2401310585649889,-0.34125714256746026,2,-0.5746732189689755,-0.39458036436244487,-0.837083612328585,0.04033389117893717,-0.7286119793651915,0.4125160862093446,-0.6435514730278835,-0.22472790336365417
0,0.15567083594656653,-0.30168180875453393,0.8422435361757661,0.7081641852614671,-0.3317233919371244,1.3136254845045556,0.8184666686970811,1.8430343000260678,0.06515050509526449,-0.21385687727469788,0.1325421275238634,-0.6804239004226362,-0.14465400571239861,-0.14365227336432732,2.5028384259117495,0.8493379709284923,0.2399552922999378,-0.1562641548660506,2,0.16889018331479294,0.3542509981187654,1.3050414093988685,-0.10447584633110861,-0.15579866114064528,0.10499059368796637,0.5524426593454685,-0.8098513704836519
0,-1.4683304871548686,0.9207900467313197,-0.26803380599100224,1.6305175664012261,-0.16506754322688857,-0.3080514037547024,-2.202784513851269,-0.03426320176104903,0.8905477998949056,0.9774573913130076,-0.3101608437310171,0.5446414663993249,0.6254843974146522,-0.13287739944731236,0.3938640949898275,-0.9789750894500392,0.3947397320244279,-0.5168686929163655,2,0.22728163931304413,0.1584996580429094,0.30620833848399914,0.1746739629426293,-0.4161843849065844,0.11746082738901464,0.28229598112122756,0.5236849470659397
0,0.5413611589014933,0.8621868235896574,0.4842369037617601,2.7923950145842147,-0.28018914017262775,-0.115019397202274,0.7080872989517325,1.711460999226341,-0.050137308435344474,0.34919451798390966,0.37768375085471784,-0.09796162820847537,0.16931262892290466,0.42772295820611983,0.6344988221500254,-0.656412813960014,-0.2051083942820147,-0.36701241992401884,1,-1.1335185326270332,-1.1678113202923697,0.13669941766346205,0.06349676531279323,-0.7498190312904598,-1.7402631832634619,-0.046733780227776356,0.5241155365536013
0,1.2861698816287168,0.2660106774751608,-1.12123662165745,-1.5161900693741908,-0.8243229734364999,-1.0206998794204785,0.4300894158009518,3.07850827837246,-0.5718606162171764,0.43273179978391935,0.6466693073424921,0.6474841962732227,-0.99965194027301,-1.039201357834262,-0.5633383661915077,0.6957639909085243,-0.6402511661450274,-0.2405079098395027,1,-0.6227799380580589,-1.412953480410795,-0.8135993289495274,0.2678381189959821,-0.10650250046489068,0.7215716361042139,1.2206223098955402,0.1882758466842873
0,-0.4814436582540692,-0.45113826630436316,0.34724928877997696,1.7411968585622937,-0.12367435279698608,-0.2987153908629402,0.7934469375936096,0.5310362814158013,-0.8780447410828734,0.3786386447195539,0.24588878175365925,0.024059503919237196,1.4728871563163286,0.4655827281228443,1.1906499062628797,-0.2845898091861025,-0.4784622044719228,-0.10221101131361005,2,1.0158250009474048,1.2092734567755643,-0.7291149505255885,0.10153846777799108,-0.35523027686921665,-0.4878041294659709,-0.2946305429826665,-0.5223475444229718
0,-0.17176326704471956,-0.8711548805155902,0.742229076057545,-0.3191470768032516,-0.591396012802829,-0.7800123196408458,0.7877043095040788,-0.71902031403867,-1.6399416886423137,-0.48145659649188555,-0.5428871370264641,0.29071910464066286,-0.5602781483558319,-0.284574719460411,2.36554581805402,-0.5586644907375489,-0.6006773516382042,-0.1721564958059959,1,0.40452306428808865,-0.2965700449721441,-0.32570751018214406,0.24461080060803728,-0.05503024269230239,-0.26415766517992345,-0.00980513621332263,-0.6301880653410045
0,1.0247956004979784,-0.28463281445547856,-0.5914799357526668,1.3828763251492981,-0.9499425330186011,-0.9056546362942249,1.004791306845757,0.8026112338907108,0.5030913447009269,0.01818226243818477,-0.2939693360629342,0.5282952242974932,0.5946020400672083,-0.23528557568337571,-0.428751193071496,0.2905675874108068,0.8728106996315823,0.7889378763476628,1,-0.05835728384057509,-0.3296982888288704,-0.8159439491345141,0.13158400717546243,0.5758712575602738,-0.9781190151385628,2.2947066933785454,0.10921539516872292
0,-0.7255219239468482,1.0522253482107342,0.7439568144548587,0.3550448695360826,-0.48023584134371056,-0.17442599041817225,-0.9204466315465053,1.8101611785794516,1.6144373777855408,0.11903526930793837,-0.4290866396578972,0.7582537720204306,1.2787167125200838,-0.5954734163502007,-0.6586874056924373,0.631780147711289,0.28704358874978875,-0.41669567949104724,2,-0.7883908071581444,-5.732543534511903,1.2389444703673596,0.035678576854526425,-0.4082934515012434,-0.5585172140370668,0.33136849422708614,0.6062669562870473
0,0.3051213417782319,1.5344423655333026,0.7194338008446776,0.8993163856648936,1.8884461721305894,-0.5880905440669933,-0.9634672355016131,-1.1689166376809421,0.22165632667080135,0.24582224492375612,-0.3036147320415368,0.7769107915395432,0.030978612156040863,-0.7598012897777081,0.9742353798091175,0.10865119114469612,-0.2858711454906533,-0.36624655617830304,2,-1.6194194596704663,-1.0584122687148272,-0.43166401398310755,-0.13858845242106,-0.0781723111553177,0.43655458945347436,-0.8438823594265586,-0.12560306775409247
0,-1.7625511334066446,1.6078134070949022,2.4970932253383995,1.46884568144151,-0.9473263825406647,-0.7777887428900815,-0.7587049792126844,0.15466275111322286,0.9934996683427959,-0.06826145280484802,-0.21526869997681167,0.5871734727478473,1.3494094721079875,0.024180898828221054,0.6521906641874572,-0.23448727575010408,1.462903238688634,-0.3537726278896429,2,-0.3800432101189639,-1.1613502283988737,0.6795843113261474,0.022854405151616575,-0.5983536491225256,-0.5831358935399613,-0.5775246558332702,0.06260922181151435
0,0.9981083595160809,-1.8410408027699499,-0.38057710124559374,-0.22294303891178746,0.21605247558007434,0.02066993381401036,0.793566789847633,-0.42386291249510877,-0.618991560206468,-0.10195724341625251,0.7980620924553603,0.006521814008760923,-1.289981820013157,0.8093405890211627,-0.3831607445372565,-0.7375343060342081,-0.2956084785707044,-0.4043663822720859,1,-0.3802241836205228,0.12066297230870021,-0.7209191479693591,-0.058803216350354987,0.6990419969965371,0.3879460245209605,-0.3626481458070328,-2.0933816235526583
0,2.24867707487614,-1.703925158519516,-2.322883151307501,0.08072666453459632,-1.0433323564437575,-1.0716237707102316,0.5084763694537017,-0.6185151261195283,-1.2469178920244393,0.640513384346232,-0.23009075487552882,0.9757397824034746,-1.6381190654179068,-0.6726449967451508,-0.16459532359855245,-0.3679793864256691,-0.65175997996054,0.10707186459107126,1,-1.2615379095383363,-1.1592909948643335,-0.7115621331418658,-0.061950862789023106,0.951418085866609,-0.6691539917776985,1.602344940886181,0.9046943947594155
0,0.31849947157887015,-0.20299066001065014,1.1774428753110182,1.1786755308300507,-0.024194793568690864,-0.9237616734737206,0.5190408923446148,2.335998286472523,-2.8748352668112513,-0.3046200260628904,-0.3812033888302324,0.26171321653236596,-0.08204374589912654,0.10406983783034901,0.14416593866775484,-0.3857006600087697,-0.29156503548905105,-0.18537053923469682,2,-0.23110027607375214,-0.6359482475751077,0.4521447786283813,0.04376196450143424,-0.7552119395248531,-3.07257715917284,-0.9941544865186359,0.17565924997002927
0,0.88329513932464,0.4320181527365218,-1.908752716759505,1.4790080279200453,-0.48093419318944103,-0.6362563784550889,0.3477583055603417,-0.6013992237117496,-0.3893495715046224,0.22690997244131675,0.3229740667573034,0.2960732069573644,0.06277354924232259,-0.08786994011376334,0.5837269050384182,0.3830850562765921,-0.3752005354499556,-0.0005299701960488346,2,-1.87737378862638,-0.23551971442472375,-0.837083612328585,-0.13121575739701213,-0.18978723923240998,-1.3234413932256224,-0.4557326931671219,0.27375162398367175
0,-0.005562443482514334,1.377098394741502,-0.45675216491634124,1.1487164929555265,2.014701803956496,-0.027002604164429067,0.3383739760494272,0.6629608736845221,-2.286000058138076,-0.01615635940519533,-0.24163570173717652,-0.32853034080301907,-1.0507605519121466,-1.337813648513876,2.690084001605297,-1.063431813210796,-0.524399886137307,-0.4470841073388918,2,0.12104692375236153,-0.9151875978008359,-0.6381381769529297,0.03650850977278357,-0.21891442013609216,0.9814998578570908,3.9948729978202073,-0.9587292047982114
0,0.02762869487196401,-0.04015059689338166,0.9389046647161641,1.7112781908937529,0.18455152296205446,-0.30433522299716437,0.9604923832047166,-1.7127034672125812,-1.1637649565204051,-0.5777305230853832,0.2104066356825265,-0.05514037720531367,-0.4173863637440093,0.036077873480345704,-2.672164663830346,-0.9075537585387332,3.403748084238551,0.27235618116986127,1,-0.4475160693049309,-0.6367911285247876,-0.5759686775768346,-0.006285361200084709,-0.07994857936753433,0.30295248208352676,0.7918818690576502,0.36840907149243607
0,1.1470340610922845,0.2891035276730554,0.980264361344098,2.290600129604788,0.17437390096837976,0.815590221556063,0.828080804958027,1.322930174784543,0.09512664826125405,0.2591368397188524,-0.171524255416712,-0.26920906016394175,0.4783250255007353,-0.16107430284798932,-0.5166202408705284,-0.8410377484567102,0.3837860169061267,0.029310739245020978,2,0.055739639877079555,-3.304189909048987,0.3769884695007489,-0.002721879688361996,-0.4653481641875047,-0.20929106308076495,-0.7972287405174203,0.2970366930222618
0,-0.9384283888487284,-1.2879687121021606,1.3711303028945285,2.0964145289283516,-0.13347279285699848,-0.33201561530869406,-0.8617881267418216,0.28438875752436343,0.010553662842486766,-1.0864824564798305,-1.0410940863677256,0.27916809577377577,1.0776056611770022,0.5805406955161182,1.4027457595327073,1.185719831912781,0.11557876569418049,-0.09207530480764312,2,-1.1245423555951932,0.1263495547757073,-0.21295673800271897,-0.13155496300143457,-0.5374238028163424,-0.6011837605796128,-0.8005487392098953,0.6280586678533121
0,-1.805457694215495,-0.055099582456982654,0.12162735559373583,1.354299083931171,0.9799618796944418,-0.868789772382839,-2.194235056947792,1.7304827817845778,0.22911650920432125,-0.971445739636389,-0.30286341770942704,-0.2629192624081471,0.5129337917187081,-1.0568540703290403,0.11614668283662218,-0.5083167070834731,0.9365713746579889,-0.5076859017821101,2,0.5362293959945115,-1.3745999202910504,4.37730763641968,0.0013467775568173773,-0.00326185269110138,0.00021375667172052193,1.8746526446938874,-0.3333220323998749
0,1.080627910164387,1.8270095453269308,1.34767860550212,0.6900069227590372,-0.6066292539603023,-0.6170146929743746,-0.7198848223367457,1.3272430861189382,1.2043051956645916,-0.42962161258602743,0.3000963652604286,0.2680949692710717,-1.78526162662461,-0.38626203945496285,0.056150449152902016,-1.339116976951542,0.1096930381283289,-0.25933630096189053,2,-0.8977372297846897,-3.8680843229731856,1.127761219889916,0.010352604714016403,0.5939646270949026,0.5165848666399042,0.1799585924920251,1.7505802796229037
0,-1.0548886327954383,-0.2184625586614185,-0.6300849273988823,-0.2594935534019229,0.01886148274439886,-0.8051511176962041,0.618407741620828,0.7603728266503892,-1.7869825944490805,-0.7175051752981738,0.08981658336334158,0.4114306545213494,0.5409398660881425,-0.20545802944884833,4.53622087412953,-1.1566656950114027,-0.06067806885040791,-0.18705466050576883,2,-0.6442013052686018,-0.6488964569609301,-0.10945868841850565,0.012662794993592713,-0.044759363116216866,0.22773546591439572,-0.7135967193574687,-0.5889246303240796
0,1.5549612134356736,-0.14163685195487968,0.23335010511283522,1.1378334329210507,-0.41693111846446707,1.9848721568358436,-0.3002171410567969,0.657791464009214,-0.8366112893905202,-0.009594926539475024,-0.1881888756763565,0.17431730812405877,-0.6786151783364673,-0.4122728122609972,-0.09388983422215949,1.7089691949821135,-0.5117389546188406,-0.4538786811678717,1,-0.3324547554553581,0.08461994644333573,1.018265374879301,-0.13858845242106,4.326489231748816,-2.638759336121961,1.7187631242800765,-0.3348987249563816
0,0.31106240488196735,1.033731866854575,0.6236492701972882,0.7422382739161969,-0.6621679432656417,-0.260130580618775,0.8322976487876621,0.18494797891773151,0.35769140246388653,-0.3209064659692151,-0.9202443047078016,0.26837314024721937,1.3064297108664846,-1.1850138538829982,0.6548539179263091,-0.5934323333985616,-0.027868423692618965,-0.30401207179051126,2,-1.0010315716435259,-1.9896837725880885,0.2377631547221237,-0.020023947623062123,-0.4333282210140554,-1.6666146520451735,-0.6748744494893237,-0.7933505269844052
0,1.1190352992736539,-0.12582703975443615,0.7919211927302827,-0.5938470216417617,-0.2243094213027876,0.001254932849793694,0.932450658716522,0.10949781477236259,-0.253257447218455,1.3693099754211122,-0.07305761088785909,0.5976675628475958,-1.228686357210796,-0.39011796718483827,-0.5115770892302094,-0.08278083013010087,1.6681953598641999,-0.4924908333304423,1,-0.8566316191892673,0.2921781771191506,1.178853362714579,0.05971427917513228,0.7982208918891265,0.9134956622475441,1.1889979860100068,-0.9231864173199259
0,1.7205545206603265,0.33162329461020357,-0.6126031868966584,-0.44836519391181073,-0.0941485828378509,0.3858055137099967,0.9480108209999338,2.382979567993374,-1.8554251719040304,0.7538664567779648,-0.9039470137926063,0.723210793774078,-1.7088106371426233,-0.31183600884212526,0.3484319412494147,-0.14081687467516268,-0.65175997996054,0.2999878815415373,1,-0.20590425627734518,0.49161150015677263,0.3619139584066593,-0.11775546918010346,1.0634190746959562,0.6031824261391373,0.3539673507467962,1.123805475678697
0,1.7655868696706798,-3.5509710045584932,-2.2608856138086915,1.2142578598721396,1.1193429406920945,0.12355546001629476,1.0941271174474096,0.6209727703911063,0.34359800260933226,0.9862042258662823,-0.021757697602217838,0.21148166548851904,-1.2113470904377397,-0.4518458016696487,-0.15549297044601795,-1.3402161429920723,-0.65175997996054,-0.22891704827438092,1,0.012025453156744748,-0.08845023044223053,-0.10298626628464191,-0.015914972717248815,0.5102018489391913,-0.6377140546910398,1.4104907544209029,-0.34762341499386695
0,0.7988968852101123,0.025008922699297664,0.9000388435060366,0.6781310941801774,-0.13528570345851076,-0.16965268118572507,-0.889902110771243,1.9407048504901863,0.5237462578715564,-0.5196533976550669,-0.1629481947931059,0.8056308446412326,1.8241924022574718,-0.4054884437412093,-1.2312005474300618,-0.5461020137762547,0.14593492311004325,-0.29821921695935183,1,0.6797585738041466,-0.13383317065363695,-0.6779437449007372,-0.03812438092583358,-0.193033114034369,-0.137322995426941,-0.3171195842955351,0.4878745348865605
0,0.08735361043469925,0.3588425076962569,-0.7356197547707634,0.1421436684003185,-0.570224227513038,-0.9867422662722682,-1.1504883566582804,-1.1539368128264,-0.2659415595641004,-0.20898174582730786,-0.24626821828798012,-0.09391026084774184,-0.18804613187472674,0.13333832152425837,1.1181969299100436,-0.5766664150129104,-0.31320236917376,-0.2944492766653053,1,-0.9238678760686341,-0.9642371464260762,-0.13595731233485475,-0.0644571509688164,-0.5594899162581184,-0.19074804915399268,-0.26595425697268193,1.0952577187304968
0,-0.6170161227227255,0.2544323408441896,1.0506637165434185,2.6003368237808124,-0.6157079204966631,-0.40509254402515116,0.3168674916707074,1.1745392717009442,1.4020052337754851,-0.6993405921587235,-0.36235745787369966,0.5569814311019267,-0.9177251353926204,-0.6301338018048572,1.9587727165799884,1.0088420172924795,0.05184076438277913,-0.35876405937708367,1,-1.3561752281314072,0.783917675182277,0.16644381225096438,0.12951365414312255,-0.3990263103241007,-0.8353938897819921,-0.6155377176744337,0.33365797532618213
0,0.9290439368180828,0.4554268768708142,0.34875489400435344,1.326662462590245,-0.9373075139704937,-0.7944469145378261,-1.5443306199862574,0.0119984123177862,1.2580792278885116,-0.3860759001077333,-1.2699148073028372,0.8413692311104637,1.3114837383607538,-1.0059263771799207,0.056256308179283065,-0.9091296485404555,0.4967956069063357,-0.15229095165517145,2,-0.4774320346749454,-2.0051572327112677,0.5263676318542336,-0.0029965990151945357,-0.8337428190011353,-1.210696991136033,-1.0579854075314168,0.6159004505928796
0,-0.11394968503573726,0.8636312546792704,0.14312029085963368,1.4251636176471438,-0.09711708699339355,-0.20921834113584786,1.2018161125292084,0.5367545590112982,1.5546997182875544,-0.5086879072438951,-0.5855345850698748,-0.5733437873851145,-0.3693619135648308,-0.23531478667715214,1.1276007517733655,-0.7385355096377616,0.647946149700343,-0.13505601381962232,1,0.2472985898717307,0.5126583081196495,0.37414489652178246,-0.0861019910847821,-0.8413728218270258,0.6367453310166055,-0.3367353285580298,-0.017915238593645355
0,-0.23571567623443637,0.24978438667414832,0.2516917952018004,-0.142919091367659,-0.04892634039724403,-0.5363169330664261,-0.7130281454505712,0.029876132814854683,-0.20990458996288375,-0.8316599138030041,-0.23908532237654997,0.3545881710005373,0.47519413502309227,0.7800478873361589,0.45379999792762415,-0.47261695275543303,0.2929923665643278,0.3265441249154327,2,-0.7651231773813245,0.2607451404221281,0.1874389191005505,-0.13858845242106,-0.6773398195599964,-3.0204814221265726,-1.21975314077183,0.056773074269357154
0,0.3016299403820543,0.2505660843823878,0.6541820650825521,0.945498610209782,-0.3701990470040766,-1.1482497302450054,0.5594510125078205,0.14576662989843406,0.3054066137315934,-0.3980791139670975,-0.49936243767676236,0.4695220723197873,0.10282159881439557,0.0925635671166828,1.6587566651318997,1.7322422109482036,0.2000928741912556,-0.3694594905514428,1,-1.0316145546424096,-1.207050503240841,1.355552510264552,0.011481093120707594,0.25317218203554803,0.08486479351201304,0.38835530935855167,-0.74443830886706
0,-1.2565005137316863,0.9266431576214971,0.7592441679787141,1.4198914008023873,-1.015216922033653,-0.13444493151077963,0.8423320261614536,0.5390086589598065,0.45334134708560947,-0.3048016697745373,-0.5588340522592617,0.49580283610002923,0.7393436240618037,0.11035310161705242,1.133370555127754,-1.0142736419669889,0.977527573537756,-0.1604995361843065,2,-1.0697175667093253,-1.275250554023404,-0.589584426040393,-0.09263068321373774,-0.555773013144644,-0.43270195728249744,-0.021906955654887483,-0.6079450318460269
0,1.6437648830466016,1.696602527997049,1.015374457849708,1.7757592910826068,-0.23140907131965205,-1.0575944237316912,-1.676657175608835,-0.7068247921166864,-0.7744768342722832,0.30619680859029075,-0.5191717449719169,1.4375800331706623,0.5174142910615555,-0.11545769694118885,2.3081740687401355,0.4834787869851691,-0.40367124794293985,-0.3908454775944966,2,-0.8744818944670643,-0.15402495358151191,-0.837083612328585,-0.021032890954466962,-0.6126765839967188,-0.26122119298918195,-0.9073173122344005,-0.42070006109347596
0,1.938798843035261,0.42966215149939835,2.100878897223757,1.4285573506285254,0.28025282807993124,-0.4314210281401655,0.8320293698235841,1.5382788962432397,-0.9380320711558804,0.4943276523535439,-0.08498696582134589,-0.03693840526044882,-1.78526162662461,-0.4219462271772545,-0.9555697641151029,-0.1852444878659844,-0.12973647984152636,-0.3865758971763592,1,-0.673590003781799,0.9542222215979446,-0.789559924865121,-0.04597370243447388,1.5706063038503997,0.13227382859036063,2.778148688992441,-0.38542907516724323
0,1.8729364826936994,-3.116965141615957,-2.666629908788858,-1.9138238563712102,-0.10405478292250309,-0.4062995293066304,0.7162362733325287,-0.9611086610204811,-1.1592086758870368,0.15698152585155634,-0.9748246539297022,0.7365633782385714,0.1896960764336867,-0.4703008177589253,-0.3921981073880826,-0.4460406471935098,0.13801136297946248,0.3781927232433911,1,-0.9220471689737584,-1.1378999555028448,0.06658930384718398,-0.13858845242106,-0.2593114777414297,-0.023023224339641768,-1.179813257854181,-1.0523008032275556
0,-0.003699224732094275,1.1532722286942807,1.1955978637601319,0.4328233629795365,0.4979624875809842,-0.35164871210654514,0.7860661317960228,0.7688900360683986,-0.4815411797931288,-0.32259950667762005,-0.18541082545469015,0.9694467223321424,-0.8303966310269892,-0.3994370467669591,-0.06391050663794307,0.08342813648616154,-0.027782290534904552,-0.07591775027351297,1,-0.46599344840770557,-1.027582761246113,-0.6712100061085777,0.22100854912218448,0.4914683322085178,0.5215250761791432,0.036029031755764745,1.038982174078718
0,1.6842325418935453,-0.7270923154658122,1.2239520915558757,1.8000670861998715,-0.04289158668781937,-0.7527843678678106,0.5438653880124313,-0.5585048107812675,-2.80267525305377,0.5752767606080316,-0.22863918881775638,0.13728560470862539,-1.3487549150132385,-0.6259096772989726,-0.34645695027643814,-0.1454176274840948,0.25214041169721946,-0.37535024502840314,1,-0.46564708884196604,0.3098743084925838,-0.6752492869561502,-0.006639967693315693,0.883259522407266,-0.2603509148620656,0.16369562804673607,0.07429065119059483
1,-0.06783916309269356,-2.4076382676642307,-1.6883732656560593,-1.011662469396275,3.2713417804332114,2.706935676041706,1.13303112031054,1.3934760082860005,-1.279227610674788,0.7071221428516593,1.4106180559388743,-1.2711543910585457,5.98529300691807,0.7542675167643793,3.2354225824749445,-1.178716073423084,-0.32803197450654376,0.018670128928262524,1,-1.87737378862638,-0.4507644652452479,2.844938236085842,-0.13858845242106,-1.09095311408826,0.32888095639584913,0.2330931054584262,-0.891269303317793
0,-0.4730771294410614,-0.6807414665992177,0.6704847600333605,0.5489772331273894,-0.25494295685036555,1.0597564513119029,-1.2722765333917248,0.5582729143365965,-1.3276495968292124,0.9758443005569017,-0.5966855136310893,0.034487743871808085,2.0428038823842893,-0.5990924253037412,0.06017547432522652,-0.930233874304693,-0.18496439935450376,-0.3942385194313206,2,-0.28523503216407803,1.569313618662996,-0.4873272000235631,-0.08058909152163157,-0.24305381333122994,0.9147898451642458,-1.21975314077183,-0.13982404915086522
0,2.195633228867754,0.5533734081695991,0.1410269847042484,1.0121934316002454,0.05566091813705859,-0.3782602948810097,0.7056982303946167,1.1496907586125364,-1.427380206877699,0.5930111090447155,-0.01658575756724906,0.9283674170740479,-1.1419927573097433,0.6774916650370781,-0.19652607353772716,-0.22596617187429968,-0.0032892448056238144,-0.34464249815208836,1,0.4207956298962011,-1.001282762367717,2.186476576011025,0.04047031326548957,0.5781105880660014,0.16980220353864317,1.6261462528317874,-0.2532080579768275
0,1.2486594679079823,-2.3081880394225474,-0.9876826841570732,0.6278576653072064,0.0076852142391724,-0.6002303518783226,0.9468349922732842,0.11640090288122854,-1.0889068707888296,-0.41521979399451964,-0.3101636131747926,0.010531859362898521,-0.840784880159767,0.8212990400870426,-0.807277125841455,0.297149456380503,-0.6361036840710028,0.22163623340049116,1,-1.1099195618791247,-1.4470206585608085,-0.7699480255920584,-0.11685821789149217,0.6678643420022331,0.011423307649831571,0.779984485878816,0.18348872160268834
0,0.15502649676676372,-1.6244999311724388,-0.9667956188701039,0.06371208103745454,3.9065842556739754,-0.7427639302160569,-1.2816916243996799,0.8133407718407855,-1.3402194207058922,0.6520816042827031,0.8648279946392364,0.9428995437906176,-0.13533778855320244,0.6513689974404561,-0.038888591401686434,-1.4797775279348477,0.0020005351041493397,-0.4017898102135746,2,0.05089059305062067,-0.5846146151482109,0.415948747472229,0.009305958158828107,-0.3116812564665516,0.9729407226176632,-0.5274845492361385,1.222444635605302
0,-0.13793657703452555,-0.8438784197534985,-0.8335290995339775,0.3284041060290111,0.06294284182910798,0.9590372913005554,0.5514222692377878,-0.824656673260217,-0.44634110087942913,0.38456615286814755,1.1501662891608868,0.8494208641808265,0.13125058544549684,0.6527019290279852,0.23401987319248763,1.6246814323701735,-0.25331757175369035,-0.13222480520275787,2,-0.035717451462664834,-0.7700699257843184,3.809621464680852,0.0184285055101083,-0.04216857740886937,-0.4668853530544101,5.628061189686189,0.5756810645747374
0,-0.5086615307656459,-0.12507818445494512,-1.3663766447825614,0.6218753018807724,-0.3620157200010315,-0.674051123078196,0.9410006896407686,1.0862561522029375,0.1913537980312534,0.31360876787506364,1.149848353795171,0.10668138574591197,0.9803889882956983,-0.5056463710029182,0.13017346570202445,0.0770956134930495,-0.10581297492921628,-0.5336754906465102,2,1.3362005177259446,-0.8430982496856141,-0.4372078745067476,0.09234864216710212,-0.9423716660345366,-0.18310415645158737,-1.1652296020507416,-1.1303735684027822
0,-1.9850756091567578,1.7903982781135888,1.5241228336981014,1.005761257129311,0.25903588794278876,-0.7312037710940384,0.4609985305627479,-0.10538746887072803,-0.5632705699776409,-0.7982360141050997,-0.9106681835723607,0.38102664693486366,1.630037536871562,-0.31578246520458936,3.442460628298824,-1.1395849667815594,-0.062487690717408104,-0.43041511345150996,2,0.494702972902166,-0.9454767379014422,0.12993275044883926,-0.05826524609021046,-0.013856056677444717,-0.1657785168510687,-1.2125660544953814,0.17812266560357556
0,0.4833593451566199,-0.42611266923758095,0.38119470838271885,1.5558752811913672,0.012176165155484243,-0.07586706834563395,0.845353115849249,-0.5238205367216211,-1.7340417706604303,-0.18758049265832208,0.7859893681959764,-0.4785267722067562,1.0989593964457531,-0.5811108057985145,-0.07944212237985532,-0.6549157111189023,-0.04403628970103765,-0.3518959860150033,1,0.5279449053318482,2.1082353223902675,-0.3555351737970796,-0.040127861887738994,1.0115904648120126,-1.2477766295600548,0.7438708046000648,0.0828700016403241
0,1.0791923046666791,-0.35062779836410063,0.10501465388498266,1.059501943580905,-0.21764431943970758,-0.3687597719544884,0.5448571799617908,0.002710776464723119,1.4620706433784776,0.616976161874483,-0.5014959895101652,-0.6810831166644079,-0.3038267044789736,-1.650002880108076,-0.7047163350179946,1.1254778150356315,-0.65175997996054,-0.04620351783185436,1,-1.87737378862638,0.1737369320838097,-0.7368534245227902,-0.10055569489257044,0.2221633602527977,-0.08703768746131513,-0.43658819777179647,1.5535115529928125
0,-0.23035622166308659,1.095916400177738,1.3036019591926047,2.547929132408564,-0.8058237877420733,-0.8031148661996974,-1.260053159770007,0.889912256484085,0.1184279452693181,-0.7191667317585839,-0.5046972418483627,0.46038427719415564,3.256366697283786,-0.2554848988706283,-0.3127372145245743,0.2532884603377188,0.03449430228035488,-0.19578412017347274,2,-0.16576419073568416,0.10655481661518262,-0.47506976269353346,-0.0779152399628523,-0.29695097736066556,-1.2879127729654285,-1.21975314077183,-0.02100027537587701
0,0.7853944289976519,-2.200152353259612,-0.03531075851382166,-0.014855305750221426,8.830313201155525,0.24736633129537638,-1.8210682983841262,-0.8052123277755174,-0.5663239285970461,1.17257127316707,-0.5658735030809885,0.3848779552213639,-0.2517533352939167,-0.3496134098050886,-0.5722338768261437,0.04774208667409008,0.050268122165534224,-0.4996376176630194,1,-0.03869789748750865,-2.7772984351347083,-0.740064934967209,0.007966109311627292,-0.4489842588855606,-0.8601751510450257,-0.25377093569813247,0.17874382500032887
0,1.5462510793975643,-1.8636291620237198,-0.34204466240226056,-0.9110412702944296,-0.7346757860085327,-0.9530478397378943,0.7458849925433002,-0.07491502328754485,-1.5628498895621863,0.3666719348534328,1.3979579966210527,0.2678535225589009,-0.2524194441265847,-0.08842079379851003,0.17584370441947242,0.23759300953991846,-0.65175997996054,0.4138956272733064,1,-0.08195021975122607,-0.04620680701677493,-0.837083612328585,-0.09867714430715144,-0.7157466618555648,-0.4352581677011201,0.33830752506509676,-1.3677317771768531
0,0.9059748349808441,0.4436475107828028,0.2440993947500723,0.19054027887083824,-0.8895301069998052,-0.921351149364497,0.5039973477163213,0.1428126223310842,-0.2109181702654761,0.24323884866797663,-0.13791070837916689,0.05723813052751725,0.6750208819895367,-0.9193911593180335,2.4453740511682946,-0.21010801578929839,-0.012378908483641815,-0.13956191098063098,1,0.09186505019730778,-0.5076820200614455,-0.537641704608427,0.09583558589772015,-0.1591019837818767,-0.2330984166475783,0.037410839032549686,-0.1734562459850147
0,0.8930465828445946,0.7912318423652084,-0.4002060264134852,0.8311434314790118,0.013888257837605885,-0.9731592558551698,-0.8255694876129039,1.1960838198507293,0.3086433334140972,-0.9596889945403045,-0.1756316904966736,0.7049978077390903,1.042218044736496,-1.1904639838107998,-0.2870710642796851,-1.3763105942145184,-0.22988162910278975,0.9376887295767817,2,-1.3441136137335485,-0.969640567719719,2.6215685700402265,-0.13858845242106,0.9215704931546591,-0.18603134138805516,-0.27961728202353126,-0.1406790742691269
0,2.24867707487614,-3.320952425160114,-2.885923866327718,-0.0824684439688666,1.5745839033552416,1.5377586914025345,0.754350288586847,0.0014881838015019522,-2.6502427176372434,1.9613795072362856,0.8185277500069974,-0.47287832718944756,-1.163450324761189,0.21129817341941615,3.5185246955192993,-1.8993228924781407,-0.65175997996054,-0.17087862118724717,1,0.3982969459238021,-0.5677718722194971,-0.19312303096070627,-0.01500367240124597,0.12958284847007642,0.33727130854447185,1.5516262829566843,0.7813513506847093
0,0.07783882986850177,0.2955273575709784,1.2804506974891676,0.09341586956716874,0.13126413372828216,-1.112036176533014,-1.6264506401965053,-0.8099163528117664,-1.3821878082427732,0.2212876733787028,0.010646368858837463,-0.44391344740125604,0.5842098936241924,0.17470932960153185,0.9131511071406204,-5.579265459712864,0.4890163233356531,-0.3887062438411508,2,0.4402713597251533,-0.7988306872187717,-0.1292642265058166,-0.11160742297606274,-0.6907867910136534,-1.2463670096768467,-0.33479014090685083,-0.3689453856789443
0,-1.3803530728775557,-0.17843169028288242,-0.6525978796221605,0.02225768068229117,0.007656115988791587,-0.6816945552218324,1.0344521263165323,-0.21817373139422006,0.16702327248211496,0.3667321370645368,0.7117792464453124,0.43131420488789174,-0.817667418175095,-0.9109641608602604,-0.5703274633706904,0.7021007225870225,0.011478397558566403,-0.021257892021701558,2,-0.459856933329543,-1.7407122287332357,-0.5819846434343711,-0.0637354759831043,-0.06948338111524963,-2.0829522220761807,0.8560219732219415,0.08590935281900128
0,0.28989386510688675,-0.10060817545799333,-0.13799736780068306,0.2134685429427433,0.10316497007746844,-0.22262272509839415,-0.7678568019408052,2.816488177894173,-2.3429456750109936,1.1349569937817954,0.018966350716023317,0.49937570101515055,-0.3084462050818806,1.0086495952013943,0.8932458702433017,0.002835267791874027,-0.16895776942093804,-0.5153644002630817,2,-0.329049536420275,0.09919329867063376,-0.20121482278013592,0.033870644778207185,-0.09642481618314303,-0.20219670508288717,2.0208777242050413,-0.4991914420719568
0,1.671010480766204,-0.16907229334676957,0.12318570979476201,-0.14745317486990805,-0.13788187935592855,-0.22441094795841537,0.4960534726085093,0.07773796938089217,-3.1199395009173454,0.8377148253173613,1.7960730960296951,0.13187770107935431,0.454158686387536,2.1484044977342553,0.6685472987275942,-0.31563127707621425,-0.340522972654637,-0.4949284690108891,1,-0.3994407261579409,-0.4109346645023778,-0.8135428853942315,0.04859012890334957,0.9360466186261819,0.4804930093736971,1.515193739998997,-0.35961975027260273
0,2.2114352294847954,-0.0758084251625232,-0.39751441733704707,-0.14528505708800188,-0.49450616371178374,-0.4130685964673327,-1.5618946230740969,2.5047167418392107,-1.2726175798242603,-0.3792409807114797,0.5061583599327074,0.39976744781084206,-1.635424208522469,-0.2251570174693236,3.998792141197271,-1.6733140822780987,-0.051920625901156175,0.8356156570317801,1,0.020363128291840032,-0.5293390772694982,0.3112130583801576,0.07284424095219569,0.3673493545624724,-0.34223846449593576,0.7479505576649214,-1.0967436285132757
0,1.4974961216751668,-2.64007936633828,-0.6565368859685444,-0.9654803150897945,0.06558318117767259,-0.09646572533912101,0.3487152897490065,-0.21344998616058874,-1.760961025425458,-0.006736467218188297,-0.014486517132866139,0.49673777859887047,-0.4543071096152533,-0.09594343219444287,2.803751201580126,-1.0117186754461827,-0.6318043011007872,1.6048430822244604,1,-0.5732485389288506,-0.22748301944108618,-0.5267740949027205,-0.13749578228821702,0.7476135984355468,0.20790131053521457,-0.7769085704839882,-0.11377074763224515
0,0.5794221479404374,1.4938956648660047,1.3289974510064977,1.4606175433478008,-0.5797384348426039,-0.8203914757293179,-1.9598420389301048,-2.1565944721563284,0.4185516200713869,-0.4013107964527479,-0.7213379062257754,0.20928414148807029,-1.4535055029237636,-0.4422207000900499,0.3488498201857425,-1.2263340450916438,0.8694019582220942,-0.41080801930402877,2,0.3580077013772711,-1.6010019776465136,-0.558980961333978,-0.13858845242106,-0.7335292872215864,0.20038556710083089,-0.7911959578720771,0.11024504945320379
0,-0.26788205086188643,0.5204529850223736,-1.4301213901916203,0.4901943752360265,0.06273778486378306,-0.34190537113620156,-0.15401533380557852,-0.20930718076646304,-0.14030383783753464,0.6919307242646725,0.7902559733292062,0.34974727444550235,-0.6752721305008914,-0.374822412257068,-0.17950783238404527,-0.37704943363488613,-0.13247579065542092,-0.28008830852599026,2,0.381550609263094,0.2721048107485394,1.498271554548394,-0.060363425351692784,0.06067388934699092,-0.5844569964174374,-0.16789479108416916,-0.33487746764321347
0,-1.4142703048818772,-0.5962042391308544,0.24362048180995416,0.8787985763383728,-0.5537520251577862,-0.7956712071305985,0.21364783060038717,0.1671819998050766,-0.1241698174119068,0.6281311839991771,-0.5837556243986005,0.06630820660234787,0.4962584616120418,-0.3849771373353187,1.18688555154917,0.3849204596050666,0.32378551326415567,-0.4476972444888979,1,-1.102793843146648,-0.8727026313311946,1.1098775799465992,0.1428082308552432,-0.24760769996888188,-0.10515918249165017,-0.5938254525625165,-0.32575195852975913
0,-0.7860162205079992,0.2448269944432916,-0.6120900470288673,1.4847721200671526,-0.12629553650582034,-0.7864657513507561,0.8496900852461244,0.4381566823177475,0.8913160381339674,-0.39943841002691827,-0.8354805223396512,0.56701512719678,-1.0391979327242973,-1.0721355262488736,-0.45342242486459217,0.02211686369065735,-0.5760623695360427,-0.5047315924799313,1,-0.3267399592375768,-0.3861725051527687,-0.58696161574738,-0.007716504693477455,0.6039126017177556,-0.17516495490876977,-0.3082258351649296,1.4447378106447895
0,0.7130696460684198,-0.4452614830662754,-1.5048565920905197,-0.26479409027433753,1.0675713453866624,1.0672277168943842,0.937725709607298,-0.001070701172609656,-0.8074428964769069,0.7933239758323765,1.2849228062492213,-0.8829582901989657,-1.4049874029404994,-0.9549645372248999,0.8434132351530741,-0.6565590521101371,0.5713259906195066,-0.14858879632012334,1,0.48118865633212193,1.4498352867243325,-0.8353269651305669,-0.054360463185865404,0.18057871181361823,0.38650486058910866,1.424377996779587,-2.31159320995854
0,2.24867707487614,-0.7991690770655628,1.579337228527148,-1.0066117757444992,-0.3092290628267394,0.6805001166359443,0.602381853615294,2.3752509608329135,-2.9438265595995694,1.4855173944505027,-0.36400439719849864,0.36133164363517134,-0.9136382295638947,2.589253322313815,-0.1301483676467885,-0.6692594315210821,-0.5870387610887904,-0.31931236633901994,1,-0.879593862638981,-0.589955163360787,-0.7037129736429981,-0.09245733382176911,0.5017539184394836,0.005069171030058661,1.3738452207829512,-1.267469808061587
0,0.8956887072970375,-0.8356641528889877,-0.28546041531542243,-0.6802377749519414,0.8831474097267489,-0.5746281080000654,0.7834443350854573,0.43108982110027944,-0.5852279750740119,1.405022854688588,-0.31336162396490275,0.7093606648959598,-0.9478618964015428,-0.4636538519780151,3.539624961755251,0.4410481617543477,-0.45398578526740174,-0.09640345527821192,1,0.7124464632843539,-0.16727582908037783,-0.837083612328585,0.14453889901386818,0.5113941857346531,0.2582245927749919,1.2277775267621385,-0.661224383496676
0,0.3332985944726157,0.4397200888086317,0.48758746991409474,0.723924957632702,-0.6215762906090536,-1.1499630256264555,0.7192137871952902,0.17251905030892734,-1.4448670301790953,-0.15583266972228932,-0.8682391796720978,0.4271822846277701,-0.8999606715602849,-0.6153971375772241,-0.7339703580133141,-0.04174562781048263,-0.65175997996054,-0.03498988304251002,2,0.04875710557259294,0.15431215466755083,-0.7336360404385902,-0.13858845242106,-0.5029853692173009,-0.10123666058108971,-0.5763699144044009,0.5600937521754508
0,-0.1249707728942876,-0.8718414135593362,1.022229766809642,2.134122923406351,0.18468081277794118,-0.5670621915426837,0.9068418626892468,1.363040138471343,-0.2974552808761309,0.16469101947685785,0.06411165180150491,0.9427800614690955,0.7542254340495583,0.7530726703537773,0.8157298820500041,-0.18834860798082528,-0.5168372463211882,0.1169756911825485,1,0.11547005780064656,1.2188538731967589,1.9845733225095088,-0.0577206791503067,0.007062286902008025,-0.2472082185795883,-0.15201245423268261,-0.7924237819665074
0,-1.1000434730924615,0.6243557651167474,-0.3978372171489631,-0.04680931633573315,-0.37931351105654315,-1.117287704211459,-2.044235337218355,0.5656615414400423,-1.2407536765844849,0.4985271392602726,-0.6712834239878203,0.212801673670831,0.12949642459346522,-0.04713385978352627,-0.45175636091043936,-0.39699712588604763,-0.613233091570715,-0.01369620298603802,2,1.0134777246569169,-0.4464638999185079,-0.0368344115009614,0.07833938489098059,1.9738414922970429,0.7800025860020025,0.682324175611419,-0.42067642743279454
0,0.4148317708866581,0.5880325874981777,0.05945737191421815,1.4232862211990265,-0.13987200133172592,-0.9065972823455715,-0.06859300192380291,1.1566512656928272,-0.30097473645075673,-0.4586271538711435,0.655813209354833,0.21976677682447954,0.9084487939078845,0.11100032993415376,0.55573754539986,0.6780040368761503,1.44807381573653,-0.1624082993071515,2,0.21540094093931056,-1.4916305110636299,-0.259744141394249,0.05720060856805516,-0.44528680730367104,-0.49352104516359385,0.43592431432748735,-0.06729394477049788
0,0.5667905866810701,0.8712444187303456,0.2071507270611461,1.470903784990322,-0.3453725214484413,-0.2024465113627787,-2.315060729257733,0.6433307591747485,-0.2485861941852856,1.1899268358092514,-0.5874504512405605,0.768816646138641,1.2929415115037934,0.6849475666471991,2.775574196156538,-0.7464626541545156,-0.3366642580623507,-0.2404555565225418,2,0.18540031534437476,-1.2988387229326497,2.599426503882961,-0.043758187117397256,0.17011455271661313,-2.9047187019724845,-0.7586814287692955,0.2697317339770635
0,0.19153047951562313,0.37506020481900376,0.09302016316944828,1.028550817573007,-0.4630540429495945,1.5647256914978542,1.0459463595065648,-0.19155119037651308,2.565530596314238,-0.12612101419551736,0.08323828880798742,0.149072647856406,0.6409312880519268,-0.8479526888655932,-0.5941347254524842,-0.19659545922314964,-0.35616058161034747,0.2780239104072579,1,0.39007580033899336,-0.4778372474779988,0.035163185756736104,-0.10277171757438591,0.9043163836181264,-0.2877419362572387,0.11158258507468788,-0.9610472832496324
0,1.2607210500377475,-1.7234224346454279,-0.04926273875813553,0.02034241778840884,0.07472348572002896,-0.5960511170822157,1.1688744383356013,-0.1302722981719271,-5.51952361243218,0.9138819962609178,2.024557669544417,-1.0215878074396871,-0.29353007661201463,0.7545259130032647,-0.2096879867010573,0.22493909734262862,1.115908459061314,-0.6632026115364076,2,-1.3696147909510823,0.12334392487133321,0.325541937430949,0.04208920805754608,-0.8058088776676783,-0.7560699384929886,0.2899678597397947,-1.5396362792612972
0,-0.35668738644997366,-2.9794294068020983,-0.40461038214913697,0.3429740031860741,0.17163680205668363,-0.6338904305261213,-1.670215773851692,-1.371890727934268,-2.062250244882527,0.02315490182562477,-0.1919718062585189,0.32378450815860516,0.8160135292990256,-0.20397522535059331,-0.43912013264043404,-0.0022906769349335665,0.9297598616988112,-0.24227551847131912,1,0.733648964831165,0.8224762531876292,2.2520980560415005,0.16605078692183575,-0.6204541460521503,-0.36838709001269654,-0.8215426494500883,0.10431377634793126
0,-0.5625872288904485,0.6503364134256275,-0.253757730758454,-0.5453112644149398,1.2090504075163488,-0.2517527471103293,0.5084829642371362,-1.1019093172255188,0.04558989706265608,-0.1821156867843005,0.01546277318262633,-0.1592264231446007,-0.9493043709228426,0.11875015288935403,-0.9602850078577232,-1.1713236186819898,-0.6251579208121985,0.07767154351619573,1,-0.16043421531540103,0.46020757751974967,0.2274505694063705,-0.1129526385599431,-0.2505277281956454,-0.8683807306791789,-0.8932844905793839,-2.157164740910801
0,0.6983948556855338,-0.315493492071132,-0.9094364175474127,-0.8164283652367815,-0.39314174863041157,0.7082273556171028,1.086679526242715,-0.5460437459404697,-0.734989644579769,0.20627695149152034,-0.5827208461427436,0.3570681492269934,-0.6718399456353858,-1.0411535961921619,-0.374586641776163,0.27054912056127645,-0.5666716827693256,-0.48502362807835453,1,-0.024842024371460852,-0.7702335532344526,1.3339966246826376,-0.023667639064827932,-0.00943652536285558,-0.07853971862345965,0.9447113478786848,-0.6844978198896967
0,1.796423855911855,-3.028610770253381,-1.642015717415018,0.9536182494280332,0.16196998572531668,0.016200227005507106,-1.4005411193435395,0.4188803745944406,-1.5624313260413936,0.23800644006671895,0.09673714115280783,0.010011429236934044,-0.6312486240291117,1.6745683574426964,0.30002722592544184,-0.06634685782130254,-0.35021338028856924,-0.13790275102248623,2,-0.465568667962007,-0.3319146952487332,-0.5370038765411292,-0.13858845242106,-0.6453687807983777,-1.2918283728224536,-0.2628527336480082,0.12311810294632775
0,2.24867707487614,1.0587800355021244,0.09025347545394335,-1.320580795468865,0.6973312557078687,-0.23332047939209394,0.8006401094593056,1.7183493560784824,-2.3088860580754424,0.8844924665056877,0.12516856731372458,-0.28480934030308064,-0.2830729056376503,0.1534743604337911,1.4909790230584223,-4.3081997548077275,-0.25670871226269987,-0.42211495254817394,1,0.8013463177646631,0.11318531164633848,-0.7691081407699981,0.06005490240811155,1.9676436541347142,0.8870070510375073,0.9454144994689393,-0.18893625512704912
0,2.1794041568362355,-2.597611414395581,0.5357703574177033,0.30739255512317426,-0.705173561502416,-1.0275695648801444,0.8400607227940133,-1.031211316151699,-2.3828288394994486,0.12085621669964564,0.18724707859973255,-0.27407975333592155,-1.7062123127545452,0.031197060262747933,0.4720770234913113,-0.3689336748202318,-0.1730980407937896,-0.5048112164757628,1,-0.7031187206519679,3.463127597586549,-0.837083612328585,-0.13858845242106,0.3117815811940938,0.6084582918994561,0.6149734400583766,-0.2836572674533847
0,1.7217712221678145,-1.1401131279501353,-0.993585698779193,0.5079888530922378,0.5864420512650568,0.04154648564625418,1.0531120432945662,-0.2627954705170585,-0.7329279957532302,0.67373748818536,0.4914028408100613,0.7371568264804422,-0.5947287764029545,-0.05405756320806898,2.489862477837373,2.404342143690951,-0.14406899431929476,0.2249875217941239,1,-1.1291344477080032,1.3548675239283157,-0.7930986347876215,0.04200525028635298,-0.6967340173925121,-0.4335164725642269,-0.6310507175957432,-0.5844437659775156
0,1.2473064064903265,-0.42594881187244055,-0.00891439519960046,-0.7714648914316298,-1.0240069497919133,-2.07607465658366,0.7137328498988192,0.8737399649912683,-2.3226349409426708,0.6250077220004752,0.4985619682419237,0.5383124019490235,-1.071415809544749,-0.3252756101105735,0.7653944465497801,-1.3004507789017983,-0.06425890555978524,-0.24318424801231192,1,-1.464877508822852,0.17175874757162862,-0.6822883889679756,0.11670178351145867,0.23137779009909673,0.798680112822439,0.9131421434563068,-0.05200959605407762
0,1.123772494392138,-2.305200745267464,1.1754396698516982,0.6263719102867865,-0.3340097164839959,-0.9381661661069718,0.21788150685944085,-0.4849150589004799,-0.5578540041415447,0.16831554329662324,0.5429446608182723,0.8392675890305503,-1.1354318760188256,-0.7326768863391422,-0.7955102944379644,0.3443333328705989,-0.42692539331665297,0.2434528349517691,1,-0.43886254805128,-0.7622886646686386,-0.837083612328585,-0.025136297348121103,0.4084730499108713,-2.9545862911472787,0.2123280248895765,-0.4131700281545008
0,0.5186290503804203,0.4927035112278595,-0.9898713472794642,0.9483807240311978,-0.35835284889239083,-0.06377969733490318,0.803810040235259,3.283549487514854,1.92497648263168,0.5865213304063595,-0.6831984358454821,0.5015525542104182,0.08664428077188024,-0.2693244469043221,0.7866080082240481,-0.43176940732407965,-0.550959303171791,-0.25097570831497923,1,-0.07354496889111653,-1.448498089075157,1.199416211475757,-0.12298437312598744,-0.26292553582838657,-2.512711015346828,-0.5629914937406506,-0.10763747005980222
0,1.4103517956523464,-0.5773622886732901,0.27646543082504643,0.606242293398189,0.0558251944842762,1.7418914320918326,0.9675059530204855,1.2818319027234046,-1.4276978844738584,0.3869865536828243,0.16941452787373218,0.5618319115672052,-1.3095650899024724,-0.36093774220318076,-0.11170471955207145,-1.6240169296556823,-0.09065494023090054,0.31625055080160935,1,-1.179617399808522,0.6293639949021511,-0.7395991010780484,0.04313897370898419,0.13473279195276025,0.2142121136689053,1.819259388778801,1.1894845748199214
0,0.11672792051087244,-0.7030376708919261,-0.2414965131705093,0.23965743029540595,4.241108580805463,1.418722156661252,0.4355238347470261,-1.9511742522102533,-0.8548298385099682,-0.1492556179847478,0.38729587236720364,0.24412344759387,-1.427995105366751,0.442639931079026,-1.1036266497771439,0.008277970942075608,1.6676139883374286,-0.024636173016099022,1,0.7036436227142242,-0.03795007433480371,0.47169476298130725,-0.13858845242106,-0.4196531414826895,-1.054054806532486,-0.6041346140507683,0.4993288887788948
0,1.2717956289436925,-1.8320309148569205,-1.068586286802035,-1.1168838718852174,-0.7207735356975176,-0.5688953164495709,0.869521039861626,-0.27764021031620395,0.1242771382226685,0.33604175809647274,-0.6880990026960069,0.5538036826702064,0.35276644409324553,0.2659287277774431,1.4716225333843251,-0.9052965329051756,-0.44288667074348254,-0.13888700973773854,1,-0.8662749764949897,-0.06486708334947044,-0.837083612328585,0.028364455218080814,-1.09095311408826,-0.5676545519516555,2.0497859395397917,-0.36521141960321785
0,-0.21922532931203964,-0.3943733478778728,0.317534987162301,1.238828801576656,-1.029428201042693,0.9576392548612112,-1.208431286714327,0.21406608582869147,0.7517541949372908,-0.7102130408373549,-0.5105239441677427,0.3127642741399841,0.6900123439304738,-0.601091604751623,-0.6166920448224708,2.8874168359786134,-0.0937455340884335,-0.19034667917300596,1,0.15221845736808673,-0.7457673186487048,-0.837083612328585,-0.1303518472407926,0.13046021238557814,-0.47834221058636117,-0.08629958404779958,-0.2751250871257538
0,1.0470314464288457,-0.07411709702567082,-0.7932371152670044,-0.8050977328792022,1.5931924401416162,0.09410903661222059,0.47279811497872304,3.1722577554366804,0.19638284435720627,-0.2818869528279085,1.3465827424682546,0.39751280144887213,-1.2334767068668706,0.33036751876698933,0.6473747218426494,-1.4243378370586743,-0.17493359987719798,-0.1934805922172506,1,0.6264817896381072,-1.0753395366797536,2.285051025907465,0.199186557973717,0.45365159171371283,0.13698470518407488,1.7381444306327767,0.30624510407644434
0,2.24867707487614,-1.6772098603745953,-2.5887063322874355,0.7780787070875153,-0.007815175703343336,0.4239862050500392,0.9339693985486581,1.0966514767593505,-1.209576408140712,2.104312707850273,-0.4798154183560357,0.6749837786071272,0.028204086081802027,-0.16867419447270446,-0.7002908216644239,0.26984231445024776,-0.65175997996054,-0.13009945977403517,1,-0.5019222484672834,-0.5037270522587992,-0.507229599492871,-0.06694919482952777,-0.003963729281923456,-0.33535624581289547,0.6621642373751654,-1.8632257926596956
0,-0.9785354397878566,1.799159546103934,1.3457996735501663,1.8299849969026345,-0.5350708853226726,-0.9057558852169123,0.8130930443087248,-0.13764993576986673,-0.5620688779536649,-0.2932166338576091,0.30011295277788175,-0.08924680500870386,1.473117995681891,-0.11177971572336212,1.5324598746278886,0.08091753628003434,0.6108958900630514,-0.3934884779414416,2,0.07966955937464694,0.009927034297458559,-0.05893018881770762,-0.10729803468157147,-0.7741959531700464,-0.5691615850935839,-0.9379687316749046,0.6204234191494227
0,-0.8920201366484162,1.0864712598739257,0.9879147372787971,1.7311215627871719,-0.7493079617904036,-0.38177859045749707,0.7431768410477402,0.3057688619082817,-0.19130045145181235,-0.2565946308678494,-0.4891916748535582,0.33177040627712295,-0.717422578959669,-0.2757181127307045,-0.19124473739620368,0.9820468573595479,-0.12651361269254874,-0.35211944951799024,1,-0.6693535533791981,-0.755191561547087,-0.4614838218773473,0.28009141841585194,-0.39793259228851996,-1.071368124237458,0.6547317700066358,0.9820494462237246
0,-0.24430824818688446,-0.30075314520970786,-0.17480547251013814,-0.4309263384583393,-0.42000728481245186,-0.14566860172688473,0.7408967072112795,0.46349825140387657,-0.542893071005023,0.9343966500125372,-0.2538834067391479,0.8804899678636583,-0.26140762756636954,-0.04324344612703798,-0.21550216679116752,-0.21533452872851766,-0.24307292678298065,-0.21565572069361988,1,-1.87737378862638,0.21979247821156067,-0.7651313036867736,0.15859367996418183,-0.24036270271259452,0.947764684977968,0.5129724330752501,-0.4617791232205182
0,-1.9152376951066508,-0.38233217743122455,0.42710503525415117,2.190300833674322,0.01067915934926722,-0.3026229561569532,2.467315395986977,-0.5941959872075424,-1.8848011640310824,0.08875471286491099,0.03970052141787783,-0.8739385461032516,0.2933017869672731,0.15658985247938223,-0.06072327905738517,-2.6781843129544196,0.5972862250750602,-0.5656638822750293,2,-0.3191524826471437,-0.4583829141183846,1.7547213050507433,0.05859063134025057,-0.8257774885613678,-0.14280083527489867,-0.685420551912408,0.42503317797017526
0,-0.12897497253461632,0.5841638297794078,-0.4570689653961375,1.3986861580988537,-0.43189762892348793,0.3754366152493473,0.8234692703930778,-0.13558105085371774,-0.8283691928130724,0.2714481672132898,-0.3492411906917771,0.20733928011218775,1.7292459026360048,-1.1025928397116331,1.287470291546203,-0.04029341429732991,-0.4562828400461151,-0.5659318441859894,2,-0.20058757543508637,-1.3043246343961359,0.016550238158850678,-0.028869617355376978,-0.6705493678886291,0.36219409827376053,-1.052092652638643,-0.11186015309415986
0,1.9581679525109048,-2.766405027942361,-0.5600376277927082,-2.07519945753145,-0.6223729934947424,1.4202647110846458,0.9548949990487432,2.859818149727059,-1.1241888389370323,0.14601065279195694,-0.33384092328393794,-0.3327018639480487,-1.00299834575182,1.2737676179180628,-0.15388207818184374,0.2708187500452637,-0.3849810140379517,1.1693154901063578,1,-1.5503024197679873,0.07548160594158301,-0.7452052873846263,0.03213104999276731,0.09186024585924962,-0.24300425697013833,1.2122267166031484,1.2781869825840408
0,-0.9180924488798259,0.9175942938668145,0.2697559825330997,0.837550667366863,-0.1772751852572205,0.18940029538899184,0.7214279350382513,1.0160625542808224,-0.2550600778638705,0.21210231023827783,0.2671850699012881,0.46999724763750095,1.0037356961762276,0.6642625220334031,1.64701467855169,1.9801642471075973,0.24430227954803127,-0.2552168006916889,2,0.4126075092940363,-2.8699060266436405,-0.6305352912300483,0.07611769717876102,-0.45623369299836525,0.013950407034972634,-0.24296340537647249,-1.363962800521798
0,-1.3586327392025668,0.6829181776661151,0.5384750526556746,2.4611518600839544,0.3435402981951214,-0.7643237925909547,-0.14693463383403527,1.1563460127165783,-0.15104582841750985,-0.40961211552271937,-0.17828683962998193,-0.7834245496972894,0.9553370155693532,0.1294452411712031,1.961620277100152,-3.0349532580437777,-0.08281950351078465,-0.3212472510257934,2,-0.09173184905204283,-0.5969008908126523,0.31160520211416304,0.14302733903972525,-1.0187773745484066,-0.3279126823098856,-0.8699503145499333,0.6216276360652212
0,1.6475724012462818,-0.8324839250046325,0.21248538874910647,1.2085558794458486,1.036849294334246,-0.41487567847815127,1.0940889241294438,-0.9027183427466976,-1.2504423354142022,1.2732449693614738,1.3083969922012861,0.18255481806419602,-0.16774580383648507,0.6935980183876024,0.5953136240861683,0.25588897664052057,0.10158751806678923,-0.1555694148138548,1,-1.0303425630797092,-0.5074473110457794,0.8160213144514741,-0.0934171284774035,-0.6646214965128445,-0.5911687371586924,1.3585394412325664,-0.9187873847239887
0,-0.16362476603737797,0.21776294653855782,0.9527579764736489,0.5513078949586405,-0.1284571803130647,-0.6457569845298605,-2.1610398726665334,0.33241628071702767,-2.8029027712609835,-0.3809475095653182,-0.46680525413860363,0.2116253722758971,2.1862009325676826,0.003190896600305859,0.2214855730883315,-0.1428357849596582,0.511701866597091,-0.6871415496920787,2,-0.12635821017409632,-0.9562527299718955,-0.7035851138909743,-0.01243652253462911,-0.236337481709451,-3.262295365049437,-0.5902256125465479,-0.11218145599309065
0,0.16414297112312873,-0.2648029574593306,1.3428940279885717,0.8924863151128191,-0.36348110414899937,-0.6918299824115595,0.703391153853666,-0.5042225727798142,0.6813143753362272,-0.5490603304138454,-0.8009792922648983,-0.44531592027977535,1.645978144408752,-0.13632404475430696,0.42435021812236307,1.5485902795136628,-0.3263883464152153,-0.47375580723491073,2,-0.4029779229524929,0.03459367049928597,-0.5783772725035006,-0.08911818253612123,-0.22616420521091735,-2.649541243406473,-1.0559296963768476,0.44322145963269016
0,0.4449396964472805,0.11277983882785095,-1.6280476570173747,0.20244966157707667,-0.6177309962366986,-0.6293716863799205,0.752783138151113,1.1959005546484693,-1.9909630672783718,0.37515116536415205,-0.42028121382427247,-0.24605352522756707,0.1397174255095045,-0.3000477702426412,0.8096649260067075,-0.5031739771224973,-0.4658041566014206,-0.5601262681490738,1,-1.341197104200161,0.2993456606774311,-0.7265593519180172,0.014276480314127468,0.5291785372298639,0.9659119463102914,2.9905755641354723,0.9024810055954969
0,2.0268413602116326,-2.603195745851232,1.150633665754868,-0.02604059759489491,2.136985308231697,0.4303596980144129,0.4077583153062085,0.08860202699208264,-2.19977715812428,1.0588350502045012,-0.2139417703443905,0.5901603383894037,-1.069802736155796,-0.28440432153654455,1.6439448977940914,-0.1292733318139795,-0.5818935913611565,-0.11039175622829658,1,0.049515690916152516,0.439045326715022,-0.3644364004300468,-0.13858845242106,0.10398275641819732,-0.08803549920158787,1.3365204252724214,-0.6094209345338505
0,-0.12359138180698515,0.44974160264723967,0.6931330752092808,1.1846562777079648,-0.7326427951407397,0.006623162352740408,-0.41475159301355957,1.4630704436854867,0.16190788834350556,-0.018019352144609813,-0.4472374272652673,0.7025594200363559,0.36924330781011216,0.19200165555491944,3.0127783968662336,0.08962093267019755,-0.19149358579192263,-0.27363065753535754,2,-0.7233965719918589,-1.602116380378145,-0.46223421616074695,-0.06414039958814284,-0.8014781524715034,-0.9677346524211332,-0.34180674191366,0.333370815468705
0,-1.3323512902907981,1.2280473237969745,-0.16524725578540167,0.6439324815454744,0.6207286022408625,-0.4360124027563398,0.5414919889335308,0.21823736108120695,-1.1791396571204351,-0.25973327349859987,0.01409824420827388,0.45387735102243115,1.1131565741272202,-0.1728087747260877,1.765053864537696,1.501717173093682,1.6738713860755279,-0.6975250152740942,2,-0.4538393691425031,-1.6072141049473398,-0.3392896107457921,-0.07110078650963295,-0.5121628461835106,0.5104050395587537,-0.9469959121219695,0.7929541915256694
0,1.0027493267692502,-2.381191933833898,1.6525331535384815,1.2921067920629647,0.13765011103411384,-0.9198487824837753,0.6413127117061538,-1.5902618022423254,0.05211927474911088,-0.27287804894058976,0.10558863261778606,-1.0481693017670115,-1.2129462299502634,-1.0547818485596232,1.9371440385920782,-1.1485563232208427,-0.13813672684568118,-0.513244793662798,1,-0.8540824561629085,-0.020981408972209847,0.11018828703117284,-0.10023968741175766,-0.16325204293753473,-0.12909972125215854,-0.7120997465621717,-1.9262584347855638
0,0.5132541244204503,0.4783070125864447,0.8737825094395377,1.03921349662011,-0.45074796995921657,-0.9973585396575391,0.7699504097034425,2.242452347950804,0.6856465058667116,-0.9055673516556999,-0.1470764093806604,0.19107855885756947,0.04756852319165705,-0.3914388655600778,-0.9865660710350121,-0.3484814422950318,-0.268712672790271,-0.08901704895148457,2,0.17204541305851972,0.32670788597926037,-0.6616853118908095,-0.05457643058890321,-0.5806658954063113,-1.2074278660177284,-1.0198261643170348,-1.7240710379148245
0,1.7064737188356938,-0.3586991113647831,0.6013699484885862,-0.2099020053086149,-0.3051062026071765,0.19864366298511527,0.5666329432653894,-0.18037961616182763,-0.32536265399568987,0.08029833133478392,0.7798467456809232,0.211340593168438,-1.6770243125787725,0.3621584479101692,-2.37246327424008,-1.4061523632652526,-0.6278118815187456,-0.24229284964325407,1,0.07723056972332065,0.3914525070833456,-0.7308476349230917,0.009318792760226818,0.9632486058373375,0.5910060482721917,1.8595773411772285,0.8684888274776964
0,-0.4591140960725776,1.2221454692952929,-0.29617309341590836,0.8125228903014751,-0.591177894424665,0.4107069807600745,-0.7148656773128951,0.20970238188336082,-0.49646000708646115,-0.4405578174776626,-0.21180648480946707,-0.09200150212836067,-0.08512351177458993,-0.8404395650100247,1.4185441210686145,-0.38181758242051284,0.3982740560379096,-0.2878729289561628,2,-0.15032123581859672,-0.6839552048877604,-0.7194672785710824,-0.0239401560044382,0.2804838607473666,-0.7633172437593063,0.2189558990017262,1.2896020457364443
0,0.859485756451452,0.9148551745437112,0.24722380020148807,2.4271587473913714,-0.15698095623852723,-0.44227732841113787,0.24464074210423825,1.0107236060715552,1.7327667114888614,-0.9116518537828506,0.1872587834227369,0.09338813168506674,-0.32003907685532806,-1.0925470794421623,-0.24826196460611033,1.0390782212686314,0.38629969333919134,-0.4679364552973663,1,0.11810897213349002,-0.29151321296805777,-0.7816083033765506,0.029721809246479283,0.18537404944975777,0.6771530341542666,0.04746390406016196,-0.7379966738018999
0,-1.0961974000882568,-0.11601597751675917,0.7741331007691488,0.9490931290920248,0.15333796137333922,-0.7889644877917539,-1.8334617525969321,0.37184891793759156,-0.8040849646777499,0.39319805213529957,0.1352794613053735,-0.09996270221232723,0.7856693496316629,-0.2409419255334654,2.566943630557227,0.2769754875509064,1.3173933906059636,-0.5857281397713737,2,-0.4658015108113863,-1.4756893472745385,1.7064640076822915,-0.03039694303850137,-0.48768034491850154,1.682168450202715,-1.0615963901835408,-0.4786671318777411
0,1.33500081075572,-0.39051027683432804,-0.48405483119148185,0.9991432013720277,0.5455477343553037,-0.08882295842188373,0.9147755458590235,0.17924495217452185,-0.47296342544054765,0.8423215442391441,-0.4655336776386797,0.3525356580267652,-1.6146425677080953,0.7745300334639369,-0.45965408930019225,-0.4751531308191831,-0.65175997996054,0.20141689391801512,1,-1.0318882121872575,0.29627784561268683,-0.7583841380843189,0.07440815491535227,1.753530686563415,0.4490230650243027,1.240201769992912,-1.3302786481275473
0,1.8243993417155355,-2.1160052960365596,-1.8031951676963918,-0.5820761800758729,2.0819068206608913,1.9298609349110245,0.6057831219882254,-0.8861042484174578,-2.0024913159169317,0.5485329326779398,1.054046665982843,0.9966043022539502,-0.6359909949713438,0.68135728264237,-0.568576363820356,0.1410851359187809,-0.22650038795801294,0.12515126617949546,1,-0.8278261817718298,-0.5714948290947373,0.6703197041967383,-0.048210138056899936,-0.2607166359112013,1.3388543710732226,-0.3313632991853246,-1.881114308498483
0,0.21670166193584092,0.2376775492665309,-1.2397443713029148,2.5228750115403606,1.029695374594343,-0.3330806658919554,-1.3601940765638463,0.17278857458595437,1.1389129623675789,0.15995533120807837,-0.9251724609829602,0.6486210011288107,-0.4602337223641223,-0.035962839159423776,0.46519627628357374,0.33878085336148933,-0.5729380081341016,-0.2990074153618288,2,0.07165598227713346,0.5352709295415327,-0.3045537431598349,-0.044422770119113775,0.7999186049464129,-0.05335343465715849,-0.21588314862616476,-0.5012909002228697
1,-1.8396086790371462,-2.0638001009115325,-2.162468636805341,-1.508963255276803,0.22132512980699515,0.21412275271527043,0.6935735270859533,0.4864512006478547,-2.1679050109355744,6.316939091636595,2.236720157994979,-0.18168805076207367,5.98529300691807,1.5975447577603104,-0.444629569921393,-0.1379988264156319,0.07464043502447486,-0.12858326451888225,2,-1.3414568965120923,-0.5740110029996228,-0.837083612328585,0.05781160647606212,-0.8312894309309202,0.746085564739289,1.3202109945638982,-2.31159320995854
0,1.6576105400890904,-2.0833170386722673,-3.068804223018107,0.9334232570727101,-0.4814633471493366,0.27313425911304423,0.7217135010633177,1.4866069393092842,-1.140298073056218,0.11528408063937512,-0.8046816461250844,0.4731131455694414,-0.01596829375331961,-0.4608901733803187,-1.307332262660177,-0.00496202914604435,-0.65175997996054,2.4466939143891056,1,-0.9526931133718092,-0.6569528264727311,-0.837083612328585,-0.13858845242106,0.1584534978118206,-0.47367499261512713,2.431188082828817,-0.48005804955631554
0,0.5582011368473481,0.2300426635088516,-0.37148384141433116,1.6992311457424005,0.03807523957334358,-0.7110202204037285,-0.6954669905143632,-0.1268775020131132,0.24684046875510163,-0.2334562147314569,0.2562987795858124,-0.04219733999597308,0.6650645759943901,-0.1893582205497203,1.6612880440540774,1.1461099960693015,-0.23669092908434908,-0.3008698833196777,2,1.5470938858900443,-0.19941487901817992,1.2895016598969262,-0.11843953191707898,-0.6711273236062273,-0.6547865730352787,-1.0094923371781404,1.6568418181995694
0,0.8610197331943236,-0.5235319026370808,-1.2586191400539537,-0.12547712234814204,0.32350270251422275,0.11835110742521393,-1.4074143520957305,0.36415654333073677,-1.0637210113291733,0.7404302241732401,-0.53402197900143,-0.44551269223831214,0.4468864449447104,-0.47343943558295465,0.7307793066069832,0.09504741720530728,-0.2048923178474225,-0.3805533025607972,2,-0.9950557637933204,-0.13689401134705445,-0.7784570968133322,0.2536025268888027,0.6196859085137972,-2.92264477909258,1.4423200209618408,1.0276257284608559
0,0.555768278424935,1.1235645568270103,0.620444642375236,2.253188189497103,-0.501827735070661,-0.734451852858712,0.83165561840733,0.95295527597936,-0.4094927270557515,0.06369320831583214,0.5944903458935527,-0.009597542082053306,0.15615888728715233,-0.5296071003679209,0.04288121988739543,0.9721971382889022,-0.15359986166187464,-0.3164121756282238,1,0.18287586811873396,0.2669261016396135,-0.14879640701278773,0.004348156688346989,-0.24339275646228786,0.08065385949197734,-0.23970231421571456,0.7715512567631103
0,1.9644219785909796,-0.6428314152418524,-0.8871426299849791,0.02762118971693034,-0.4697910626968145,-0.3878702020820344,0.7407641034629833,0.3782772233240684,-0.6605884876209146,-0.1555830591631852,-0.24002421782275404,0.5164195574283871,-0.9947555198124366,-0.5773395299094524,0.6798324842048318,-1.6172054685831256,-0.22400288097158746,-0.1667837602104823,1,-0.4065042867023917,0.6038072238724521,0.0031134894454154516,0.045166258489681976,-1.0633073908508717,-0.742465668616016,1.4092557576991827,-0.31961142363323636
0,-1.0179369048010967,0.7693928187537178,0.37520440029259505,-1.2540168061801016,-0.18840762407548614,-1.047940197940804,0.3923498330417916,-2.0121354609135476,-1.6996199970257875,-0.26325132517352673,-0.8891436498523141,0.8442013926009431,-0.6062734418572213,-0.43629258817277417,-1.1849859077331621,-0.43852161059036254,0.4314959573002708,-0.06613054716728545,1,-0.8481271310222737,-0.78530026572871,0.9493552614206122,-0.13858845242106,-0.08331691974492494,-1.2549266737487303,-0.8631897567934725,-0.8117345406679675
0,0.17855166102532286,-2.174651568609476,-0.2207038790670591,2.299246051326752,-0.49074760145043106,1.1377818637063748,0.8517496149530057,2.059423219481928,-0.4306761181805083,0.7647238587022863,-0.5576870172081068,0.01424293696892831,1.322925501316507,0.02263460869927822,2.0979408766480416,-0.6408743844796377,0.8236330816358397,-0.454524651325317,2,-0.03676726676308176,0.6238885845770508,-0.837083612328585,-0.13858845242106,-0.30460450706638653,-0.47960968698578177,0.22359987021736813,-0.2473841088405213
0,-2.401918519215439,0.37140441947420744,0.6413343897177102,0.07314171659600475,0.86159892920384,-0.8476622352184175,0.3407343322092082,-0.3246988346045092,0.1606402783792451,0.2572244555446223,-0.4509834261697497,0.29003188861331014,2.8052230904852804,-0.8623175441960078,-1.1315700233646653,-0.49725838943432144,0.33330738354428996,-0.3745169095709011,2,-0.3990804753201833,-0.6232512499692517,1.7681382853821532,0.01810557099059522,-0.7079872584264156,-0.4235787606659004,-0.9147464144207859,-0.357654109546124
0,0.6794135342828743,-0.7622144652713131,-0.5385459418738344,1.4362657115499462,-0.8337525630163682,-0.5340713974397038,0.9942835597963169,1.0461332463465642,1.4647951609295358,-0.21349892537035597,-0.11114155643541351,0.9272705893658049,-0.3071115034068932,-0.5805574454414547,-1.863701932447523,0.8529423074366382,-0.5908176250735757,-0.20068521908317544,1,-0.5040200794034934,-1.7568619728398462,-0.731121832053898,0.0029296685650938986,1.0981011048879958,-1.6016492661271802,1.307695864942767,-0.12325359647642886
0,0.2583575867730008,0.5763090019163217,-0.746998710307261,1.060222937989671,-0.13486424558256632,-0.5486762331724209,-0.277648602742758,0.2614538276644095,0.810073691362571,-0.4883089338271791,-0.21445140298667498,0.3574270825876662,-0.42204707413575726,-0.8375724622687615,-0.22175443906123235,0.09022270308414537,-0.10089243975013897,2.0922965838979457,2,-0.264885415132929,0.3745783308350179,0.7700457788074133,-0.08318829291236421,-0.20850144462666786,-0.14603013351213515,-0.6881196169719941,0.20779034406110267
0,-1.5101547687493477,0.8148189015828712,0.6983906938359272,1.1331072954188137,-0.5132388925194872,-0.5183175701099558,-1.4110551283175226,0.3888087848707089,-0.3271866458903411,-0.8619978364007832,-0.5137773709256483,0.8603008315262286,1.1561345546196398,-1.0242833427750173,1.8204634730196556,-1.6327059002340176,1.1782071286486977,-0.08053515046919335,2,0.11713488533825125,0.5406865980690114,-0.0055610066294272675,-0.13858845242106,-0.7780085674282435,-1.1412823756391104,-0.38973943389487076,0.5507939509202112
0,0.3708460973928591,0.7830249301953109,-0.5121527231271966,1.5835279446664696,-0.5809871203425299,-0.5908596476798323,-0.39883905520397256,1.6933149988971863,-2.3653509190844213,-0.32131514566575003,-0.25699902874676844,0.16725521912158625,1.8236639711891214,-0.100062032209279,0.9792863045187516,0.09184358699870038,0.5722115868524483,-0.34732105135076446,2,-0.7707523065752302,-1.0292621742399797,0.34233129840168586,-0.045111294588824055,-1.0068144073926164,0.4483431483109288,-0.49323212558417634,0.7050398967201137
0,1.5983880102165577,0.15038907633620469,1.8009030857086095,1.5641794239060525,0.041779658309540335,-0.9800073218178802,0.8732474539809254,1.337486166494258,0.38506660159692674,-0.32543838470295716,-0.22484849547006466,0.2657661510246038,0.9277910132938197,0.03872310806785051,0.4500445243114499,1.4279942093716298,-0.02417165556567019,-0.37815744962793546,2,-0.12779822263130564,-0.0003360170164344589,-0.6483065380100674,-0.0705234620263756,-0.5379762979296411,-0.2648619467675302,-0.6092765419596547,-1.620169439749202
0,-0.14784727737637055,0.17976056234883409,0.01626437056711416,0.8634796009221548,-0.5803282622679207,-1.1284308162482592,0.7989970517878391,-0.9924902315253321,1.281046673340043,0.2316352121876215,-0.4590849781216487,0.8200053274896357,-1.1000736843460548,-1.0984030708420711,0.5975985668523129,-0.7236768520503047,-0.5659167485315832,-0.10392087635739664,1,-0.04360117150054402,0.4739786383685683,0.057229989380908675,-0.1145513438501471,-0.020508029424563784,-1.284500933745837,-0.39761082921355306,0.9428936325375705
0,0.1126239668901245,0.04158083639454302,1.6580444441470772,1.4436223080363477,0.016576846800071154,-0.6043296448206233,-0.665466462168605,3.855346923644843,0.20616260492054417,-0.308539681589179,-0.11834936226349549,0.061430676005789664,0.37901473524277157,0.1625161868655028,-0.32461239812628695,0.2933839734792195,0.07571761981693007,-0.5262431501264427,2,-0.6243824291159342,-0.7777935403294788,2.0614487872757032,-0.07067221651218754,-0.40432416800998794,-1.5908562272749114,-0.32849833214646407,-0.5582672350279675
0,0.13152437041595874,0.1176353155911676,1.4055311605328111,-0.8791466866323777,-0.2498393991959832,-0.40561042239793543,0.10041701918978208,-0.9263524747395785,-0.25924162291044395,-0.40525160852974507,-0.7559064270174676,-0.24359151099027843,0.6018926028417507,-0.0528455977496618,0.11684884824762709,0.1004236369645104,1.2128942952438209,-0.33546668266274576,2,1.4433161310304956,-0.1804256200421073,0.22848747377179335,-0.07471737688047189,-0.3637835011540187,0.6072182131748866,-0.7903222991755288,0.664137153883515
0,0.10395061043313511,1.2873396769173882,0.06132074108518104,1.49412197123254,-0.7815433104255932,-0.22534450719729882,-0.6256830658618036,0.4539512651586251,0.11281627830895725,0.03617354271065182,0.011783949080450828,0.28264600684819013,1.3899331234400147,-1.074422044528767,0.5628575305388158,-0.8615838696845737,0.35100910141433056,0.6375571545593224,2,-0.0272376316942744,-4.134688589831357,-0.160523844380833,0.06778242098635492,-0.693748378393382,-0.030780861652578873,-0.2308068428549444,1.4467467500967792
0,0.2973345037008541,0.4853486880084208,0.36917129336526355,0.5305499038323145,-0.4650178160547774,-0.700209443014316,-2.18948247072436,-0.3606058850762316,0.40134767599597126,-0.39749415778348074,-0.4508071495612631,0.5048703855109207,0.2532273847739632,-0.6853138961289549,-0.13007525257272565,-0.22139065088530985,0.24786122990325105,0.033902881399547447,2,0.20504173196012637,0.48061888859652735,0.0028140445188287733,-0.105599222031937,-0.6437440234585714,-0.7243892744584048,-0.7522024197287287,-0.27917966038711584
0,-0.037676434002595904,-0.8882947893260884,0.5497668033621423,0.27657340567903566,-0.13083292720487122,0.05936973006987789,0.9914694563795018,1.0349310294278655,-1.9928546480005205,-0.09277607198885263,0.3916466939332189,0.12158144182883218,-0.7030495832136607,-0.005762065481055345,-1.1906032396708768,0.4489697893176525,-0.5470724848557501,0.22470116387782857,1,-1.87737378862638,0.10666151682676053,0.5770229664510611,-0.1015092718792596,0.4377597724627232,0.08681226287575633,0.37029331238180657,-0.6299546864647989
0,-0.1558691325464039,0.890675219085991,1.7069755836597922,1.4217735211588833,-0.43472959658613186,1.4398575518615986,-0.16187457159845364,0.8448610093918736,-0.6079231768409854,-0.3132116427164709,-0.8244567253461055,0.08404300298343426,1.287285707170055,-0.41331927325116674,0.6763434867732536,0.6675868786852993,0.21398374176055823,-0.18854393146078788,2,0.1135640197817117,-0.38643865523250553,0.8186445985511023,0.12207117003265675,-0.6580953750931222,0.2204951541038154,-0.7197079819826118,0.980468949197111
0,0.11457714255393889,-3.0796511666510007,-1.959718290753468,-0.14360414732302995,0.9076461866943332,-0.32672654132757206,0.7619105785129326,-0.723810876854373,2.5197187024403522,0.6118574044491165,-0.7705449896108453,0.13119039519258696,-1.443803051495484,-0.31211441234037673,-0.9944740857294894,0.063227000010047,-0.33975168033791375,4.6417152476609065,1,0.9515478349365553,0.28506133092670505,-0.17291671664201752,-0.13858845242106,0.14265618355561382,-0.5610146082383882,-0.6560167982890018,2.292204868437957
0,-0.7534770587394494,0.14432552559780298,1.580924754551487,1.071481784131414,-0.6762053395101661,-1.2779169037448344,-1.1974500892067863,-0.6413175725823674,-0.1440893727783767,0.20252738841867313,-0.6984257171774444,0.9094884666395444,2.598511065894031,0.5260783849263037,1.3141730789581856,-1.6777845201338584,0.49123573781514024,-0.025273632724253425,2,-0.6216858498463432,0.30563177840667366,-0.5757068448050683,0.03589454370498568,-1.09095311408826,-0.7218126389762656,-0.8624505410560521,1.690441236670811
0,-1.4839696603385804,1.8090330296717174,-0.6148880602316928,0.275755810717438,-0.5456760886530695,-0.026415583937773546,-1.2376335846480364,-0.33412555260306787,-1.1166799226345212,0.5604444061452476,0.11329083447385291,0.4979845248249642,-0.7766799732836922,0.021295862942171007,1.6815545938074723,-0.8897978567102296,-0.65175997996054,0.14327853687888314,1,-0.17538778336683292,-0.25861965604758164,-0.6159859316580615,-0.0388559373838134,-0.050784531195885274,-0.4756217878685987,-0.14308256175448003,0.27795865566486155
0,0.19587778051128235,-0.5461828581514924,-1.5251870079444068,-2.2271819896030083,0.04044006248975357,-1.0323538815404305,-0.31433508445365854,1.2643529023284685,-1.1424746239410852,0.7925582066526788,0.19429396552141748,0.6371675047803931,0.02729428560210434,0.3659331914703665,1.1056699858270438,-0.44115412141456345,-0.3937031923185643,0.07918358139559187,1,-1.460183009170327,-0.5351932466315373,-0.7842425482572591,0.07455441994508069,0.25294060738504826,-1.7183184612774012,0.6776893208838206,2.8941146102277964
0,-0.04713806939130505,-0.327188581959723,1.3629950582992898,0.6773588696478628,-0.10441439358064519,-1.1943160515077977,0.6715942247845336,0.219454422851318,-2.923765388980898,-0.08598354652791251,0.20968431481039487,0.20666957450447826,1.292260261806879,-0.7429350488233522,2.0327378254418322,-0.7121008357852825,-0.06416547041883718,-0.5113167631880471,2,-0.053389757276291444,-0.003492201147984597,1.060913104712525,0.02680790539134667,-0.40948807294258827,0.070658025534474,-0.2865424687443143,-0.18775470868221794
0,0.6838968496176383,-1.2738702366565595,1.0977169774806483,1.0876613209411858,-0.6425663562866257,-1.0454011027591537,-0.8336865851008889,1.475417693987207,-0.8336759056360269,0.6226643504001572,1.13970606624936,0.5513959658454666,0.8417921433097713,-0.524744598198636,0.5442512184709087,-0.9778620262641387,-0.2238362769659792,-0.3193721607936392,2,-1.1708249498186085,-0.1850572850323653,-0.7392079544108779,0.05202244180136918,0.1438041973932997,0.5329047562710864,0.03489865277858706,-0.6929815074481649
0,1.9671274251295525,1.6157424452688138,-0.4188472366809679,1.3830104929348521,-0.49357406954007904,-0.6481743722794657,0.6580777444496825,0.14848147716949922,-0.49073710931187664,-0.10140740770171658,-0.7474243076934624,0.34742894631989535,-0.47637346465754304,0.13612169815172656,1.6940338602830178,-0.6021033324385836,-0.44998088474986253,-0.49900962072526883,1,-0.8485372958274958,0.7694934726958851,-0.837083612328585,-0.06225406284314588,0.3096106261662875,1.1985669340924023,0.9187629313082489,0.24417255186929565
0,-0.3268972062211211,-1.6320558725415901,0.912341478066078,0.2847347893976182,-0.2873904310733816,0.3005962010476038,0.3309467919367769,-1.4011505488733995,0.047851186836983084,0.2684410668599142,-0.09048521506790291,0.18553840841424324,1.7003622126790585,-0.22471480273993438,1.017230424239408,0.1024631925768198,-0.1976821697539346,0.4883700000186772,1,0.40280573191441355,0.07797506688369012,1.6337080969775006,-0.13858845242106,-1.086077084725676,-0.2791550031649716,-1.21975314077183,-0.5784744437470465
0,0.7082505908288328,0.1419406748105131,0.6940658771050787,-0.6172289326341734,-0.6531273961658759,2.160005163954957,-0.9141462470768543,3.626136941938801,-0.407277709439217,0.8592508101918808,-0.06609452979319369,-0.2395913174777276,-0.18010337314578523,-0.7560848193084941,0.6650490645531957,-0.8992479930555392,0.26049600783402005,-0.36769871166571894,1,-0.30362609939913465,0.06540308259543445,-0.17724033956672564,0.08662379115447134,0.6430580436283279,-0.005157624167198449,1.1419756287673088,0.7212207632501997
0,-0.9743402806635632,0.46135832183711245,0.3155643257734145,-0.22624459009989312,-0.216518916357983,-0.9992237576107461,0.47709669709341396,0.2545880029028398,0.7745290688069904,-0.7971160576747334,-0.37114305139214687,-0.07123082869359071,-0.10520986288344676,-0.4273661000358736,-1.0058440599908707,0.08143807869721237,0.30354023260705165,-0.18120751392892037,2,0.6445786214430917,-1.839089297022039,-0.07543326772908004,-0.12027301295091629,0.28489271071809974,-0.23811712090820275,-0.5567858067007069,0.9358637839103007
0,-1.0423810103392188,-0.14410851758661058,-0.0421883972158275,1.8507727676146228,-0.8228167688323865,-0.3532234591921344,-0.30983729908240154,-1.629310262446269,-2.8296570753257813,0.3324439938882718,-0.23221880409235474,0.35194917635866874,1.7879740407360623,-0.9464526449334334,0.3898597175070122,-1.1079291811308472,0.3425583107660731,-0.5277147908248159,1,-0.5963535887497164,-0.09978635901499225,0.20098989902829656,0.35300642360984125,-0.5760108642632079,0.2680942628274163,-0.7057120221990989,0.886361131002051
0,-0.7143135306545865,1.3627279802388448,0.1948781221437203,-1.750018013994695,-0.6340663063258956,2.3402917488147734,-0.7572748987989542,1.5035830771952614,-1.0853500839853312,0.4349249653820204,-0.10357845395758936,-0.5923450906651657,0.13184097832283415,0.1339123416402769,0.8169413249274243,-0.20031726149421014,0.33340626959208214,-0.09829746227186908,1,-0.27668229857391424,-0.7474916379846612,-0.3395797509792205,0.3708275860199176,-1.090531384868132,1.4402456779562522,0.32792414009941684,-0.01647643866941706
0,-2.8176049564032235,1.3699233734084164,1.38993713100388,1.9624304608558778,-0.10973371203497412,-0.946405050577078,-2.5427936304106202,-0.8540197018153337,0.22685121521608653,-0.7196019156734791,-0.5565049458805844,0.08983237059499659,1.3439638558957743,-0.8699327852678255,-0.885588824585668,-0.01693135569467552,-0.06814501188050137,-0.2939371356997993,2,0.3900792763465053,-1.6482621939597841,-0.463399432214977,-0.13858845242106,-0.5073659527036428,-0.2368189989091959,-1.21975314077183,-0.7267270245489231
0,1.8123581760429903,-2.07833030454871,-0.4938246248323822,1.465392593519185,0.0354626106254986,-0.08126906755133556,0.6055413279565504,-0.9805079232123919,-0.25298410642284985,0.1404371789473773,-0.11168754087040017,0.8905787721098534,-1.3490476349981637,0.5354024899522514,-0.12442465512762813,-3.6681085162079703,-0.08905860334306825,-0.13280575813935633,1,-0.9289784867219918,-2.5107570662445773,-0.6681213679623789,-0.004868308554825229,-0.14006918221713982,1.7469659217344824,0.11640004890212394,-0.644462463063136
0,-0.8191886576022904,-0.2713537295745671,2.2083653655075706,0.8261042447057235,-0.2996771938874455,0.1696338872026191,0.8744310584878502,1.1958860960462112,-2.1037431360159324,-0.14556606514395753,0.0745030541796648,0.1777543245534632,-0.935008878063978,-0.31232057322720475,0.1049708565869707,-0.4283963778162056,0.8353096390018456,-0.5391040085783073,1,-0.8799701116441683,-0.4183992837426952,-0.38007960079927816,-0.008157428311204078,-0.7569070929597045,0.11145530208303767,0.30095464291385643,-0.8182488428208962
0,-1.4643739196061636,0.1720599605130646,0.08801115191650272,0.5575071964915913,-0.50852090814697,-0.8794152438431126,-0.21876907186719396,0.5312958202855876,0.5424200326890625,0.17733768692675397,-0.328122911675184,-0.11381591772792116,-1.0997763679296737,0.0010190157918718024,3.4605860503483896,-0.6819704898408516,0.4893821664522632,-0.41093838425789064,2,-0.07661532385840508,0.11637900895474584,0.10771592618340525,0.010493601797133822,-0.6835320760873997,0.32158860751350604,-1.1079344767334676,0.3618212623193996
0,-0.3499138881341518,0.638413717254106,1.2988983506219118,1.955185332846746,-0.31519154937117666,0.3892934989985955,0.5846897071727747,0.8852198338319344,1.946279782695511,0.08411347024098925,0.14726627637952763,0.7052197396936553,0.6868916869892088,-0.09368380069552379,-1.117350277743896,1.2392509944061743,0.17689128584839467,-0.2781601310424362,2,-0.8081276527430067,-1.1963313765786583,0.9519678622138491,0.1380413981798394,-0.12000486997535617,-2.0803637659739813,0.3643201013008788,0.8909944865506172
0,0.9722607566210079,-1.106312342509983,-1.3913525671917109,2.664441800119302,-0.3292582342781089,-1.2806838885172054,0.9588485893508747,1.4629312170711168,-2.4038981560126924,0.48169363252975006,0.2679357638310844,0.443989958353025,-0.950108656742798,0.6722754484387807,0.16822358373679536,-0.2398105260643878,0.08401539001279394,-0.6973989409490181,1,-1.2982255803006115,0.030559753232289544,0.8886814850029009,0.07987070423687795,-0.710273966758975,0.8461534124684922,0.4867802840259662,0.43402580798002555
0,0.8720907595536271,-0.31765141413576636,-0.1561539940073614,1.1357365987124455,-0.3480532243726756,-0.7036150109878221,0.8824700205671665,-0.039633204143809886,-0.9508325144777598,0.19851394421456395,-0.7825328013451166,0.7221709862721106,-1.5028333871678696,-0.5313574665720231,-0.5880888145702751,-0.8443415729415951,-0.65175997996054,-0.20212964082409424,1,-0.7170327325506194,-0.11805874023678872,-0.5364357322228273,0.25292158520114627,0.7404450360834667,2.072159979375715,1.1831003323512106,1.826891665509593
0,2.198070438009516,-0.853630152359425,-0.9299303270397192,-1.347878187853952,-0.7574511664149659,-1.288492731481258,0.4438727953089617,2.2714874720751275,-2.414345339877846,0.3409377902407914,-0.38084688667158884,0.7168396644430306,-0.7686751769064074,0.5249386920799101,-0.15246452439673042,-1.0000808494434055,-0.65175997996054,-0.31925121363503667,1,-0.1018970830398229,-0.46566550574678206,-0.7769268320156613,-0.05678398068581731,0.25761754283038524,-0.37312248970318307,-0.5161341317526633,-0.819456601805294
0,0.2401435716768997,2.7452127790081584,0.9934605078983851,1.9827060265423895,-0.7386926395128427,-0.8791717582186722,0.7361813555024295,0.6103599463479014,-2.2059253077405185,-0.24431442032295522,-0.7662473653671823,-0.8224797411361181,-0.3547556394261555,-0.4664538589775596,0.379065538927047,0.6121227523280953,-0.22017719717319129,-0.569369798202116,2,0.7504892702210048,-0.23365313690248674,-0.837083612328585,-0.017982086792105778,-0.366669232265131,-0.275154819857839,-0.5419062094406356,-0.11745410281884014
0,2.196938827006452,-0.16534210998347987,1.436697782203657,0.5710916391028416,0.22578273968934534,0.42558657605485617,0.7447114174797438,-0.5647216508285949,0.1657058510911873,1.0634992199889448,-0.2657425740040621,-0.19949983698265858,-0.7613585937580288,-0.6265142200610458,-0.17488792417685028,-4.777542905331371,-0.2997738131388642,-0.2969205236816578,2,-0.29524992107172315,0.4785922217248319,1.0651185365944524,0.031679820088858335,0.2464964305663896,-0.8088313650502382,0.9114731957240456,-0.9146919166887462
0,0.23443204528478678,0.32150814471799494,0.004270662706587696,2.0645700473816317,0.3148773004529546,-0.48635599308025207,0.5188419936301938,-1.381818973798598,-1.2938715160106307,0.0009891139041304786,-0.8036298969251555,0.44361881704155864,-1.4361709150140511,-0.48643481693964363,-0.3342588375532578,0.6263978297428974,-0.41701236228994687,-0.2855695471691603,1,-1.3931341873321543,-0.845899849878192,-0.837083612328585,-0.0741698874660725,0.006181777569740532,-0.7188153115847765,-0.28693967097736595,0.7425937444027331
0,0.6459696668098271,-0.3034984243599062,0.7907833025366222,0.37197871747342354,-0.07638101188886781,-0.714108862575874,-1.246721028256787,1.833365733569034,-1.2492197510657994,-0.050683471058196095,0.04572344379733201,0.4814292290116976,0.8210419508963054,-0.030875050241615687,2.02296652340508,-0.29948706199389075,0.35132991697868915,-0.10108539138699968,2,0.17064436838728098,-1.5694675349912326,0.5068737125524382,0.037946706601116584,-0.3887624798086715,-0.37772251562211556,-0.4480381538427941,0.0864738199588263
0,-0.6719081938351801,-1.7907546786893682,0.9362308984707722,1.157622522165343,-0.6482966989523844,-0.381674647288968,-0.785574753510295,-0.030675225281681984,0.2911822126446635,-0.012910416453789209,-0.2876693720945663,-0.19298489875131922,0.4457316317824821,-1.0149895490296912,0.4315502348365755,-2.3588832666295834,-0.25032780645914665,-0.39211976735878235,2,1.5064061491127023,0.44376350315399704,-0.4695644858635638,-0.13858845242106,-0.8666420725536568,-1.2399092124753106,-0.824891489725478,-0.6876917023936351
0,0.22606017369894293,-1.2416004255918192,0.1389939535339474,0.5418407030093394,-0.10740401782447634,-0.6193150732596726,0.8552083937167708,0.6214559192702407,-0.28609481086744426,-0.28483862785261266,-0.3163690040501652,-0.14603602273650218,0.6411994371147893,-0.15335055160241232,1.1158973176592615,-0.31516192214200045,-0.65175997996054,-0.19326475649877167,1,-0.688915720539936,0.3984094676003477,-0.8066538135982172,-0.1281746973232883,0.18622109906324444,0.8903928101574601,-0.13235902117844953,-0.1871253832659302
0,-0.10384766917999694,0.2668704519968135,0.8696288724827688,0.45651378033348783,0.6307065874000961,-0.3462496020805992,-1.6638153817152583,0.5212694656299015,-0.7519161866314445,0.29205237327524536,-0.13374058806622618,0.4334619067884034,1.719619492767559,-0.45595418489092426,-0.6911649214560955,1.621662021121627,-0.19926957456825892,-0.27796432725331977,2,-0.587005666156448,-0.6786088177127443,-0.17490454418953544,-0.0626224991256799,-0.952121960320438,-0.09434136861196675,-1.21975314077183,-1.0317076755331012
0,-0.5397941998377322,0.9582147157957775,1.2992470005110583,2.445725787198866,0.4733856534384227,-0.9137547955631747,-2.1495200364945237,-0.07056011443249394,-0.22987159939418889,0.4150593011489958,-0.1691878299453658,-0.36788474659738385,0.4893771877628099,0.19842921494160387,-0.7753640586799538,-0.36613948860882733,1.5050586998916589,-0.7055448031416267,1,-0.6962730633333196,-0.2412548663957852,0.4708524252049622,0.34387545384965257,-0.99730506374182,-1.4972843253077277,-0.7154214693909613,0.4818835561979561
0,-0.13306464242396876,-0.23655206750826807,0.26030056029677323,1.7995950407526153,-0.5599190037029309,-0.9642840291062457,-0.8376573832364866,0.4131264448570241,0.708945335239219,-0.6262380845762818,-0.9583936666299213,0.2680557779870742,1.1944841138112685,-0.7279563185831766,0.2809936873452503,-0.3396468100015588,-0.5774282083727984,-0.3825606242153102,2,-0.34673750033124273,2.1525460409670343,-0.40660687125648737,-0.1082375237067385,-0.9000392405036285,-2.5932587939256813,-1.21975314077183,0.36943509388313517
0,1.5313798714339188,-0.8202601499410782,0.504672959638446,0.793438223616205,-0.8582176139716793,-0.9059491862754678,1.127951091625075,0.7118796791867592,1.0201472667577438,-1.061852921584706,-0.3942502859821094,0.4570055839284717,-0.7114561178671932,-0.732786514399709,1.6452865415702842,0.46118395893335246,-0.13389315659585022,-0.05852782280977564,1,-1.0458127347504704,0.1383190007588383,-0.4440602853204794,-0.11591351401841955,-0.5891608136713158,-0.2190377016208609,0.5580296214444812,-0.7845971318759256
0,-0.19595895742813985,0.33895910372703025,0.6086373950994663,1.7014439717967607,-0.9327547969908794,-0.9438489069402205,0.010514272385899304,0.7657047152241618,-0.48836219191929087,-0.2957037895241932,0.1897270542898425,0.27072263096363014,1.7472970552083367,0.27431551154783773,0.8308770109771055,-0.7985952700194222,0.00038289293809168345,-0.3635333946059304,2,-1.15285698708588,0.4088115576869228,-0.5186215838929601,0.05197376311003425,-0.8292483549283782,-1.1882113703631383,-1.21975314077183,0.1875115876849438
0,0.39821833696553066,1.7074599572527052,-0.005154246033313721,-0.5457176619819475,0.386230797375792,-0.6118094241831336,0.7031975511137736,1.3254582259352048,0.21935117094081144,-0.22307527140367767,-0.6535189932294035,-0.18351976749947613,0.33706619053620845,0.24237374308994666,0.28327994761175224,0.044933607166595,-0.48444584676665947,-0.4749872446815122,2,-0.43512748748900987,-0.38549112324732393,0.1784788259056201,-0.08638481431057474,-0.15449910740293993,-0.30078286769318846,-0.4281648209259823,0.09298896227304146
0,0.5801921641281431,0.07164529487164534,1.7207802518485,0.3518865809727897,-0.8442603313770066,-0.5870657411111289,1.0268622307908293,0.356877012056482,-1.6730656192862416,0.21418287778106893,-0.1293262190070862,-0.03455806675040754,-1.5858067238394933,-0.69375427520298,0.42983422052930326,-0.6740876125203565,-0.16082157901537475,-0.1538646406563787,1,-0.783032228227748,-2.683774174325471,-0.7882490487694017,0.08737149084780843,0.055981541148353506,-0.21961630751677003,1.9371154792332974,0.6397933337059565
0,-1.2083131869287325,0.2604751148125999,0.3359609788417545,0.13948372787074156,-0.26298283590206273,-0.7263912005540448,-0.8692023856638501,0.30319082639385214,0.5514432204071033,-0.9179646478455536,-0.614833605243271,-0.2762135543083357,-0.5946278178734687,-1.0517727062504718,0.4312943333739701,0.15372048410438122,0.8713285742137217,-0.10703060176892656,2,0.5068858332787602,0.7225527452271314,-0.7127623371260916,-0.13858845242106,-0.5577584458993373,-0.5404633424903715,-1.21975314077183,-0.32892663356928203
0,0.686586480648361,1.242303739713253,-0.8149881419455852,1.398977570327094,-0.6070681062023036,-0.8113334687301742,0.6176589692043433,-0.949355557541206,0.1359693581837209,1.2997639276471658,0.6294002497338348,-0.15114598791664882,-0.8452241662847688,-0.071008301455181,-0.352938753766624,1.025367643775188,-0.3877276615837738,-0.6240880521815525,2,-0.1476882938609795,-1.769012586659799,-0.7807901808395437,-0.017610086926566473,0.09541893060268603,0.08020463018919549,3.2925092835901797,-0.8617399195943087
0,0.6067444735466214,0.5673948957281761,0.20921797928959382,1.5732825274193063,-0.6743671453525671,-0.5048808097516053,-0.9746253959739313,0.787771988070741,0.6810799904369171,-0.08152145610108041,-0.29258013578768716,0.7113532787355458,0.8665581078605058,0.2762913380410003,0.5851012382417282,-1.6317712267989137,1.4874436335796029,0.017814948389110852,2,-1.0228183669765427,-1.6927343583342078,-0.09626763101788616,0.10417612304782439,-0.29859203093966247,0.2685907989340587,2.691627203385817,1.1501669846993612
0,-1.3385149844423978,-0.7432719955533204,-0.5886522652168864,1.482999846283849,0.18644914253837133,1.1571836885411821,-0.5437267466629704,-0.49970516482963334,-2.3730081079402447,-0.12852353393769655,0.754209543444059,0.2444619202565262,0.20012607149942696,-0.5792967420963224,0.9545195713756603,0.24543700151095185,-0.027099806555931208,-0.36457249134954234,1,-1.2208227685873778,-0.9596196914479646,-0.08836455441050456,0.14469882491651415,0.3193780476943227,0.2140699900743109,-0.429007354337937,-0.5171197543496655
0,0.9443865364308561,0.815717633439079,-1.253254624303136,0.7252369944820616,-0.6373996943424574,-0.7484342780748319,0.8087602457505025,0.8576114009283242,-2.2174014815596013,0.32667224999189015,-0.5545365060547132,0.6295063577349221,1.8112754330464171,-0.12678691007767937,1.001606188581539,0.05685525240527116,-0.6039887094908465,-0.15661960949543402,2,0.18600140736704934,-1.9843136799553722,-0.837083612328585,-0.08903001743154254,-0.5983854625183834,0.6675104264123582,-1.1966238064023536,-0.7376069644581016
0,0.8891299609358143,-0.1994930569909869,-0.3057359638907705,0.8670493075526093,0.06855618965987598,-0.6516960969071558,0.6700729061099446,0.2083870905887892,0.33462003663179307,-0.2576090938164155,0.3813243775342739,0.2661624919183588,-0.7312023717616318,-0.4131190199980622,-0.4085534111184389,-0.6257015659221821,-0.3311291945593779,-0.16472659710082904,2,0.3629846021561405,-1.526171294659976,0.6219430983050186,0.025225483843449817,0.4668432391708845,-1.3214402802505978,0.0558134390944256,0.48189244549103927
0,-0.5399254850279231,1.3123220015880497,2.0084575046590123,0.8320277486073264,-0.47866668390887623,-0.6779323833954545,0.6505263206721148,0.871389775148737,-0.2366701450228006,0.2784431385325596,-0.575486557822578,0.22529787610177,0.7568945706826407,-0.21441763498441063,2.1043906645234847,-0.6029571276168562,1.4189327179193496,-0.2761914385395385,2,-0.3494274681753359,-0.7191978444760477,1.0646013957669511,-0.11793189431974456,-0.2697700390855601,-0.2956172906024669,-0.8798854016831145,0.06522533064984326
0,0.3084984537853708,0.8497615884429509,0.54851986066458,-0.6887300940494225,0.07814984790400503,-1.102880895096809,0.2784838085335197,-0.5919115344720483,-1.1265807810282134,0.19660810484490093,-0.4062560623766279,-0.14155419208710468,-1.1166548220083006,0.2827709846356702,-0.9890042475711536,-1.346950313853775,-0.4777237604258068,-0.19754791041552067,2,1.0035585781298497,0.023657239235962774,3.2209365023080956,0.06908265912035896,0.3640356740004034,-0.4933942575593858,-0.8749376075935892,0.05876081407586242
0,1.139631897269355,0.10270891972492588,0.4048199821750305,0.30645858844456486,-0.8985765086669112,0.04313469274411014,1.072097578413356,-0.3979318857001372,-1.672262875698616,0.22286461700227744,-0.6966302375221021,0.3409129025843777,1.0199604819693422,-0.4671377151479218,2.557558951533761,-0.524582686900242,-0.4993394626318184,-0.11122480384487382,1,-0.5137094989209677,0.3875542165590117,-0.837083612328585,-0.09746608448286187,0.09764083921666025,-0.7932146317173723,-0.0052373754249551985,-2.31159320995854
0,1.1222243516239838,-1.7398855749066393,-0.52684019026834,-2.4357311553225287,0.5079754772968641,1.2232956082609796,0.9127240392175507,-2.279791289591445,0.17937850680412049,1.5675356573479078,-0.442445453189432,-0.25569799679974736,-1.4500320896863723,-0.4096558427002031,-0.31723128996845484,-0.4028899861461077,-0.5384634655292068,-0.27209569506611003,1,-0.5167153419761228,-0.049726518995581934,-0.6883963515931709,0.007402814633815438,0.42313631283708186,-1.9397625044321452,1.4790548766791396,-1.0072086021057087
0,-0.8751076727165498,0.007225200616248845,0.45257872806010513,-0.12528219048806244,-0.11236723924336178,-0.8879724219379961,-2.58918649994163,0.752015879819758,-0.837110844350712,-0.36279301117920937,0.1608811500771024,-0.09129827478794372,-0.7624181766715956,0.1272183828102606,-0.8569456909329045,-0.1344506994718116,0.5626617192104079,-0.30998243452200247,2,-0.6378005857281672,0.31276175324496,-0.5286924916691242,-0.10090002385650251,-0.432071671685501,-0.7173262909447558,-0.24003254708588484,-0.5308648550425764
0,-0.2715859213467925,-1.0567670900378867,-0.794882097867267,-0.02939676962891624,1.149922489819133,0.5346236194290828,-2.1875680878111954,0.7724655033945416,-0.33071141498685785,-0.08472180198133827,-0.29418531379287616,0.5390299385075856,0.5945842269722179,0.43932972727562947,0.18406144979742595,-2.303545478755586,-0.5181347677589889,-0.08253999849075855,2,-0.9314432473157174,-4.717199397386287,-0.782051384577956,-0.08284435027680426,-0.303419577031035,-1.4977883644259342,-0.4827155014206942,0.8708847789551861
0,-0.6974461624013132,1.12830421059865,-0.785003723303402,0.6441979205796351,-0.36800437605083514,-0.5346103711095266,-0.16328573772711064,0.3939496206422951,-1.7715446495571108,0.2143800622160222,0.022623880508926664,-0.11690996935253793,1.389283025161668,-0.3709545674899763,-0.658524368874489,0.6909120024188594,0.6783470062247217,-0.28326673769087163,2,-0.22258781993546362,-1.078444924250516,0.03292079548368543,-0.02537954579251661,-1.09095311408826,-0.8565865287750967,-1.21975314077183,0.4576180262807463
0,1.7940440408710636,-1.1228347380922217,-0.3484686704720798,-0.837290695984905,1.0269940655130458,-0.9443807073981008,0.5887628499660461,-0.2689300458556082,-0.9216281648563198,2.208769459808814,0.7842249206749821,0.3967382593055886,-1.7195781175087728,0.9798396920550643,1.605298123683813,-0.35984503959408587,-0.6097017382663813,-0.169471025094649,1,-1.6055638056676231,0.1681177013194391,-0.7599903886737388,-0.13858845242106,0.9577554003758932,0.27962086133175623,-0.7821429775434928,-1.858319096835781
0,0.39857981794373654,-0.1887857609349473,1.6991414054217917,0.19187337047120653,-0.041760676369843486,-1.5179550369797075,-2.247225449297249,-0.6307295815893081,0.5446328230113711,-0.42888932144914355,0.29755166857883775,1.188293739708229,-1.3045516661783403,-0.5986985581678237,-1.357139236775324,0.03386327117475485,-0.1769965718547477,-0.3573177486800957,2,0.920170618314648,0.679271340480202,-0.7361974427504447,-0.13858845242106,-0.3066154359589897,-1.083983523554054,-1.21975314077183,-0.5080407399879966
0,-0.5320501888815536,-1.325735116940958,-0.6383318563152244,0.827702500633717,-0.12490165056279177,-0.6832488994970847,-1.5926256058330828,2.8512769605259782,-2.75015528925813,-0.029931762987151098,-0.22472358564213485,-0.2927075736209635,0.9320666568969682,1.5679747207427974,1.4651739693708872,-2.2162372659630196,0.10812655830245863,-0.3663265039951749,2,-0.9911960350805629,0.4943353580854499,0.17793547323555992,0.10131195943135377,-0.49904488339984043,-0.16504484313089096,-0.30846587894746436,-0.6512885218288015
0,0.9518596239100183,0.9920373105485816,0.6459481385287321,1.2064673065576872,-0.7813421502353695,-1.0661083109110117,1.1476712926717196,3.237737158519658,0.08362615114084987,-0.4031029025733328,-0.291233784489782,0.2743809578373451,-0.3182606152987105,-0.43146341007286193,0.7437389268551713,-0.0348728338087399,0.04236095301292539,0.1150116241247468,1,-1.3849244684911686,-3.176372740363706,-0.4603186106377498,-0.03484530323245741,0.43484596715468427,0.5531964203145521,-0.2783438386997229,0.1860149116399802
0,2.09636362839582,-2.119851991243165,0.6168473126461118,2.2136500181314016,-0.30774984699832697,-0.029540221991195048,1.1542707665137524,0.21971964674008393,-2.4498200917991353,1.3003862347170165,0.6824195328596445,-0.05128537617096607,-1.279794455547423,1.3394269266309071,0.05544900344189263,0.17742429644599006,-0.3891919791746866,-0.22999993281868275,1,-1.0583640918803674,-1.9307097748540818,-0.7704062982388733,0.050749949296716,0.16841379686606467,-4.46430769387018,0.40088837736245475,-0.5373474168690383
0,0.1099567203355738,0.16640181109419472,1.0039825757176093,2.6427682279458073,-0.8163640267798211,0.48544774208709063,1.0978819120585217,0.6342987605305429,0.18837026189549644,-0.954406441884573,-0.4802713353372595,0.5379852108763343,-0.010570429068978565,-1.1362974582521392,-0.29612884002090484,-0.28235721338342024,-0.5915806997335744,-0.23187212215401634,1,-0.3052669672997702,0.04387119359073399,-0.6910892144874209,-0.07464622490075026,0.5601981514589984,0.041052570344151995,-0.8789787177109161,0.22018625417256704
1,1.3243851770170567,-1.9252968119393075,-2.05377346188874,-2.4373320466013864,-0.5480710321977617,0.4023118721284435,-1.957238706304846,-1.9103657950051767,0.04495670466539575,1.262781010995993,-0.08542286143534933,0.19562443869998197,0.7378143292519805,2.4825391721458523,-0.0029984726082349367,2.712132619627439,0.8937714006934018,-0.11528863197193032,1,-0.42273807933328705,-0.31676030096620345,-0.837083612328585,-0.13858845242106,-0.06067028556771881,-0.5281926346664954,-1.21975314077183,-2.068976657687137
0,1.1281370352703444,-3.289143059132378,0.46314656960379735,1.5655839653808141,1.2134208890574543,-0.8272903929673174,1.0597963323994872,1.58904923988018,-3.664858462402583,1.258912051152926,1.739342183767425,-0.008941126755563356,-0.9001324890940964,1.0109756863651456,-0.5901380542865138,-0.16688502695324448,-0.11367228997904162,-0.36601343201427644,1,-1.1057583340681778,0.38540412301369253,2.6994237400393075,0.01127010151045535,0.13484664476875852,0.13555266706923125,0.08855117441904309,-0.6944651267204498
0,-0.6118105206858648,-0.39920329268044363,-1.3849095065287569,-0.8639824380866421,-0.7435581830489655,-0.9336350074321378,-0.4375689763927064,1.1082902408280624,-0.29882943825304703,-0.3781184410359819,-0.6175023985317165,-0.1148225470385174,0.1709063209317165,-0.34957058150056,-0.3655024049549677,0.3689518801915836,0.7290639744104535,-0.2898105784899446,2,-0.7746587915131975,-4.8428296959927835,0.5553403586181015,-0.055356927559084744,-0.9374503450878711,-2.900888250005981,-0.4484449924230429,0.07158962054255463
0,0.6433579566544082,-0.6122909284461105,-0.1908422548707899,0.37690234475872264,-0.8949921075823366,-0.9176730042595588,0.9152852132932284,1.5463613074297824,-1.8996288506212111,0.07759170874156163,0.1757089157355975,0.6916227536773231,-1.1520215240570533,-0.1598000455461133,1.4775103095920064,-0.6822283159522706,-0.2882024089192888,0.2831096869151884,1,-0.2707393121048851,0.09106735251761985,-0.7746063724817809,0.08996363328915054,0.6590220075177102,-1.034233002041974,0.6604702110370134,-0.86835923327958
1,-2.128368431815435,-2.8157383907456657,-2.1440538111002145,-1.8815995799311163,2.2544742650914826,0.31149439672549073,1.0065341811491144,0.17086971452101607,-1.2642401860156447,2.634425700177729,0.5152388638745525,0.059894079821299184,-0.5621294424604524,1.6205563005338794,1.4144803285661218,-0.03075082780263999,-0.4078984992962769,-0.45844536854255896,2,-0.33663227461123335,-1.0483084831292855,0.17637032420440713,-0.0549053129395019,-0.085788206242082,-0.6142083126169254,-0.06838440337554885,-0.9277738079017799
0,0.5921158406035163,-0.8112809061254125,-0.3002514161792172,0.8033453250740706,-0.6401578651131731,-0.11128683306176246,0.7658121434237548,-1.4545348763760966,-0.9161184677967011,-0.542795421142872,0.3556365064134731,0.10928873515295773,0.8310657911314563,-2.0097040146318195,0.2605850056790735,1.1325112511633475,-0.5094265022249639,-0.21911624468445512,1,-0.37661947628683856,-0.3859165392507471,-0.837083612328585,-0.08922404268286502,-0.15378022102657626,1.7555456350940812,0.4593247406992672,-0.08117901772087939
0,0.9909035830315129,0.5960826422892374,0.9520133402761239,1.6299364302858335,-0.6503358042133836,-0.8062243140387515,0.8555805669696094,3.061855219513339,-1.279841971417058,-0.38354909098492945,-0.28469759582440046,0.343978469446612,-1.4941146279087556,-0.47388005155935814,-0.02542411969149494,-0.4339599678762729,-0.5405198909835514,-0.07046512566426133,1,0.20520503827899378,0.2934200799224687,-0.5423928790941644,-0.054932359425400624,0.5838904659479967,-0.5204844715787911,0.8801523354166723,0.707481406332331
0,1.0033061535593795,-1.8011659635908575,-0.1042795502980591,-0.3988113258709487,1.5879689175011884,-0.6380718839457089,0.6763243552443625,-0.21540721782187822,-1.0653960604458126,0.7127647195802076,0.6886164178496371,0.4635876532679854,-1.7212671957356944,0.7407054993442305,0.639585945097429,-1.3180491062488398,0.38746467213598884,1.7399731096452649,1,-0.3183107179180596,0.9206723742903967,0.3911008209598294,-0.13858845242106,-0.5090514199892351,0.6464850810573877,-0.1991771582335354,1.7626326845648284
0,-1.6024995910647521,1.3214668185562397,0.9701775203396353,0.2880609840225155,-0.5953229951273054,-0.6046102172432856,-1.3780927040539872,2.3610027152939255,-0.2762373625754835,0.07482313783029171,-0.5554384548945109,1.1258609695309592,-0.330767926298407,-0.5414500952440467,2.057516298216502,-1.1957637378126407,0.38628018888213267,0.2532028144236487,2,-0.790147165296871,-1.6645592041942372,1.7086037760161448,0.09313037902689411,-0.0974983062920265,-0.01769566925159144,-0.0012462252846681121,0.6883333423405915
0,-0.7172843056199906,0.2520732081510282,-0.3500724087702504,-0.016396394787556147,0.21543972934416245,-0.2892980836336888,0.732943739479683,0.6995410710329376,-2.282043290409579,1.2906044889919501,0.16894400198591739,0.770681188549155,-0.945539575333224,-1.2518756119921735,-0.7175889112991595,-1.0317598173438567,-0.3508486148207577,-0.27898797672136216,1,-0.7116074127383971,-0.7785485197700527,0.8437785213229778,0.009965136451671588,-0.4518923410415159,-1.440542337431523,-0.6919437570642749,0.3703941333953825
0,1.661861720738855,-3.235138091265445,-0.08689538501667454,0.4786137995262655,0.06639414337373173,-0.5208190683957921,0.9789184373513267,1.1837046950613104,-1.7244660804498655,0.23260868216068656,0.13881139384377425,0.7127257787567625,-1.334995562195774,1.233860146126712,0.8778388706705853,1.1715052274326725,-0.5846903056659715,-0.1152554583053435,1,-0.8925612578296909,0.498275104537373,1.5079779734096874,-0.014284846121132788,0.15202961740457807,-0.25254717450405995,1.2347941579232948,-1.371367539106127
0,0.13278603706933137,-0.9173520386525644,-1.113290376141289,-1.5051183715793321,-0.16803184891136597,-0.9667081496894894,-0.8910395220615301,0.3658290452897064,-0.2241713477119487,-0.1552188091222776,-0.17950399504754072,0.13489732604418464,-0.880910011868258,-1.0898975452155604,1.7243719316475583,-1.1870277819728317,0.22868530092484562,-0.3000325788056731,2,0.027494951669757933,-0.0008151281845554248,0.505524433097201,-0.026597010260107717,0.22532422932071583,-0.26036501574562443,-0.5763490752410361,0.2529388111409344
0,-2.2568784746125448,1.0705458532894299,0.8182286335483125,-0.006532453801497196,-0.7275493925684737,-0.31853383834607124,0.4772526266921087,-1.0655134835891873,0.8537646004678366,-0.8360274403702048,-0.6160797080450665,-0.5504053974327969,0.030651124363321847,-1.1550720219336896,1.1404473503504797,-0.18205072546538015,-0.3284051844400412,-0.2577293694069536,2,-0.5603981119574486,-0.9276910711911539,-0.13025141345932728,-0.029159490957563365,-0.6241740636707264,0.673335481383059,-0.5495487496758489,-0.5153238660531407
0,0.49208043019609005,-0.4683442664857753,0.10624459233313688,-0.11662511906211126,-0.7869253918703556,-0.7262505990370767,0.7670401881997242,-1.4542195160307938,-1.0483861500400493,1.3486699534911788,-0.15055219923642754,0.4590185362235972,1.591610533967908,-0.5892600230073133,-0.37370320727103823,-1.2205985565367135,-0.6355084534338828,-0.11214073165774463,1,-1.014356135990183,-1.176450570309411,-0.837083612328585,-0.04373562135033004,-0.09309189948517471,0.6231561574800399,1.114905826801003,0.18205603548751012
0,0.8144918959543762,0.6150809706456558,-0.8335073957559038,-0.09138716883528492,-0.14875189654721452,-0.2788502619697956,0.7662020820357118,0.6274493627513622,-1.8195933153183752,0.48305298148293185,0.421647687275369,-0.6255516455947309,-1.248950026524791,-0.1542213296408614,0.36809403581281736,-0.2734664500996869,-0.2688644290607637,-0.33121765138813264,1,-0.45172283578889194,-1.4819868771167544,-0.5064244804706015,0.10994145384240511,0.24096189518686006,0.24275014639129752,5.555612918455674,0.2887408249442732
0,1.1880940285467205,-0.04084627665761931,0.8081746263819298,0.651139312666652,-0.8189667261674083,-1.5091377777848036,0.5106983001109366,-0.6349738185519185,1.1951139955939043,-0.5125484009355352,-0.8361163969997153,0.9994340250964724,0.6506968438379181,-0.33289959093382737,0.07176191681861524,0.7552285203831498,-0.65175997996054,-0.06859469935459231,1,-0.5432992832490915,-2.3297139414240218,0.7888662558747759,-0.03713042078910896,0.5959364557701399,-0.29621053298343775,-0.1988231649148452,1.0104928004763125
0,-1.216880115980189,0.4156131542139916,-0.814532710212586,1.8662797494148589,0.20481386717580216,-0.377562152139012,-0.8653531042045297,2.8173413674363808,0.3027590973066433,-0.535751194363065,0.08364334197010154,0.05686890316122094,-0.15715001994198174,-0.4541074184748667,3.2860989820281326,-1.3052620061310574,-0.6386862138608634,-0.4925963090393351,2,-0.21249691779805632,-0.23953626945609297,0.05558870136695566,-0.08738729920473726,-1.09095311408826,-0.04329430058016443,-0.11207626055066669,0.0026127654969163583
0,1.7953893505626288,0.5630420947527011,-0.21884303870269262,1.7085898619566013,-0.039618777854222464,-0.5122696916255367,0.6218162836519593,-0.07069706375192608,-1.023541041699601,0.8985513782260484,0.4481766862957907,0.3427881000693364,-1.264779762941804,-0.8899194307064136,2.8010682139682697,0.10116630451516256,-0.569454806195043,0.6168411690422919,1,0.13462975375190844,-0.46711031744991016,0.48404698268753305,0.11142338570780977,0.5000238340411658,-0.3568615398534609,1.1499087907041317,-1.0782055147027023
0,0.9629925156872764,-2.9868948251601792,0.40070892605837477,-0.0011090214193840708,-0.6269152910401973,-0.6684632824079696,0.6926712143572855,0.2737360130118358,-1.042804132147316,-0.27873236413760755,-0.7805484630697679,0.9714591108022841,-0.3430534524152237,-0.6149420227155248,-0.17126684607167375,-1.0394003941434389,-0.65175997996054,0.13415003099624115,1,-1.3049301540182026,-1.5306908191663156,0.6996007916752267,-0.06972284796493533,-0.694530729947644,-0.03880719557054996,-0.6723117156841552,0.3505948927406481
0,2.24867707487614,0.9424623574703854,-2.5457379539662632,1.0660009499614878,-0.4854837853362827,-0.39622990090196686,-0.9792429418196531,-1.388968349793299,-0.07040426902151936,1.2932893055499213,-0.15498838620934444,0.4858827596058219,-0.530376232525553,-0.1721288301396501,0.27228623032480337,-0.5336070593424778,-0.65175997996054,0.5791363342142599,1,-0.7080105876271194,0.0640770704384821,0.9701340358654476,-0.13858845242106,0.0076800723351816425,0.23292878387312677,1.3530674839449914,0.36147069364904066
0,-0.3413222113742999,-0.33946492513722887,-1.0259879993023195,0.7267743153606975,-0.28559333781284796,0.4709310465028352,1.1116793627889403,1.0091388351934363,-0.3325650491247826,0.001135095879612913,0.09874468250681773,-0.10022983503870489,-1.3175584969530192,-0.1574987346231963,-0.5947823906700617,0.16388750220338694,0.6467837871786594,0.0603382307614825,1,-1.4734923245668685,0.621152141367268,0.3573133455871479,0.32229793743722623,1.5471275984480877,1.244853348914328,0.4010376184830171,1.0912731329450787
0,0.6611189445567152,-1.6808698975048422,1.0233545605692003,0.7980770118801602,-0.7981685405823189,-0.6257119119715208,-1.1356835804948502,1.0112361368104323,-1.683357391257989,0.9384491713103782,-0.38823024105905846,-0.14049790493676764,1.1880878441001446,0.434668785587601,0.17103356083708032,0.49933335234542847,-0.11399758224469546,0.3423143833679547,1,1.373517383098283,-0.5988189994271642,0.043810729940824245,-0.09040082627383336,-0.763865127582783,-0.06144939029875107,-1.1351646165997855,-1.1847702698193603
0,2.024187792097144,-1.8581944921773275,-0.8285979892689649,-2.041152509193218,3.023034327112615,1.2429352196708359,0.8411777715458526,-0.2681269696533397,-0.9522176178756494,0.6373098607334022,-0.3371862077172618,0.14524697954659377,-0.8771246721464112,0.1966663248869583,0.4115654286950407,-0.5288814871412785,-0.37680936739261334,0.33887876398409733,1,3.1583742627051463,0.24458051026172556,-0.7063475063084671,-0.13858845242106,0.5233894975075202,-0.22478638874110368,1.7339594808573473,-0.8708951999756819
0,-0.7540875709343976,1.0994534575050272,0.7894284881756554,0.43315790047391056,-0.8209501703059099,-0.736636000408289,-2.0694295358478443,0.28293295828384457,0.21094859525164644,-0.19723388666234878,-0.5280265523164955,0.9388205409058876,1.2049339448501128,-0.38382981083632983,3.1807722981448148,-0.14170819279101599,0.1352312443326781,-0.25818615580440246,2,-0.25959964171972405,-0.010367408523066168,-0.6635970486022784,-0.10535363687055763,-0.5596874151259723,-0.674942265641739,-0.5486677498783644,0.03761529144573639
0,0.7101471423893786,-0.3235722710214346,1.7492845616467052,0.30316907704651297,-0.07996699752698905,0.04113875892280516,-0.9731519144013877,2.142634683692124,-1.403863682473951,-0.03208873175972271,0.7151976801099602,-0.8211908453787442,0.5067031407149205,-0.36834128711594305,0.4891366234280091,0.9666862393424279,0.6039681885980596,-0.021431352159027972,2,-1.3494278680309657,-0.2007233531172268,-0.7575101051014902,-0.12891538925815124,0.23020698477546142,-0.21241013235855782,-0.08367004488917504,0.5399275085439801
0,2.24867707487614,-0.25075185877312767,-0.5155752487552976,-1.706891394229406,0.6474308575953807,0.48106461385254023,0.7505237123368923,0.10517823714535085,-1.5327576139215282,-0.1302625705902744,0.6247292869439676,0.8293033730480059,-1.5993277183884018,0.6292068067055865,-0.8785653919845293,0.7135488636703676,-0.65175997996054,0.4136485722188614,1,-0.9259051325600836,-1.7371063596793572,-0.5694450782731396,-0.06780206690808809,2.8534972400011793,0.5751979905184298,1.608806781164677,1.5100234478114278
0,1.934351715061907,-1.280995149188997,-0.5712862105660532,1.552239880276198,0.23299923298014946,-0.3515241690579912,-1.3638771775779361,0.7502310861113807,0.7362338382078233,0.23850853476458012,-0.1866812086386075,0.6381909303102433,1.4517647024175218,0.14880647760461396,2.276483942186063,0.2893409607833748,-0.6337344908582977,-0.05421405880967664,1,0.4059041740000623,0.9730218958718793,-0.7730406874542541,0.053928595284842354,-0.11623757267003448,-0.08664325900886416,1.6018851627934745,-1.165434371005428
0,1.366632714313261,-1.7800940403043712,0.6395624059884537,0.5744855361680351,-0.7906976144933131,-1.095113926005773,0.8051854978174129,1.7729778261860762,-0.3554234820171471,1.3359221800793137,-0.958808787678937,2.728930486251868,-0.7807271250695018,0.06093676132610121,1.7155386023436732,0.9926542582090967,-0.65175997996054,-0.4492109099622964,1,-1.2138442839559747,0.498901325982812,-0.837083612328585,-0.13858845242106,1.4079114761587892,-0.6096442014263703,0.7468318385627689,0.8745913257668054
0,0.8772917768075961,0.6571013314141121,0.46766303174810786,0.8496611021479615,-0.5972959323610387,-1.0366301552420876,0.7260258109247059,1.5538253158615236,0.8256909909570338,-0.7131348328741983,-0.33147347202897176,-0.49858669953050505,-0.17245806598879976,-0.8861447536954598,2.32267183936435,-0.7411078668723772,1.2821662671794738,-0.14473324741731103,2,-0.3741377804754593,1.3784748570311762,-0.5473491796921863,0.07139808468556515,-0.8927919696437255,-0.16217469604340978,-0.22878667354772297,-0.49758927198518943
0,0.4743903179585167,-0.2890836593705175,1.2725387395229992,1.0092725789488262,-0.3476275851995011,0.08522368881739899,-0.055678786251259105,-0.7986318264296001,-2.3620097930141393,-0.9964084410895973,-0.3843742334534661,-0.5192006019767401,0.2407743583705685,-1.281712622767463,3.3101517075390405,0.10557370768458896,-0.64918339938748,2.9219871544452416,1,0.4684412106332829,0.04966868194454166,0.8482734661436653,-0.1271654660360828,-0.6267351045041535,-3.3614004238110913,-0.007505676787778581,-0.524890301438347
0,1.2745226696856653,-0.6759523344228542,2.1750129246817673,0.672939276459603,-0.30995784636566454,-0.033595333438190544,0.024965050115164922,-0.7018128590442976,0.6427055201787484,-0.45572790400671237,-0.21133030033877231,2.1202571684586458,-0.24341914456931,0.11351003069361743,1.6762207560131455,-1.2713169376689522,-0.31628117558202096,0.03837499388841925,2,-1.4493195922995603,-1.0506245211854457,-0.5703787355903888,0.05515466678295726,0.24833576101288013,0.08270899540913645,0.13241102806059224,1.1814263817737307
0,0.9249062429210144,-0.8737471877826923,-0.7583344400529021,2.2770792703081666,-0.8225665719693194,-0.5412640738265135,-0.5408855529968406,1.185066764483242,-1.0801879436492403,0.9569787582475036,0.551032736462785,0.7694130359172588,-0.7721415756124977,0.6157871219528392,-0.06595000341053625,0.3761972213622271,1.7724755118316196,-0.4672312990017032,1,-0.6959508499010234,-0.2932324244881942,-0.837083612328585,0.03584380652578767,0.07630707907029059,0.9945295981841826,0.3407599139754488,0.6137980363290778
0,1.9302879728087028,-2.2496131504728214,0.6373463507453856,-0.6325576060596623,1.7497346257517605,-0.10568992923419834,0.5032556461772624,-0.4266115410076541,-2.9737187524964277,0.03127212892356823,0.8086709872374522,-0.4836665124253602,-0.566775396108628,0.255934088964996,-0.8413314677457687,-3.0109459342182383,-0.5602134708594747,-0.21694950961713133,1,0.9091803490791921,0.3640488704851676,-0.2963856377300462,0.00011112440854583322,0.7365217543397797,-4.46430769387018,1.5016211722383603,0.012648826437729799
0,-0.4298535296831501,-1.9170638229099994,0.5988541896245644,-0.7825436178813737,-0.05969916958229393,-0.5635656163330985,-0.6159276287044918,2.228160464478889,-0.22984991277205485,-0.26088452373257803,-0.01777067596259628,0.14648412652178872,0.8703375373633095,-0.48045472907518066,0.5704723197036732,0.31039468505308654,-0.23926493010690866,-0.41902796455466573,2,-0.46585453775964536,-0.03735308073410187,1.0367309662863833,0.025763314172550893,-0.8757405060166922,-0.454252335482786,-0.7686066854143727,-0.786622637762717
0,0.31069759246053064,0.3242022850126355,0.7728125918900745,2.759913493744001,-0.52560071155175,-0.36960759009697974,0.5124161775595807,-0.5070441654546524,-0.8571186714900139,-0.40039225805342726,-0.7606774744002993,0.9041281041004436,-1.3767734181523699,-1.1139542055913854,0.7474520872013072,1.7152710235698354,-0.27899721808520006,0.39833191787579564,2,-0.7365576142741211,-1.8787367930202432,-0.17896691704356138,-0.07900354834299513,-0.33063123815409123,-0.8386549830216434,-0.43797001479669206,0.5017995776557929
0,0.14316556208060582,0.3929891169921269,1.1328962165562484,1.4540518720324636,-0.3053695596577654,-0.44673902682181577,-0.6697270589942735,-0.21370913263150962,0.6574845689083612,-0.3690049918289043,-0.782893403582483,0.41383679636247606,-0.12288175029742338,0.02469694972249692,1.0425523143070912,0.05150885679445388,0.5449654679558766,-0.24078265625101136,1,-1.3167289348341789,-0.5400704486080677,-0.1827862549532872,0.02570865469078057,0.04865945877392586,-0.6726370317126488,0.16648408675879267,0.37008210102781264
0,0.900010229174286,-1.2141232784213134,-0.016071057881880513,-0.18882538601317433,-0.426845681149394,0.535529030757109,0.8386007188539106,0.7247491941645322,-1.9973893261069064,0.17357260401529764,0.4052698327547492,-0.86568137769535,-0.7721562967551568,-0.7525596038252452,0.9849984852778151,-0.08775513483373198,-0.16969378814288583,-0.45720359903340296,1,-1.4624233026452687,-1.0395733679361514,-0.045737577267863205,0.017636677688015703,0.856821113525639,-1.055875810278844,0.9313553511066368,1.3952367170745803
0,1.2416671898106915,-0.3044457464056448,0.09354525168368066,0.6658726665898119,-0.6999842356550603,0.12007741571062476,0.7506995155535141,0.19522510815271688,-1.2949789979796034,0.5855495613571714,0.9012409575307859,0.6779518920936227,-1.5129873940786334,1.135718233578062,-0.05208339178165777,-0.7298830172067131,-0.41788259406955686,0.050868633122623685,1,-0.04731760151839484,-0.0014363812362998551,0.16760728318331536,0.004771198567290538,-0.296732344715751,0.6907322849145141,1.3246564126366587,-0.6771180648829934
0,-1.5460368676129739,-0.8235344096256811,1.7051328176625797,1.7576805808027691,-0.5349313086115479,-1.1947871980856908,0.5381812665844938,0.5488400307571951,-2.3071637735099655,-0.016147551108326053,-0.6302209857303294,0.08544306827480677,-0.6707115648932809,1.4339992024143169,-0.08152447107451455,-0.07874167999193252,-0.21554187349896864,-0.4988705215983441,2,-0.005718617189769737,-1.1914109960934323,-0.47556831811547046,0.32103417355670005,-0.14771220306778166,0.09543868789603105,-0.691437787273293,1.7400385681759345
0,0.8223182821741286,0.2897196564101655,1.9448001535119732,0.8252827138999032,-0.243431474024351,-0.5339539120522101,0.7215518958070881,0.44656580544974955,1.2911921635776142,0.30267219787861954,-0.31048137940691867,0.5395760922296822,-0.44383493727695456,0.08518281233414055,1.2250142727963924,3.111104615850315,0.40541847269036635,-0.4955026748374718,2,0.09180146699655667,-0.2724595303938149,-0.8244120157083606,0.12962132571017287,-0.25158692669128246,0.3801950416449732,0.28093214270980577,-0.8122991987963395
0,-2.266067545211688,0.29242407211687393,1.2652122653739943,1.6098088310299012,-0.6923718759399804,-1.142497617308212,-1.3478453903396872,0.46385289137873537,0.5715223960144188,-0.4220103891926337,-0.5392583102205639,1.0144219827453134,1.0834948428954776,-0.21767448042432447,2.535063427609216,0.6652254043093957,0.15720494666982956,-0.20950765586711428,2,0.23328466112291113,0.06157361478883183,1.8886520356737564,-0.02909637326111376,-0.5781365944809411,-0.9896755234378555,-0.6777362584164004,-0.45420630072237667
0,0.4694132153474261,0.23040046462082597,0.5782223010067138,-1.7251087619508516,-0.8808860206853346,-0.39592136895268004,-0.31711647029152146,1.1850195646753205,0.685449360088977,-0.4346049350515594,-0.19824779358377903,0.10122028736925387,0.390491826817978,-0.6219488771214143,-0.774074610221913,0.12315315556114878,0.6521551476202274,-0.30375680636284486,2,-1.2378387431006002,0.25165219509777026,4.781547511047557,0.029524783319105685,-0.5307842457528041,0.03109216191693709,-0.4299981374742167,-0.9417794881802954
0,0.4658043603213421,0.7146212045050117,0.008755146253820456,1.8033497458464247,0.09695011359721223,-0.4798939724931586,0.5122496082986976,-0.2672191803506665,0.34994701521116733,-0.07813910261394158,-0.5068758997551135,0.0239957509609513,-0.336908575431182,-0.3686387423081552,1.1804778413124026,-0.7245493590132304,-0.15100834168082827,-0.41929694290389163,1,-0.08606764086820208,0.5859073779297655,0.003452368142155382,-0.13694242616992386,-0.03813744039223435,1.7057225877980904,0.9107088585010672,2.006509393087729
0,-1.1569616213434561,1.0756394426785005,1.986094721323985,1.414752582797018,0.5866145630147814,-0.90073858310174,-1.8307416033017185,0.7230365936292046,-0.3350915336631178,-0.561258472668985,-0.8836212101140999,0.5613393259712147,0.12452239528859857,0.08961491530873367,-0.5195673110742235,0.14181418648575145,-0.0640220550907207,-0.5196758795258399,1,0.9900226026955845,-1.2270575167798725,-0.16221385215050477,0.17255494948642142,-0.1305727640623541,-2.24958460413328,-0.8408636981501445,0.31082022175995994
0,2.042438825141751,-0.3499020745396911,0.35546744051737195,0.7089097065735319,3.3788074115382765,0.5827088879235442,1.1088486489817633,-0.09664265548953957,-1.1802117846351028,1.3704535450382878,0.5786139014036455,0.36042455053113037,-0.5617343797946311,1.1122766160261026,-0.7234066591215265,0.9761074162257852,-0.48253779255283363,0.2981518802180311,1,-0.5178554399488364,0.07266580216678131,-0.7596669858314916,-0.12013595231852374,0.8648150559193121,0.36374434501812575,2.451360290679,2.096765912040184
0,1.2120060931232888,-2.012548919015693,0.9753050733112095,1.5970943273656157,-0.6347155379227549,-1.1609431380280197,0.5948516689196699,-0.20812389880425003,0.06340564185258857,0.7634929201548077,-1.122517721005334,0.7058657334278362,-0.7002767868569477,-0.609597087325958,0.134735646525745,-1.7481630739985545,-0.5124682903620782,-0.4275531111359129,2,-0.08853389354296354,-0.26832767638086197,-0.2036816833553894,-0.09519729971593405,-0.007735051521828712,0.6701932293786708,-0.7628810634592793,1.0772643666968518
0,2.046139155316851,-0.5944660316941153,-0.4826959709101603,0.3661440099939084,0.4124154758692484,1.2149072783832793,0.6773111658399245,0.37916610763686903,-0.7932434778435885,0.48964376169014756,0.4435942657705787,-0.6600287049026627,-1.78526162662461,-0.48487654895678955,-0.8996324729995973,2.1888906568729345,-0.637216088153908,-0.2944424598929706,1,-0.2911971258546966,-1.0215286893395896,1.0987575988733083,-0.06777155941497046,1.6049259319814042,0.07056826418721418,1.52023660757713,-0.13787422672705563
0,0.7815579676528706,-0.09183185721850674,0.4421773763126381,-0.10768020197814954,0.1553466079636583,-0.754849753662229,0.7318882302844926,-1.4601205058382218,-0.8424365814113753,0.025017558612609098,0.09090770100583251,0.20257769434211248,-1.78526162662461,-0.8160309789279885,-0.0482664715139646,-0.7009364233854682,-0.5646069987734113,-0.2140738113831458,1,-0.10273247524689957,1.0310080571317928,0.8084084022631257,-0.046068516628349675,1.4997872591488761,1.804115606927637,-0.06301484094706891,-0.9768319430159523
0,0.4748901705924812,1.130534425479943,0.38646028559628365,0.5797759848150205,0.11841764968468338,-1.0171372691366816,-1.3379680740603248,-1.3927237258861742,-1.2870039102927862,-1.275547551044325,-0.3612623839062515,-0.47209340098046737,-1.0024075382704196,-0.22870375904049403,-0.7696468875708103,-0.9806402671064767,-0.28628327913393614,-0.11131324296902823,1,-0.42924889732314264,-1.4418535890258606,-0.7042025757226954,-0.09149180220056868,0.2894763526649957,0.14019103363001395,-0.14155501726347222,-0.02142125211471213
0,0.9648080457666941,0.16078923615498286,1.0695100816674952,0.56092107890073,0.20527071923127715,-0.8337556959363842,0.8223550164892984,-1.273861609712313,-0.4349339261430469,0.006927816805033626,0.41331735222347554,-0.17032048807550867,-0.870590469837467,0.1418112665911081,-0.07771900596205675,1.1385093321677064,-0.2708019570887029,-0.3663347434416482,1,-0.8303570443563526,0.03521900166961146,0.708469309273495,0.10429530865806091,-0.14990780651722818,0.3238058296897763,-0.1481576893459032,-0.8122069859136637
0,1.2517828548069003,-0.79384534929683,-0.39495022269407554,1.363760069561126,-1.0517923417834472,-0.9842530085037617,-1.9533268184523649,-0.5467868192562519,-2.3196995321226437,0.13561200728175768,-0.11838631567746222,0.5345411237280782,-1.4368050720090964,-0.8492087766031388,0.7004509299989927,0.21243878805159266,-0.3464570197157316,-0.372602524554993,1,-0.06702836274182511,-0.8318642296218504,-0.7821847327132317,0.04605038405674447,0.0023046547799917827,-0.17994804028303418,1.979897800657537,1.2028627935331702
0,1.8125445342899922,-3.5459047879000645,-1.5161786888684174,-1.2499124990457675,0.636695777094807,0.3110219929436239,1.0183008088770138,-1.200586377747718,-1.79928985900637,0.43280215518415066,0.24655932504038441,0.07085948099109626,-1.6861373947497706,-0.15287612435072126,0.4892630030957105,-3.7339296600385685,1.5030844332683122,-0.1449051604096665,1,2.3217273295341094,1.6403358191501012,0.40478348725203345,-0.05377643868706188,0.6671802764252226,0.7184575997845178,0.5080055705503609,-0.6594267531618682
0,-0.10461258589811159,-0.5095280401254043,-0.7429862497104676,2.2730756667820105,-0.07721471970551763,-0.6851605422551934,0.7578372340409566,-1.689773545157124,0.4537825112717399,-0.3730603023595751,-0.2129334915936491,0.15065089873419132,-0.9630825483339984,-0.3557089575426564,-0.21756499333233825,-0.7472451693464877,0.09107885074395199,-0.3207274230844618,1,-0.8854603612167427,0.7734809612660573,-0.837083612328585,-0.13858845242106,0.71423863492857,0.6032105158815112,11.546126354835302,0.9181766129748192
0,-0.5331805152179172,1.1464363769608081,0.7995020251397738,0.4308782507616967,-0.24247745688457698,0.719562768322171,1.6073059441435218,-0.5955889367751549,-2.8981161733511387,1.7592292924006618,0.14736260066439105,-0.4607320548192513,-0.03935713723720913,-0.3422785761649717,3.1441735309533514,-0.6594267706932727,-0.13521800150879998,0.4954979711137878,2,-0.1044264290515865,-1.1377297504225015,-0.6452690217599892,-0.09036285408034603,-0.5731483677180071,-0.41983501005141577,-0.4451390878914431,-0.526339992744937
0,0.13890091546803474,-0.33534826493687997,-1.4054431901001412,1.3914215052435472,-0.22983721790766032,-1.0586360384026516,-0.10106441950789968,0.02713427781582589,0.2247544424762671,-0.012198906603026305,-0.15842214130073068,1.2100512681150513,0.8516108156501081,-0.24984757808226124,2.1443746122650404,-1.1205956191394408,-0.5987686571913158,0.09991272108878418,2,-0.3880935725101221,-0.20865730926285397,-0.6815438473328553,-0.030187124519037614,-0.566876975936446,-0.2999891536786541,-0.7273969663510633,-0.07546144052476866
0,-0.2797317068749062,-0.3346438993319522,0.005487207984700149,1.261079950632003,-0.07795377918470958,-0.21087427142931758,0.8238656715401385,0.3105688212282435,0.8090453113601623,-0.9234300805695873,-0.1927938844831289,0.36032442560550104,1.3097832990633704,-0.9306028413928148,-0.2574162313024731,0.12715011684444777,-0.5589749636852346,-0.06882970347965922,2,0.9324801710685438,-0.34590448233094573,4.159477990095685,-0.0693193669352415,-0.5540514285466152,0.2142782834843857,-0.5174007862580401,-0.3105775173004295
0,-0.6325878918287389,1.0188329867357753,1.0359033217130984,2.566864609801905,2.278447862496027,1.5815397895094419,0.819790668453679,0.4489675576972895,-0.028195755451790205,1.2039769706757373,0.4015381294757918,0.5963188808529861,3.4135282375960507,0.024566335327098232,2.693663094204115,-1.503590500741566,0.26343615158415923,-0.4137820726946453,2,-0.8397826932469074,-0.6368906112440393,0.4557548336292079,-0.014641181379309615,-0.17872613264589088,-2.938650791811159,-0.5163463914510108,-1.2780548015388167
0,0.3758046190766624,0.01636176680936352,-1.4946513629372877,0.5051501398485903,-0.25782383761559335,0.34453028351696074,0.6704568935470109,0.8640179068617663,-0.6477290890387958,-0.15792406320332647,0.16390964180117495,-1.0891967733082053,-0.7388184837720698,0.6372550229760301,2.0157901219105288,0.9720985565858736,-0.43848019687007134,-0.40513252486369766,2,0.8818231070486675,1.2232950272172942,0.054503327358588094,-0.11184626807309812,-0.6654891011226693,0.7561451548586945,-0.45871253666746437,-0.9892422671328693
0,0.3847289155465499,-2.5254114086543145,-1.9462933926207924,1.6744692927345686,-0.24265281176413062,0.5058460673122869,-0.2268887383179256,0.8454021486053156,0.7032117977118086,-0.9809645124184272,-0.16546621694317437,-0.2890116873826254,-0.9566377378362919,0.007635095090866573,0.24078016998861085,0.22042012969254016,-0.557686056238511,0.0963500654816985,1,0.15220079936086467,0.510327279244066,1.493982163833226,-0.13858845242106,-0.19553644003819248,-0.4361297821612269,-0.9452633390131502,-1.351444815787612
0,0.004780319601807914,0.7383076199367643,2.466551714124619,0.4899937526122938,-0.8784427138318867,-0.49240265031472297,-0.3748812128031005,2.8910185982857275,1.5732177909075715,0.34589870574498416,-0.29921093181754466,0.6828134677752113,-0.2574653099230759,-0.30257388781288025,0.8465421845844215,-0.40782401279793623,0.8515126873717164,-0.5464446177936426,2,-0.9849796091676933,-0.13420897337311388,-0.3889274425355691,0.07464312298906711,0.3285607641965268,-0.13035063495666388,-0.023807883005622088,-0.08287003277882686
0,0.5922403726496837,-2.9484629012050068,0.7532657536040357,0.40609862599539576,0.08350800026314609,-0.692806991349423,-0.8660044417236732,0.2826009160673006,-1.1193051667393972,0.5842670846601368,1.8608611867399067,-0.3442231659751822,-1.567479331296652,-0.6746274310673827,-0.5724538842218535,-0.40202629476943386,-0.33251802849109185,-0.6026064185407625,1,-0.4757631850115641,-1.4372180311651328,0.28743872803960546,-0.13858845242106,0.6295412507662138,0.8816182413246563,-0.28108236795429786,-0.36184779208444523
0,-0.7549133000564626,-0.00103425978907834,0.702194045841775,2.5494486332579873,0.7652303353694746,-0.18910278504524525,-0.9649328014875066,-0.14533263700897447,0.9051566289862549,-0.06509370977767126,-0.18322256738558507,-0.09010068316224926,-0.1240551227874036,-0.01562686685559142,1.480436311037074,-1.1419782910664884,-0.5110419442411096,0.1431991028876809,2,-0.1468947950113214,-1.871291599443032,5.74257425556187,-0.07999406092098604,-0.6002736505960727,-0.4284552628689033,-1.0059939354646694,-1.6029423594518333
0,-0.15902638513915526,-0.8963913527537319,-1.5415611517804524,-0.17881695538109488,-0.11978363021294582,-0.2722625639699286,-1.3476998647179832,0.409132447349927,-1.6257125049873349,0.4456187494071403,0.7752694149952274,0.8113369194300224,2.0308829901310275,0.9256620136795458,3.6740290825892687,-0.7775842695810571,-0.06825638784058016,-0.44608312253273336,2,-0.07073980089576418,-4.4613338692882145,-0.7103237103979063,0.0696329336728373,-0.27290119896843107,-0.3441610242781642,-0.066119079385566,-2.021699997536104
1,2.0619036259585015,-2.1280765313862653,-0.07635389823727634,-1.7641551239316424,-1.27020679716928,-0.1318732471815363,-0.1441408874594503,-0.37807089909782526,-4.525817099881088,1.1435790664876413,0.6750696502745117,0.06849453991250154,5.0837937498552845,-0.2953394209926006,0.22486830895665488,-0.252594062460598,-0.5064402071128848,0.680672594799854,1,-0.4147423100014872,-0.5099651919761358,-0.7901816649687656,-0.0777676974228825,-0.6882142544156371,-0.4718307630330938,1.3218082521482837,-1.7493402668428402
0,-1.1693510178091546,0.05956801913563281,-0.08184237343277839,1.610907832882162,1.6586520698680807,-0.32064912712956184,0.765489931386194,1.9957998048382355,-0.3563113313038448,-0.45168415398394274,-0.32393835989951464,0.31544710366516504,0.3384642595904347,0.8300402050964032,1.9130729751143523,-0.1551755882427672,0.5631804507545214,-0.5677335304847971,2,-0.8209412789168793,-4.342951202647891,-0.837083612328585,-0.02097603708776804,0.1835587939035448,0.3812532733959964,-0.2781060631161381,0.7725668881041202
0,0.011616454073424626,-0.39046901039849713,0.11295690684232221,0.8876453443827261,-0.18530957241003562,-0.6140420537815805,0.6923177718763811,0.09683347248129848,-0.5077989186470614,-0.5902368808920115,0.24576431664245146,0.17935173223427192,-1.180820561255374,-0.7249821605214648,-0.03952738388819432,-1.0796575926888283,-0.46744219721133196,0.053378405957698334,1,-0.982810654531146,0.1340976864893927,0.219991674673358,-0.0682317230684847,0.2898772003871422,-0.9831250235374172,-0.2746568334825152,-0.8674640633434381
0,-0.11535865632943487,-1.7056562553828383,0.6770843853412558,-0.04983465826662681,-0.16570665764098516,-1.2665189106630075,-2.2253946349469977,-0.21047554426037063,0.27860052132731855,-0.9667168932970251,-0.6526788450877403,0.14667655654510897,0.9444046524354245,-0.5872759548731522,2.6996329872865092,0.6859688361426385,-0.022220385049585678,-0.44814566466966943,2,-0.04016103041404542,0.7461037757246174,-0.46022765854059167,-0.018425378399884784,-0.20767809688573766,-0.3648406450495896,-0.8218489537972555,-1.182618868865629
0,-1.6477838223604222,-0.3393525268401646,1.205035735657858,1.823331826903788,0.44556860467487447,-0.8089135500019431,0.8035697935090557,0.1194006547064812,0.7404042015662624,-0.6033108464326854,-0.3378267196782234,0.00412810774736845,0.9259647429255239,0.03250694854407743,0.3810621741878384,-2.2297563765727313,0.23461601324059878,-0.4543210398511145,1,0.3744592170391907,-0.11074794640093599,-0.37900513869957253,-0.09286453180298007,-0.4610336355766429,-0.5926794070586106,0.04806552266385211,0.47950485113572405
0,1.4971702323878788,-0.6853556589876533,1.917409602677151,2.3358723733308624,-0.4268045672974519,-0.29484114471570827,1.1176580100663631,1.1800738047735586,0.5023296108100689,-0.2287842163402688,-0.4416429261725172,-0.1567260810054635,-1.78526162662461,-0.6970822428373866,0.43329965683047456,-0.22840752318146668,-0.1223879416577096,-0.4063222523612853,1,-0.04427167723363479,0.3154823373383896,1.1154626040523847,-0.08867768294122189,0.30732578681610223,-0.36506778590165856,0.06708752700948739,-2.31159320995854
0,0.05460960133793466,0.6239314842421984,0.9764848642414851,0.21163562217770673,-0.7658447045229302,-0.5801833718811938,-1.109259113271948,0.12546118661488947,2.4501159694231935,-0.09563469843754474,-0.9004026096565548,0.5386461534706293,-0.36227252546890415,-0.6286753490751286,1.20935472943792,-1.017556044786544,1.0974437104908663,-0.3159137250967051,2,0.352769322371928,-0.03439169047821916,-0.646362160377792,0.23171374095764397,-0.4796412456275576,0.4371732122632258,-0.304889126176049,-0.046438420454407325
0,0.6581050601556955,0.7784733235659738,-0.024506976278779735,2.1295428254400974,0.22302410703540004,-0.5333043104546022,0.07315872422082315,0.5604392089168247,0.5696370213011882,-0.7960590615664325,-0.1936671292586179,0.5360135132185768,1.7732149186904138,-1.1687098915660226,-0.5383746999292842,0.5331712007871756,-0.4619935484677619,-0.47642376878705595,2,-0.02329835719746337,-0.3835751260175645,-0.36786715019954086,-0.13858845242106,-1.09095311408826,-0.45203833320715464,-1.170064947371153,-0.2064842221959216
0,1.2302671264498706,-0.7741347861093324,0.9917088471325803,-1.1377821388757798,3.5247695561712424,1.465635730842926,0.7928502727990564,-0.9852825924631023,-1.1780137156463275,-0.26418285037280165,-1.0906094944107816,-0.46836345491671816,-1.2644161072282032,0.007627281148545745,-0.5490656653779564,-0.39070151238421336,-0.6045413770232079,2.1361873725724942,1,-0.8509418325094331,0.542731583324166,-0.7331253545868587,0.11659401369814415,0.9824543967100271,0.35786654399757556,0.807690762829019,-0.2579127686687198
0,2.24867707487614,-0.7412662643828303,-0.9473364314027455,-0.10660280717872272,-0.5468034256898443,-0.18188731941080383,0.557450624254521,1.795906310273026,-2.658726885715809,0.6040506870838745,-0.20833707610687163,0.8615550708720816,-0.7946921323717211,-0.20839546389389557,-1.3023593298848373,-3.1678820630866764,-0.38388325892002834,-0.20491161886507375,1,-0.34888537268033293,-0.6344604612364477,0.726608966314173,-0.06832736553083094,0.734957262175846,-2.0691969909421264,0.723099132773926,0.4919310239721998
0,0.4828488849200414,-0.43114084852274026,0.9279555535423769,1.6122796017096244,-0.12813953749293844,-1.0216999975057774,-1.591743989553867,1.3901906893135372,-0.4339669802040375,-0.024159772141671476,-0.48797177159474947,0.5754117035025261,0.683318511238721,-0.7064073581856565,3.0032263075768246,-0.3476948173074452,0.1569781344214794,-0.4549420206663223,1,1.1627425145041332,1.021953171025855,-0.6322598862254953,0.2407338635779859,-0.0650108242649492,-3.414796157578654,1.1729135720910622,-0.14877473945007885
0,1.5790063954793476,-0.917807397243634,0.7324734576905523,1.0913576261619093,-0.03440532574383898,-0.3655974531112014,-0.8630886538615306,0.8180745781429211,0.13218206430534507,-0.4865108629213739,-0.36731711258660177,0.005045286748910333,0.201403386743627,-0.4617947007472306,1.1372728269515862,-1.2670520122454745,-0.5480164676727788,0.07170042460283721,2,0.3512663240797436,-0.5579758734992173,-0.08238050684476592,-0.016200628484144566,-0.2968650366269479,-0.09833259363628749,-0.5379621598581843,-0.4203106946622591
0,-0.6691630606609272,-0.14313058686410973,-0.38324512287387136,1.5822344474119476,-0.787012537434065,-0.5569705898728177,-1.6350976890170572,0.35077123773839036,0.7297098360718884,-0.8533115271672588,-0.39882705753216646,-0.5604696300231143,2.211571307092182,-0.04841191076381493,0.5417214938204902,1.1364635356268942,0.12826136050390782,-0.6323928745248991,2,0.6858586155999105,0.12285671366810258,-0.837083612328585,-0.10085096611641653,0.23559816539655865,0.09567437739480089,-0.38618993870792007,-0.20412262974459733
0,-0.2641770207706259,0.8200689238440135,-2.7015045663379316,0.055926484853440095,1.8238593020230311,-0.6428707050099604,-1.0541980459071894,-0.592129337439751,-2.3433277925465874,0.8404537062133943,0.5234770564906057,0.7866659193396863,0.8048163736674215,-0.5281267090534167,2.0200128684889407,-0.24909081583159598,-0.5561487211963383,0.5219126054583945,2,-0.4507326276808266,-0.014246501697109809,-0.7843821568905187,0.05351425502435504,-0.8539871420636891,0.8327652065957087,-0.5784031020306181,1.004886275895649
0,0.9463521476928868,-1.3215612686972127,-0.09782874366626057,0.983986975536464,0.0008432861402973835,-0.5563363274126573,0.9641642845620162,0.9262870058594246,-1.3331386696228242,-0.14554509622709538,0.5503568323763939,0.46864815246594516,1.845617966013896,-0.28776903942214277,0.42231246889681057,-0.005828403919436342,-0.6348752756229572,0.15032935092476707,1,-1.404972575757188,1.44947054160773,-0.837083612328585,-0.13858845242106,10.712396672826197,-0.6394736280458309,-0.05008251721376822,-0.11412171958816564
0,-0.45281254804457505,-0.3472042009156927,-2.61944451175216,0.9649787173491902,-0.5664124963396024,-0.7173549122630416,0.6141393033090284,0.4353018601637802,-0.18548392218299176,0.2483708891578582,-0.08991378506205899,-0.31586167843187224,1.1558362883643232,-0.6153960372625566,-0.4917536824455784,0.4545927545927784,0.4287814249743023,-0.41186349599526934,2,0.6440350134401716,-0.32499019120405237,-0.37901078409061917,-0.020212713725586605,-0.41042382481267475,-0.2229005163726563,-0.7061576400944531,-0.407416440164987
0,1.4159816841240311,1.4712372194557646,2.5130131627258017,1.4197298643208618,-0.5325314435842281,-1.267491382423687,-0.19051833845317223,0.03503254534944944,0.1339388797751837,-0.23876837428548106,0.03422467867746781,0.35186538530261535,-0.5989497283686916,-0.6213463360891857,0.7970114372241246,2.088881958584434,-0.20498276713688462,-0.3875911660884124,1,-0.8541293002356435,0.4436253327105919,1.0413520224121997,-0.08709516646284132,-0.13314999289288842,-0.1489027232619699,-0.7671249392210021,0.1554104221548687
0,-0.5144395722761399,0.07973792932572785,-2.379648597454157,1.468919387210211,0.5640024064616329,-1.1741128575608268,-0.1550790015547121,-0.22415586727990322,-0.40559575358705124,-0.3985882810540794,-0.6002154008699714,1.1465344463272753,0.4760617522505166,-0.7352866403552651,0.1855328467893852,-1.9354856411956791,-0.35065779820048654,0.046200237270881406,2,0.09716936661486131,0.5767625783865866,-0.10109350672345169,-0.13604959231315494,-0.8023669054883799,0.16079738599284663,-1.21975314077183,-0.07224748638587408
0,0.3143950450693327,-0.4863655313215969,-1.5450825717095704,0.8997126957123158,0.7547844359814091,2.061711612772435,0.8816211714304067,-1.6056369979218417,-2.9861542960358722,0.31873448940196714,0.482221808337162,-0.08519458147097131,0.11181067420910093,0.810810905408033,0.022224691407407016,1.9928757756306488,0.17412013191320438,-0.6094514131141151,2,0.15380605410269027,-0.13903468396448518,-0.837083612328585,-0.07077640904676734,-0.8716719105187531,0.19672434587667106,-0.6630978122890049,0.3454140283830254
0,1.1363676903446722,0.5929699770499484,0.25542057668250534,-0.6562890142561402,-0.4718817183942699,-0.9707634904912525,0.36991882334132575,-1.1679783949808162,-1.7515530048797763,0.8976666556772845,-0.4729170752312004,0.5820717136430971,-0.9650471653660234,2.2412687101125428e-05,-0.5328813681055505,-1.464421647260709,-0.4834768197821997,-0.3107029041141675,1,-0.7623273829315262,-1.2003378152921558,-0.6935254308682128,0.003203111522435159,0.7435409383184056,-0.08576273049805644,1.3685313989185808,1.26746095802929
0,-0.8543260963123266,0.561479823596135,1.3390052882040209,0.9870377957049585,-0.03343736680870296,-1.0379548761766109,0.6460500497000172,-0.37987763635452665,-0.9733590029181561,1.436784115859738,0.08836935240766697,0.13851182439891468,-0.30447669710863784,-0.5621059996717673,-0.7609246268472752,-0.47188651818912186,-0.19518090575815655,-0.36049024140329666,2,-0.6429882361246559,-1.2592312496479692,-0.7393717558351401,0.02537756764711671,0.045199178214235566,-0.7717591418814862,-0.4404949267273067,2.284230159194076
0,0.8950529806660752,0.27664257582388896,-1.0510842960526363,-0.4376201635822403,-0.6947385462164384,0.0928454086112444,1.2209369385266506,0.13664232697293327,-0.12716599243758675,1.444717665409147,-0.901802868080674,0.1750233483039288,-0.8922388095770897,-1.1130131883526788,-0.47534298321614243,-0.7548154294529952,-0.65175997996054,-0.19048473487657813,1,1.040580654176025,0.21247336014602847,-0.721883105644701,-0.06908211034163368,-0.2832428886067134,-0.07017516834900883,0.38002502506365343,1.569213390881286
0,0.7474467157186199,-3.442202504969777,-1.4450052183355402,-1.8668529566735335,0.589975000452825,-0.19408821717640642,0.6091150393364291,2.4002339362231986,-1.2730905452625614,0.7526206372204677,1.0114250076215054,-0.8125446027232308,0.19906996946371946,-0.3546521842638769,1.1577156269896054,-0.08717240649654556,-0.585573065173133,-0.6932210395172677,1,-1.3667808094557867,-1.2867941186624026,-0.5122299455404469,0.16410931397266737,0.25740212873046664,-0.12982428426221576,1.0513606912181492,0.7662914488950714
0,-1.3444609043789222,0.3078914266107802,-0.2939453756044071,2.649781804856568,-1.0399901696606528,-0.6755223110947913,-0.34306125704808654,0.3437990801287885,0.013212668799349292,-1.0454589271725263,0.208161923749203,-0.1359130458757528,0.4769119208935312,-0.7775285225863136,2.57407553761581,1.2342491532948878,0.20707833558456676,-0.5027674919392875,1,1.1352780333327643,0.571653380153547,-0.36309037687061274,-0.027860395767022848,0.34690251953929185,-0.5436258100879511,-0.8243340402321169,-0.9489668360422603
0,0.27339243078318876,0.5058173364976695,-0.5891507336869731,0.1136536070154055,-0.26693318444464575,-0.7927391529730516,0.3430427532748564,0.7127518044181734,-0.07040439731899745,-0.5671809704432806,-0.130072327034526,0.49373204975418766,-1.5880601559811098,0.041070680712328,-1.4979348238593535,0.15509260887985216,1.2022201373886885,-0.08509048496545699,2,-0.11294180471600473,0.7320971568651992,-0.06326535856820359,0.28042373165052054,0.11343622935652731,-0.2755167779422754,-0.01294915013569986,1.52204507437276
0,-1.4652113801198339,1.0959254259160764,-0.44091933301292313,0.5449010175481083,-0.743414174280452,-0.28960465343363845,-1.1069580674557002,2.645003311069993,2.0388687218182184,0.8834482381307867,0.028727337103630568,0.6623064582315663,1.0485050618547596,-0.208828239878192,-0.3528734289166772,-0.2606315677559807,1.4811240273607311,-0.09271801761267567,2,-0.1347784610300387,-0.44804032108287317,-0.14380629287642077,0.07377859740254303,-0.7789165218638654,-0.6788615772617318,-0.3837204065666206,-0.37967677065948724
0,0.34789774913070604,0.7488912400173114,0.2304589740599413,0.27295108493620535,1.4506269453121288,-0.87968337585164,-0.9392660827704593,1.7260567812130736,-1.0606961251007978,-0.7990353090949762,-0.3481866158815063,0.7166318365719049,0.6967067616093054,-1.042378482257507,0.9737434962877258,-0.49552877773664944,-0.6049189878591714,-0.46013431114912184,1,0.1802988366094177,-0.7289023510530409,0.1045368003266238,-0.08104516578562804,0.6692312339201004,0.15604222262549794,-0.2406244310908145,0.19758120395888115
0,0.8818456289550557,0.5260452140470607,-0.254431153758263,-2.5397413609036454,0.081203529890705,0.8100191554554923,0.5872843488927272,0.6084524210890567,-1.4620139893262376,0.6902770565544738,-0.32569563229094095,0.16953591861915435,-1.6503575440177496,-0.2962331766572559,-0.8179528997554545,-0.6190278427059894,-0.5599261027749369,-0.44299687414663497,1,-1.3304576264107173,-0.5093746730997837,-0.788204218036854,-0.02160118913089741,0.9962710055828128,-1.1621761040373424,0.794250166231772,-0.9251329152534222
0,-1.4608746952939284,1.319755696566386,1.1270186355061362,-0.6316706109298984,-1.065414428397187,-1.2689833895875988,0.7885022077672178,1.302558996277753,1.0032908924210224,-0.714744500035154,-0.7745125612993871,0.7116922470280393,0.5310803255270373,-1.30037653315545,-0.8055579908103028,0.6104907380020388,-0.12677292605358303,-0.25959136962329965,1,-0.1371442239092581,-0.21346848353127792,0.3812459770068128,0.03390998397066006,0.23213571715659598,-0.2890784585918253,-0.139304566059179,0.685820081830274
0,-0.819264416968149,0.4279481878140018,1.3665824389112662,0.8901279695346992,-0.1743182130996109,-0.8948123158691041,0.6161740496786976,1.6337111395396469,-0.22699309334644696,-0.07717690283430567,-0.28607282615690555,0.29726862852624886,0.34404569336633894,-0.2899760290011756,0.8674370002556784,0.18627435710465912,0.8635597255918982,-0.6391931883342684,2,-0.08498195152080819,-1.7940919530755877,-0.24924291417787284,0.05097938361846542,-0.6117775508559246,-0.0618576074987599,-0.4367928031750157,0.31872911781329216
0,2.1129215520522413,-0.7938027427349521,-1.3682271870468856,-0.3166922323241713,-0.20113183597590975,1.4200635569554874,0.3777875990302933,1.2928091488181754,-1.802278826460269,1.757537375048664,1.3477406996748247,-0.16643978999091646,-1.2028305552973528,1.2134585622535858,-0.6726176664691101,-1.3875975560433786,-0.41524700547902754,-0.1672091171371517,1,-0.501715715172714,-1.7729923020861569,-0.7079260198724379,-0.007240459961124497,1.1033264032890846,0.761925870023866,3.673507707075145,-0.17220290953104234
0,-0.28707464930722,-0.5706524776321873,-2.3652531848243847,0.46603708523843623,-0.0016279323534303045,1.3865961715794464,0.8183565675533233,-0.9184018978911452,-1.861480337460684,0.03766691667280228,0.4857773761469558,0.15261854252136947,-0.3953245187842225,0.5313875140682236,2.7254104257516776,-1.9682886333532217,0.3854962839149988,0.14485601759084207,2,-1.6253161236491422,-0.30611217828352133,-0.782228552375451,0.13170075542962742,-0.39900967029259005,0.209213815466546,0.12589455987084885,0.2656254975893013
0,-0.008491029585794674,1.2922807139194856,-0.005644794855767299,-0.2116608954093403,-0.07477566887793333,-0.38477920602978644,-1.3714993316059205,-1.4449503191883053,0.056459793404579184,0.2216062881893908,-0.40511344431322627,0.599382478143345,1.2239580241241637,-0.8257747464280554,3.3296766010884307,-2.013449763293644,-0.35261246433798044,-0.4299143781826504,2,-0.4020302170836728,-2.896335379247489,1.2532320485418214,-0.09533226428910171,-0.4148472088001957,1.5106409238953018,-0.6140892852170826,0.8977257244720656
0,0.9342305341731242,-0.621659199844282,-2.1113960324444876,-1.1192181716612892,0.700634110842757,0.3890550856442767,0.7300647197655035,1.2802810241593814,-1.0147722564544297,0.689876292324236,1.7600109085721627,0.6252186805018207,-1.0119063203030032,0.27757950256119246,1.3586099960008535,-0.06601595426398715,-0.6096881130903928,1.7572770103036515,1,-1.2563473044561042,-1.2788611010526092,-0.7928605943307502,0.05282959140353391,-0.5188134970586903,-0.2193763633668631,0.7119263990489071,-0.8999337155002138
0,1.3766431335104043,0.04027043106107109,0.44586137001157256,1.4910141134768407,-0.16746062497903236,-0.2530301878003763,0.7165391947468878,-0.7144204766039033,-2.447765590268045,-0.24926320745889893,-0.16208935879773195,0.35643413076108227,0.04919348574575466,-0.38632791525200594,-0.11019752961682272,-0.836381156237096,-0.4712367274398944,1.248593138150572,1,-0.687610653345021,-1.2078744213748174,-0.32647294141783556,-0.039846111376412384,-0.3975489124314986,-1.156612062359391,-0.11803475464748776,0.2633681064476667
0,-0.4226567634793809,1.4742160175454386,-0.49301996613217736,1.7497119012400586,-0.7611569129411973,0.578908505774489,0.7507638918368608,-0.03254391410384675,-1.8551306700755625,0.2867030460500425,-0.33530064443819124,0.417424544053041,0.2893364531063933,-0.5009794834678392,0.9860134714377111,0.05645333183181628,0.08385911802765533,-0.3195579980907334,1,-0.2720901212035661,-0.9011635349261137,-0.4365884086530309,-0.03749091771885467,-0.09571275970988982,-0.03900650557823243,-0.23318454955824613,-0.07026784126114849
0,1.9402308519716298,-0.5109979069981356,-0.6814962434682847,-0.060450103221103,-0.5352879645608096,0.0058258380611692084,0.9376262588624559,-0.9303152842768334,-0.6830660681841245,0.5071546706834665,-0.5652836808000337,0.4509676152182434,-1.2146785814313954,-0.8711618043420515,0.4379909580609447,-0.023329953261917502,-0.19263260209030608,-0.5032709077267595,1,-1.427489590328307,0.26187049908143556,-0.7546739827497203,-0.13858845242106,0.6513452169687719,-0.7665461423600742,0.20869574453999454,0.5429468692160315
0,0.7127530212530276,0.7918875222267299,0.35992273515615614,0.6432446831898646,-0.49127627115540956,-0.9775800997385714,1.002736502812567,0.7238777519913733,1.5078081518480384,-0.6946672200235486,-0.6125508577274109,0.35071518024844894,-0.22369579708564102,-0.3493249860582458,0.7490925449888372,-1.6991829209448868,0.34252461567909703,0.42960077735407937,1,-0.578304435729325,-0.4448104327824872,2.4404676640978686,0.04892640802684424,-0.7094458363826819,0.42324521260683967,-0.6387662735835012,-0.6078478674674003
0,-0.18899846846735097,-0.09550850797509314,1.6189080490641863,1.0545462606536204,-0.7955451407339538,-1.2058774171305449,0.5595540427741524,1.1772416409414772,-0.9426679227386355,-0.20730775341965094,0.13050772264172417,0.04943376196236482,-1.2690061901977123,0.019424769975009082,-0.1450368333270785,-0.4295969010437427,1.581318853808168,-0.5254160752090558,2,-0.5076250535169511,-1.176764865536908,0.3096499190625369,0.06399952981196344,-0.7264623146410996,-0.24473138653818174,0.18547849334772237,1.3209460882090673
0,1.544771634231926,0.9092649585492163,0.08914864583791035,1.3411385584618596,0.19026137861706904,-0.8272624313374966,0.7411152514353464,-0.26311177198437813,-2.6658301171975465,2.790435282654747,-0.22932963328916406,1.3765965790566406,-0.8995969608303414,-0.4571353148773513,0.06412508674639261,-0.46519697335441745,-0.65175997996054,-0.15616860966906443,1,-1.87737378862638,-0.5907638729074782,-0.659380910753952,0.1022093756697659,0.024818148907893633,1.3560376784836774,1.174876216776045,-0.8263927658716086
0,0.7483230218358663,-1.1949167221550079,0.07179492312117652,0.4986195896048766,-0.8111646319248027,-0.45227982869293043,0.4408847450471344,1.6581486673792147,1.7297527343008805,-0.26774969642319196,-0.16165991145691674,0.398571089983001,-0.33960446194537586,0.6597208030294004,1.74905492763324,2.360334183303931,0.13412987905683238,-0.3072595560696596,2,-0.4639219941503629,-0.1765218851238891,-0.7426918686421078,-0.1284935245172058,-0.24584578289304965,-0.1828719357186464,-0.5728275788488557,0.18411746947019714
0,2.24867707487614,-0.1273497088501943,0.3041428725146297,-3.0880268884145057,-0.5484697011556143,-0.861295950839474,0.5154760267450591,-1.4176249821433782,-1.7098335507815765,2.5145312565268045,-0.22842017883047117,-0.1533314291654778,-1.5224360624644022,0.335215388069506,-0.0772356028183181,-1.2479888746308867,-0.3606091870532975,2.076796397976473,1,-0.6426595924046646,0.292084867594242,-0.818475351064546,0.05275112819439125,-0.09135852117135235,0.9162558459824195,2.010417456240921,-1.6661101742239994
0,1.6136505860182133,-0.07600937183688428,-1.6992271358576672,1.4912493148815438,0.17609124897235717,-0.2542024175766112,0.8322451726499582,0.22272783128431212,-1.1262510627307056,0.6030622237439132,-0.13672981064049092,0.2569763953493703,-1.2805342043300938,0.2828733132735932,0.3296362636052579,-3.674835966272191,-0.65175997996054,0.3673652010215253,1,-0.17599634740629816,1.1379661799807277,-0.7743647774703128,-0.13858845242106,0.5507194512619807,-0.541866168924055,2.0387121472087855,-1.1123235604300654
0,0.26131850843366355,-0.2155846813412724,-0.07573424416897456,2.614841559347529,-0.4010421527245447,-1.1424475575673798,-1.1264936239954881,1.7286313429648703,-1.1767560814363403,0.0510428868662704,-0.15645743571582438,0.45876176749984215,0.2749155447770721,-0.9081378716205175,0.49725161211175717,0.31116987798425333,0.06759643953069183,-0.30375693679076393,2,-1.5725564533332328,0.720589267480759,-0.589896831620009,-0.0005788050323234789,0.3568509523183159,-0.23595692059373963,0.1222622506367492,-0.041077539363102045
0,-0.037267731821704064,1.0806562666531863,1.3201039244800983,0.2522288156436856,-0.34796243724882153,-0.9394207659980489,-0.8041033501216303,-1.1438241106387899,-0.7470256507459375,0.2836808526141097,-0.3613630331355698,0.5005973726730448,-0.5737314495584944,-0.34102642085144763,1.0417935637769802,-0.6267425802061417,-0.5083870479175431,-0.3134950247904349,2,-0.21212441847823787,-0.17896036790144654,0.6315580034858751,0.005568956205479522,0.0032016884536310297,-1.3329601652475558,-0.2792938210921292,-0.07429017266929794
0,-1.0129556721042217,-0.06802525274030069,0.23953758762089847,1.9848576387717574,-0.45610783256965204,-0.5395159005198316,-0.5662651395490923,0.489568198386128,2.655755454788121,-0.5583359310564404,-0.590792517481302,0.5139314734313007,0.3638665419398828,-1.2482068708376108,3.2478350640518454,-1.6506259850468883,0.7701478963030657,-0.18915348858929143,2,-0.9818073679566881,-0.21845977737579095,0.6208345150670719,-0.08792036867865982,-0.863405428553972,0.06285723953661654,-0.3294215317639986,1.2937119400733532
0,1.588892914921232,-3.3208707537120494,0.4824604673803976,0.34861196451903864,-0.11435768310004985,1.4891455172995147,1.0481848231471864,-0.06235268748239364,-0.43961636390179515,0.380222760838496,-0.5576305669198709,-0.4490509059017566,-1.2161928451834956,-0.5429176820654102,0.323476943028029,-0.791135047321303,-0.5450308842139678,0.2239952896764283,1,-0.1811776667756933,-1.4520623340117442,-0.22732242795220503,-0.08190106403228849,0.9462807444541104,-0.37567052174946003,0.36616217962566117,-0.08021322419646681
0,-1.8165682879259992,0.16332077087413838,-1.0841852431082668,1.0848804301216834,-0.5636832740181819,-0.21416380617340697,-0.9052337678652428,-0.8160522780766875,0.2304648815459277,-0.7860663109011976,-0.11203639573499916,-0.16745022092262102,1.3270841813834102,-0.18121989554140983,1.1857052714706866,1.0664745424199666,-0.2956219093327668,-0.4382007427266922,2,0.2998030639069751,0.7507129903296678,-0.354586637480513,-0.09538705401215955,-0.23545758751937507,0.00955156787890235,-0.5577254199235203,0.4916213431372921
0,-0.18013338504377452,-0.7224251247329609,-2.387154546532807,1.4941120067845206,-0.8721976265947136,-0.2614353214552282,0.4717570032184906,-0.17816788191063626,1.1269346694151283,-0.8867021869005827,-0.49869669968537816,0.5902886224569623,0.3663384235123788,-1.0843502206955757,-0.8624613170164814,-1.0719939529642817,-0.1974023875849766,-0.3760441395478823,1,-0.36627215798672474,-1.0621437221712253,-0.837083612328585,0.03401679342224104,-0.48009148995846085,-1.556738992923384,-0.7551184732031642,-0.03927230174861751
0,2.24867707487614,-0.4076039481175424,-2.045955106493045,-3.0104174304053393,0.3122746329622679,-0.9343063690364419,0.3966413090128351,-0.8773201931394015,-1.9109621543114161,0.6646941356359918,0.05637698938220953,0.8679962435297004,-1.78526162662461,-0.17122753623388595,1.7857107397900047,-0.8407744414647208,-0.5696137925493882,0.3280617743040378,1,-0.9956402286602006,1.3703068971557095,-0.837083612328585,-0.03777132179948721,1.7133309506021948,2.2016493739603056,2.336813750118467,1.2252422880792453
0,1.0497989207173635,-0.21746597277831384,0.5152852652156085,0.9341860239092513,0.023635955923382856,-0.9173128722694173,0.733150207778034,-0.35854377898246126,-0.7278847526390655,-0.2604633385606379,0.2198701469567983,-0.2585033644509993,-0.2932689268125904,-0.2732817384371367,-0.9040760737191844,-0.35407977040257044,0.7328744382161414,-0.1485830388316688,2,-0.5599781727381715,0.5609712853943828,0.2848648988804958,-0.08259810060203886,-0.19686468474265867,1.1755617731547423,0.2889542322600622,-0.833094346501734
0,-1.0729574202481917,-0.046163859853135314,0.7259168579215122,0.1880923283353335,-0.9755745959542171,-1.1065303493247818,-1.6192280998829822,0.804856349067159,-1.059948751770897,-0.09210591650572653,-0.1365018694318994,-0.19351046708692415,0.7810106585844878,-0.23248056111366006,1.4310563936657767,1.4738784692413291,1.4917977483968539,-0.19630270607718628,2,-0.7989339391983984,-2.8519497265501776,1.1432602872222044,0.24293277977006456,-0.21501742506297877,-0.5375014345152476,-0.2588818585345115,0.1373587244719382
0,1.1925786937600602,-0.321853784132049,1.3162582882584783,0.8852290220447705,0.0610945424304189,-0.622787475536744,0.7551012629380415,0.310358438125771,-0.7557059088208344,-0.05868379406128191,-0.5276967422384213,0.2541112040709746,-1.78526162662461,0.47123448752656216,-0.8251249553552047,0.32764300157614806,-0.15345231914601143,-0.11284398100728077,1,-0.10463050276139098,0.04842819917141579,0.7471165471466774,0.0032509248427346343,-0.1625950824409771,1.0216778683800314,1.3533188547803943,0.568481453167455
0,0.07088758647369969,0.18850340708221125,-0.4053627267554998,0.4105326054227165,3.377411153820514,-0.6841817293255679,-0.4348000053246339,1.360868533468867,1.300859950690372,-0.023875458913275027,0.045626898024104134,0.4382283667073211,-0.07401162643141956,-0.29033918001618175,-0.47434444966467926,-0.2513570396693928,-0.3591795914893018,-0.3031006999597788,2,-0.3430580140385585,-0.6362689627112191,1.0583319381683898,-0.047032412280880696,0.27487749651256344,0.8195399153242686,0.5020247600681559,0.8648680690568853
0,2.1449806260649673,1.2466666173327505,0.4679985277194414,0.14721260276427794,-0.6547229668123098,-1.0276543520753774,0.753870304841549,0.722871684342197,0.5959853561641925,-0.19157215896596375,-0.3527767032283122,0.6497370445299411,-1.4833704126218348,-0.8719430980186057,3.8150938200016875,-1.0276508056014464,-0.16003775330151515,-0.4118027975402455,2,-1.87737378862638,-2.3144214084168113,0.07522356447086184,-0.020726816088862253,-0.48865949054656627,-1.414911031665331,-0.18706262315962158,-0.13101593129560019
0,-0.7452205417269506,-0.3502404549998902,-0.10208762743910646,1.6396099015107986,-0.9263988054117015,-1.1117344127900226,1.060219350727282,0.7153856650892753,1.1100496168420066,0.08551305538616324,-0.8610693342262083,0.2906601060624136,-0.04311748814054167,-0.4133240602907322,1.0038926271785842,-0.4376756719152388,0.1333916793657897,-0.13298226759148019,2,-0.4897156747702527,-0.0651400750436193,-0.35235762054006864,-0.11233925473244535,-0.2317061163340124,-0.2470103473022799,0.02761117251911388,1.0445468802604658
0,-0.2552612741117708,2.604762011637016,0.8609633223863296,0.7562451076991339,-0.5453012910508367,-0.7269301685595666,-2.468768798632909,0.09111993738290236,-0.17518084493713681,-0.3139497143722454,-0.5108247707773447,0.6129277929679777,0.4935657443710621,-0.2454234159465396,0.15633946840023677,-1.3028312204156873,0.573498819670704,-0.2866924787065079,2,0.8187935053214137,-0.26947882177651505,0.2252829671306822,-0.030154636143159736,0.2608930426582805,-2.4849184797294996,-0.24740725018298285,0.8107729278622003
0,0.4116282410343492,0.5536431226148107,0.6155628712042548,1.0985464593220673,-0.8690432304478,-0.8880696176366997,-0.6895085109017947,1.715510303967457,-0.988375816625944,0.5638186138009125,-0.46061512821139383,0.32119746634337,-0.8380662966977777,-0.7519758253183061,1.3929429517890672,-0.8937251822983445,0.4366734522223518,-0.13218654071388394,2,-0.8177476205929084,-0.30889695421228724,-0.6766231719164026,0.10134628330037385,-0.7207456908360511,-0.06607450333002501,-0.27473044317071893,0.728618051326381
0,0.4240854837795398,-1.372700265683501,-0.1062488902699035,-0.26586889188548624,0.2650317057219719,-0.1984832515588154,-1.5464675956668514,0.7481543791059211,0.8478036393163481,1.2184012271358147,-0.051511437243850725,1.0505942477239036,1.4995395657021784,0.2725582621247471,1.808466798579511,-1.1048827468183329,-0.4820071302069488,-0.37350775727850055,2,-0.2257510756071066,-1.9728427244617601,0.41827109736961543,0.14599682286624857,6.766039741709115,-0.412266268088251,-0.39106247406721584,-1.1340168663421037
0,-1.7103402249674966,0.7455765686069811,1.199877700925335,1.530069957699115,0.647868560639965,-0.7565299655943848,0.748441993013189,-0.09403621362031778,-0.6614475215642313,-0.6327431346743748,0.3170685158516313,0.02629155738523522,0.011440310597274628,-0.2430946755653723,1.9717086372163328,0.47284934477226315,0.7288295825818103,-0.18918209278119655,2,-0.7324918275536476,0.5255621712701807,-0.22841493217060532,0.23411893627364605,-0.1228473566601826,-1.676933017358637,-0.11484608737423047,0.42627255380139517
0,0.8305071658347858,-0.9641955792420145,0.4782320658543765,-0.5671402062985328,1.851514453315077,0.457211290490938,0.5569985289270376,-0.4884491092369899,-1.8612227173761093,0.5847633092418902,-0.4987264593245756,0.2182868079364088,-1.4366296968291281,-0.3720676423647306,-0.8887539061438949,-1.608335680128223,-0.65175997996054,0.1172168151318958,1,-0.24553757653189714,-0.28370944880522436,-0.7453795363392466,0.045144538518921834,-0.4035213432464554,-1.9626266059966655,-0.14411816706384428,-0.22233143333830785
0,2.24867707487614,-1.4789659219957727,-0.8976057702524116,-0.014073954740140435,0.3189036350948435,-0.833791637664427,0.9264312436869582,0.09858665141007728,0.9529166064446437,1.504950618083865,-0.39763885813985467,-0.11753037954711631,-1.78526162662461,-1.2939419893956918,-1.23312848570575,-0.8094447862816767,-0.4380342556206519,-0.07614534249476546,1,-1.0746547369204016,-0.5417144791111761,-0.6665011303259377,0.08934079208905105,0.08283191138359025,-0.4640154888808674,0.8907106424137918,0.5473976201778152
0,0.7872665970929071,-0.0540604384157444,-1.7228539495035116,-0.09145227644338239,-0.3376740453422766,-0.8453947216622351,-0.5146491242833883,1.060030332435013,-0.32435288302106424,-0.6920902025908182,-0.4198834697554152,0.5780872631868457,0.7615181402295489,-0.100905806161563,1.3843833921373174,-0.44838652250700894,0.5800640927553129,-0.47797881139339893,1,-1.262231411375649,0.8286476034773268,-0.40501148396217085,-0.06688248638753151,0.2651229063362417,-0.011071366954048284,0.8806853525056673,0.10560329510669897
0,0.15267746643367286,0.2151611294603193,1.3073010130789369,1.0389607884977514,-0.8340341988286819,-0.3652019867847279,-1.8045850782219723,1.6889024537031188,-0.6736423358307727,-0.32450586229880973,-0.8456895648381296,0.14865845558519525,0.48748408399300813,-0.1954840629878133,1.0284317231322246,-0.6688961812415846,0.8891102466402212,-0.46795602848025486,2,-0.0633517410128045,-0.7439099301323316,-0.40057736131466976,0.17604080300043068,-0.34413415310085005,0.05755846292986494,-0.48325885022053994,0.15965688999883731
0,-0.09316437359976872,-0.512007972923475,-0.08858317496535184,0.34188689140495127,0.08955429424015687,-1.0943017820664842,-0.8536001204618273,-1.1564126343774255,-1.4036858985884624,-0.3701031922761587,-0.33172801890803044,1.8076753331896744,1.249620021994394,-0.3980508359469199,1.9564041734827633,-0.5909528556609587,-0.3333249485655543,0.06491961058138962,2,0.15428919187015028,3.2762389221958053,1.2299728502573959,-0.07816161304724653,-0.7078600542810515,0.6837044466523752,-1.1564733467870267,-0.3081809098161381
0,-0.03405585364256308,1.206621425173939,0.7468664705192261,0.6336002239283356,-0.42719061542282144,-0.4182437798201978,-1.0902676652111634,1.503592001848772,-0.2647987747591958,-0.2089298746614583,-0.38082821344850354,-0.6438880455716872,1.7215925262594052,-0.6347991635788411,0.4523358753060109,0.7637721551291267,0.49797095371336053,-0.3775985075270577,2,-1.0569351399076736,-0.1262490663192759,-0.37007824046038384,-0.016047088155638392,0.03805807218158873,-0.15173099606863433,-0.18737108174313483,0.9410031455908175
0,2.24867707487614,-0.0027432011694616953,2.4484514680525997,0.6615215493315529,-0.10567356102953968,-0.6081182568175015,0.6491794684039361,-1.7893875161947168,-0.9971272758122058,0.9753579288162126,-0.4025814814216133,0.4980566001357018,-0.8166122163574343,-0.023234812241935354,0.20651798405237987,-0.24164604565478687,-0.6136681549858052,-0.19754562567817985,1,-1.164878915545263,1.0996202771467884,-0.5879350132376754,0.19174627331187466,0.6141789397214884,-0.09555985272598903,0.299468900822511,-1.0927173573781044
0,-0.5887891503217569,-0.11056999575862647,0.061243713838572245,2.0213763375774927,0.5139622309142923,-0.2716166284226989,0.5616269560121214,1.1360487534316153,-1.5260494036219296,0.1268868024296744,0.31151957016476073,0.7087212417951467,0.27986433193671745,1.3126282340408468,2.6895697827314993,-0.2017242013606676,-0.1356397912122072,-0.14793258130675252,2,-0.2729823747202458,0.31487041490371237,0.14073480211992173,0.03521956265095254,-1.00047226406492,-0.9632593061777509,1.4209307694770619,0.2680680100353653
0,2.24867707487614,0.5406455215183414,0.2824633409544355,0.9792124196662637,0.44600476281157897,-0.302212521604727,1.071468534819119,1.7744481212837622,-0.2811776699178139,0.15521214550321627,-0.6175755360422179,0.29761916794364585,-0.2573705996212977,0.24017649057908602,0.5572399555670111,-0.8059358818081793,-0.47724470836504856,-0.19282544571623064,1,-0.6269276104560526,-0.12889835587910306,-0.2674345358454103,0.1822860074280974,0.5891557536921858,0.01939177161362471,0.5884259352223216,1.1154316812709741
0,0.1407780831601903,0.5210422352284498,-0.07180143723966466,1.1645663889014517,-0.263064408394181,-0.45607106865811264,-1.675747469916375,0.3751426974526869,-0.725834501431762,0.057244608574710754,-0.2037839678575446,0.24602138905748783,1.6738705761852497,0.15048448995660466,0.21732724665660752,-0.2747491726698166,0.15115280368660222,-0.5986860545850798,1,-1.1717855330104399,0.11713946067826592,-0.7107989997141516,-0.09452724871835536,0.5440639158279309,-0.8682090787402514,0.1750579639193343,-0.7693138628939673
0,0.9638771658562219,0.18873161622779755,-0.2943093344102286,0.8666963048579452,0.052322715293323496,-1.106870809093274,-2.5487123486589045,-1.0714450904899233,-0.6656221152744085,-0.8318459529617616,-0.3481103071202541,-0.24872242141282708,1.0232422826500125,-0.5171711220426036,-0.040757772502832634,0.23959652779474783,0.5214563424009965,0.08224940529640629,2,0.3312900861020368,0.5167068774380574,-0.736729327959893,-0.11523764694653837,0.10885530972419605,-0.036905559927645215,-0.16536027111210166,1.0612510088528064
0,-1.069352295680203,0.07274472836242298,-0.18491137555371956,-0.48488704594636634,-0.46241358873264904,0.18584282003213948,-1.085578090522666,2.370309671103503,-0.08772045260163847,0.19060211010668507,0.23052876393499927,-0.15598626872506138,1.345841163751217,0.02054131328544767,0.6515981752451889,-0.8343359510663636,0.15734736267117663,-0.5803278122601523,2,0.4029501481204242,-3.210979367102065,-0.837083612328585,0.07576480892728532,-0.5211749140988859,0.6573430524496899,0.47383891768022957,0.338648506533319
0,-0.5277081859654741,0.5206301426714983,0.16384769888751552,1.1553127676068145,-0.31204748092841805,-0.46178131595694505,0.7981877933930752,0.16048790611542146,-0.5555689276866812,-0.14358430957249907,-0.41141442576054754,0.5716460636694372,0.3058707343470765,0.6142492794034251,-0.2392355984854665,-1.4359843681506521,1.019799374203683,-0.3134232579523485,2,-0.7772687271815465,-0.13478920510289438,0.1703217320359565,-0.03357565547796632,-0.29732335593640663,0.3629637122638404,-0.08924111934950135,-0.34484127139567666
0,-1.305734903124362,0.7400544452670988,-0.650951830907488,0.5635207155808684,-0.2392323524728078,-1.007936961084247,-2.186549688193444,1.8069604806831323,-0.06066788383886283,0.24556528051242454,0.24231057075916507,-0.490876205097085,0.697490265116094,-0.29886872977403667,0.3741302156791372,-0.8026606887472327,-0.4860851024636091,-0.4239922670349412,2,-0.5165393334571722,-3.167276150951606,-0.17841913880205662,0.12112593955594214,-0.22476372584954438,-0.36110287494532434,-0.21556880023587519,1.176028546377104
0,1.8490832595076494,-0.18318093184116582,-0.0001182957331780643,0.39978809573699814,-0.3341270850413103,-0.6155848703107852,0.4841107077369525,0.34856367627212875,0.09732577658464786,1.9768058261032726,-0.9491424697503518,0.048412566201805673,-1.7587235046444656,-0.06331248410899173,0.07290689392801952,-0.5571358637914494,-0.4312131965073944,-0.5457234323564779,1,-0.5233245063913858,0.2995565477448743,-0.837083612328585,-0.06155541047745389,0.718796877903944,2.795721011723344,1.2832755979437573,-0.33409436714216834
0,-1.143935834808335,1.0045705308001391,1.4064653939308607,1.2420862459418498,-0.8664810252604725,-0.9576231324554778,-0.47151685075646765,0.2901877122574519,0.6231033166396276,-0.07200056486015266,-0.6320377874630683,0.16877609728368298,0.4043778716262283,0.2726277838892507,0.9890605637996448,-0.3980595307160718,0.8302706761953965,-0.30540496101085635,2,-0.8737572101892964,-0.8362489182417338,-0.5137282533203051,-0.005035484301002702,-0.5649347026138953,-0.9880356662669714,-0.5466915962201794,0.6411045674187092
0,1.1513572628206443,-0.03059973255551912,0.7449722447404075,1.8656927801565617,-0.8264282458660261,-0.7438376676045648,0.8452551110194915,2.4722287539865064,0.4777586740486243,-0.44227378208275675,0.3098109738749061,0.5223472493445609,-0.21481480904315187,-0.017800207763310982,1.6563730020287313,-0.8820913729797878,0.48856909763578904,0.08334831717862218,1,0.43283002572089,-0.5600725669055767,1.1039626046481759,0.11127934079294241,0.5974820032734927,2.0065613830535427,1.3366234033118312,-0.05135931517180081
0,0.8571165760065671,-0.10167832904989949,-1.2380939878953023,0.44760151683131466,-0.3979547797563246,-0.8848168916721426,0.8248007730383159,0.7027758762201318,2.1114616852793775,-0.45794222867688933,-0.4498470123516859,0.37673520825848095,-1.1676641972211057,-1.0976953619546932,0.12774799237112977,1.1567184692033003,-0.5969736853399239,0.7098807819018034,2,-0.28662715524671667,-1.3445742321228942,-0.6239640611896209,0.018317601390329605,0.16339894826350776,-0.3953468371477621,0.006754724581519822,-0.2116938234773938
0,-0.3495410801322443,0.18945829190935348,1.1133380457292847,0.5243678069253926,3.090799007448209,-0.3832151627435729,0.48049006583271253,-0.14289913842088242,0.7195731605781954,0.006930376868620636,-0.27865793256777144,0.13157609520855573,0.6038715554129968,-0.1402842367877159,-0.20729066990238199,0.45146690222504127,-0.5039426078567053,0.40705410497558725,1,0.1771796703031402,0.0495260355228596,-0.2885537992627769,-0.04747250367470006,-0.9740850845462485,0.8223514969408303,-0.5833782585716615,0.6343423229203202
0,1.4141709446269313,0.1814981158179088,2.417523702439233,1.5320362624519572,-0.33545511754687346,-0.6209766178031999,0.45858758059436633,-0.5499223136635131,-0.16112268575672095,-0.3877961170035961,-0.5609008782117462,0.6132835799752479,0.13087572821785406,0.1267768541528324,1.1457774603857211,1.9126206452620895,-0.3134999223573505,-0.11338350284076132,1,0.01239019941732361,0.5069121106719059,0.48353894079050225,0.026939131800482588,0.2041379811490065,-1.288315184569076,0.4057214426045026,1.2062641686346487
0,-0.33148061495391884,-0.385896400249389,0.916876474947285,1.7456920732072365,-0.08653095642744263,-0.23641146258008594,0.4681031495760284,0.16030362185406793,0.10192199459288598,-0.6975262186948787,-0.06523844714994734,-0.2876919528806095,-0.46800402374517247,0.017738020167220037,-0.0513221818688403,0.47772166170292174,-0.09128145421200227,-0.34977890701784065,1,-0.9520188694525586,0.5525985625086691,1.1593346584151267,0.15385891360170603,-0.4076539561195097,-1.1288644120807036,-0.814823552488589,0.5727072511460675
0,0.8735795415148586,-0.7413617801760859,-0.6103400084424346,0.1526324332936806,0.12031188363122416,-0.9998873620451545,0.8997135894878046,-0.05996140976250727,-1.198672882619739,0.9470084196338904,-0.44753002160923344,-0.18217549989319531,-1.3889920201760946,-0.5507206543943642,1.0867273173852867,-0.18971071866477562,-0.65175997996054,-0.3969424506180879,1,-1.87737378862638,-0.15439111923622773,-0.837083612328585,-0.04196925458630687,0.9326864231872974,0.05385652160136842,0.19484589528395593,-1.0128329304258115
0,1.0217826787378532,0.17699742418413114,0.9730587259144603,0.5402965869242364,-0.5043779454106091,1.4192224006686631,0.6632687559344448,1.1378101076791,-1.7812159398094023,-0.46787584038963936,0.16143441667946407,0.8908385948534228,-1.2704764260426826,-0.39144211169413634,-0.9612278095964165,-0.5074562284166997,1.1832724333490963,-0.149806596632953,2,-0.3443719020116198,0.013704633808151567,0.8826938151109474,0.018208216158290408,-0.3594563478581557,-1.1401783394413005,-0.3597939822205407,-0.8470633462117554
0,1.2932235098084846,-1.672398651655263,0.9942288050219107,0.39046245527861645,3.375175201957882,0.6829949686401762,0.6315096542962294,-0.677168628568059,-1.640281552796568,-0.4139364932223226,-0.054845169072124944,0.34954889533469397,-0.8766635523529347,0.23255184558839204,-0.14642460047500805,-2.40310150386084,-0.49225676382832095,-0.24627329160364128,1,0.016242453542784974,-1.2180707285025485,-0.6963919935350661,-0.0941010962838953,0.5286464608429384,0.769142231515106,-0.5997448145885156,-0.0906854586779463
0,0.05038465854052457,0.7616602745005882,-0.38754305241529946,1.9277246866902753,-0.9494219053407738,-0.5886452931627569,-0.9563378058313153,0.22808795650380936,0.30024493284183096,0.3773587780965474,0.13060359004347238,0.9073053240515168,0.05788800759523907,-0.5806977546130414,2.091773517118467,-1.2015323446976556,1.8083589097997017,0.10372402277447468,2,-0.42557362146088124,-0.24867458974164797,-0.5998253844310142,0.05722822923296587,-0.5257681359203072,-0.5634714715521593,0.4519219866697328,0.4093519592584287
0,0.982681733936223,-0.5239864070642469,-1.0272623326540273,-0.13137058692257553,0.648437270674643,0.7654527784239916,1.0293948744932526,0.11281746669664094,0.3856786358020714,1.2852968251391235,0.4848254418965767,-0.13029842930418595,-1.6982046398587736,0.371560337887055,-0.46097808257980133,1.2470077768895318,-0.5027509314954272,-0.4778589256482067,1,-0.8953802123648136,0.7524946718490322,1.6274075975101003,-0.11450223314657015,2.1799511762588786,-0.5165895618941231,1.8297570771817258,-0.6370092626473524
0,-0.3744583121612102,0.7758058380938403,0.07830954692536884,0.5650607289726213,0.10067144722384819,-0.28947187400677665,0.5297446870950546,-0.0028759642633935864,0.2587220672705487,0.7508141079739808,-0.2498732693547126,0.21054212244257753,-1.3826924694890486,0.2928408601327158,-0.254310526114052,-0.6040100843128946,-0.4052042989573143,-0.18340346133948682,1,0.4789483330770279,0.09555353180784376,1.8512345218487956,-0.01001331610354838,0.1527461237968823,-0.10639491026412821,-0.5031776246968405,0.9197751632139033
0,0.7125951535176056,-0.5590196609122327,-0.08157150168656976,0.5288195453284897,-0.4489040881438345,-0.6610505098249596,-1.2334891554562453,0.08831017775838002,-1.5842426171767454,-0.31501830244150686,-0.7870085423063671,0.8487877467193388,-0.04747580008688963,-0.43359730836912486,-1.3433089146760466,-0.5505984661722623,-0.6500343167397614,-0.053362103642349556,1,-0.7020019019921526,-1.5682300582705273,0.0993447867523864,0.06218998685415965,0.32959302568701676,-0.47434483562886515,0.31898600056454396,1.1508166269833935
0,-0.689027759185931,-1.2487898054686104,-2.8656139210310596,-0.06151199354207836,-0.7341723515304595,-0.4304479280197214,1.1013358184258184,1.8135408636705228,-0.1540241255246626,-0.06934952541746946,-0.38066068154235955,0.20701929730243174,0.5860106587464726,-0.8479941541765147,1.1343949869041818,-0.9749943838974007,0.17708949085293565,-0.20838420374246905,2,0.19023521610207722,0.35799503233472074,-0.45224955690173274,-0.08134386322940472,-0.7221745003988846,-1.2335576207990464,-0.6191548817258549,0.9362885439415465
0,0.043719694763528966,-1.02747263063746,-3.4042073752226933,-0.10499992996013163,-0.28335853168743086,-0.5044051225487246,0.9076113716440177,-0.31900191948023837,-0.7488257160847495,-0.2352339764248695,0.7400317824168805,0.05445598477955644,-0.12623195676000476,-0.256737823608129,-0.20593746450027528,-1.9573610509963126,-0.65175997996054,-0.12899937673447467,2,0.22873589959590146,0.41799580945367,1.667959727418718,-0.13858845242106,-0.4063882494038439,-1.3524091241044136,0.1839497990454462,-0.16486684842684649
0,-0.6718820149911292,0.38684463740342573,0.6170026323064413,1.3003354342750022,-0.23816898027769404,-0.5900775222953504,0.549109958181694,-0.11326895897908784,0.7139962875531531,-0.07896855353739463,-0.1822865731585623,0.4434358921268325,0.26169262238577695,-0.0190286757696862,-1.8769995349964095,2.539759721930776,0.2395701021286648,0.39866469803169735,1,-0.9440174754815118,0.37914503633003527,-0.790850726794359,-0.04721640575333624,0.010861538062674092,-0.3052827542260676,-0.8570917962812329,-0.6469316665167174
0,1.4198223701213286,-0.21035332725986683,0.7789399798745212,-0.3432843621008851,-0.9584844949604197,-0.7214127442071939,0.7807503858896878,0.6761994732666347,-0.3343302936498821,-0.13787211923280251,-1.1370903179207619,0.2819526659389074,-0.9458785025624085,-1.2877191934576004,2.3510990936172456,-0.8816882911862305,-0.4839603162124945,-0.5564357561951131,1,-0.2700284255719464,0.22061020976435378,-0.837083612328585,-0.0018536613060212426,0.008805958588492896,-0.16425793366680058,0.8313177615043412,0.47532110235403346
0,0.23012148055128545,-1.4047990210549117,0.1193144274368737,0.27581079108042084,1.3223405419144678,-0.6635880080638789,0.9094360459483188,1.4976210692512388,-1.2259234273558053,0.35322337784435687,0.4880814356806972,0.29708907747147506,-0.7433943807694241,0.04183323902462588,-0.0667882111803351,-0.7703461818400852,-0.282512286673989,-0.18246112942406162,2,-1.8056222865082905,-0.7881477911568182,3.5427703326258086,-0.07155518709169811,0.04484924419664557,-0.5581142941438907,0.43535067316835774,0.019547297445843742
0,0.5150724488587527,-0.32759269368786614,0.5323431757576915,0.4300254319733483,-0.4117696742017118,0.7372077662370713,0.9051225991212339,1.516641022889618,0.41364222128783695,-0.3357040068761423,-0.21692000567085035,-0.16827138007812317,-0.6327426103398557,-0.7321890535242297,0.07728978991941404,0.8320749158964251,-0.273701217115902,-0.20913745196015127,1,0.9377002353992591,-0.7126112313329274,0.16927055251519108,-0.13858845242106,0.34523910134645014,-0.07973206003431077,-0.4984960403302817,-1.3879220988769259
0,1.1205363177669287,-1.8875707236728065,-0.44134391066383455,-0.6248091758111913,-0.04592837836807079,-0.4466030992912855,0.38862615361073655,-0.4487156867754115,-1.2457833726941003,-0.19023537694152387,1.0885395284226322,0.4568084333701258,-0.12139234041822466,-0.003703123803176722,0.9849342197726956,-0.22671880681672518,-0.65175997996054,-0.37291511979935976,2,-0.027113742842983263,-0.16914399349188391,0.48382907579343515,-0.06452031296615841,-0.23961557611084627,0.24496567132535024,-0.0526572880606615,0.218628910422891
0,-0.8279165458832722,0.36374228501649913,-0.5594949351659796,0.22426089828043289,-0.5427627874249166,-0.7377347602896449,-1.5960424098453845,0.7861820021768657,0.8241760053967366,0.22174718206397992,-0.4917081616958673,0.8109358743636623,0.9187625652138594,-0.306327606285669,-0.3275187391331194,-0.15598407097117517,0.3854631910026517,-0.45250442180433115,2,-0.3721002328711678,-1.811479394526316,0.3949666337547039,0.13603025278321018,-0.015178927866523362,-0.34504679500597,0.15270215610728563,0.11825694147815438
0,-0.8258244660151988,0.3912953198667338,-0.6628746126407601,1.7506141961270616,0.08501844802236957,-0.41872095104300117,-1.034308408044733,0.5397309766014639,-0.29402487297868607,-0.4763715812667795,0.5980638404574286,0.9362874603180575,0.7973317971113727,0.1229846373984057,-0.6173879886570737,0.6280504094729363,0.15399734252353267,-0.35337423805961865,2,-1.87737378862638,-0.8610026604099242,1.4531629648305473,-0.12596165890074934,-0.2202344036462438,-0.317667216431514,0.3055307431781136,0.38064538056221353
0,0.04849681895672742,0.3700622922954009,-1.734635739128676,0.2029200408456819,-0.3127306494735681,-0.24695486739827488,0.021018531318100164,-0.24780137245452713,1.1318836691184941,1.267237271883007,-0.16871524445542763,0.5724686933719114,0.47762397556970526,0.04279128675120003,-0.6915761032136669,2.0353887574545806,0.571038930470602,0.5650956633574926,2,-0.6216068625740656,0.47546741103129664,0.33513942040215816,-0.12733198676192264,-0.6882899471925563,-0.7909605682565318,-0.7154506180892612,-0.2696643933279794
0,0.04626369938155611,1.1441312014471716,-0.6672598136949226,-0.7496400020673631,0.9954384219248358,0.2893938717985992,0.5555398651033547,1.5459283374143813,0.744769382545831,0.02346906800890236,-0.2756591341728901,0.17386002399658973,-0.7443485846378438,-0.41721659693827384,-0.5170297048335677,-1.37481714187857,-0.031421734810531454,-0.24776978556686782,2,-0.2377773383219952,0.15362917268339882,0.9541733649521843,0.01092869984750959,0.3009828093966622,1.9062601833487625,0.02446409138636052,0.5977189035763364
0,1.3242275394541316,-0.2808987863746176,0.4745504147460306,-1.2762558108808533,0.30636373504361064,3.1219223350708774,0.3931919551467859,-0.8925020815919145,0.2350130027375661,0.3942621155540721,0.7596742926577307,-0.7722325301917158,0.4239063690986773,0.6243224343637493,-0.11152550672758299,-2.601846451272535,-0.22961143111909643,0.2264417276825863,1,-1.87737378862638,-0.8687566224883732,-0.5976452673462809,0.06541000855814742,0.07039552273085736,0.4524644750423418,0.7296141858782772,-0.9099858857026386
0,0.5680668949250842,-0.46045308017944353,-1.845905732653966,2.2746974978856267,-0.16235914979270144,-1.070979117602345,-0.3181119944681488,2.3020568375352295,-0.9776689875936665,0.3529316364623071,0.650362474845112,-0.7917233844414893,-0.9532708173025224,0.17549996924580083,-0.6080291529516524,0.5495886742081943,-0.581867302050668,1.1714738742605566,1,-0.8673050579845212,0.7827010170692748,3.1825284642781213,0.13807316024627195,0.07546575327813636,0.6649464295744564,-0.37029262683451925,0.8801861969492024
0,1.1227194150585238,0.2638715723389881,0.16188855599524243,2.4767665321295658,-0.09792147626843359,0.6321313595505362,0.5127818461147106,1.1935885267274142,1.4502109044157796,1.1307111419232332,-0.5490154106025197,-0.12415964594534094,-0.31383482744480606,-1.0394345055898795,0.18047638725823734,0.3109185233783659,0.27921483036211475,-0.25624223364691995,2,-0.44049895621728374,-0.8759963030059074,-0.8066746378921889,-0.0011382240441768082,-0.0759183634591932,-0.8953161749865772,0.16585879711614673,-0.3105502988331806
0,0.2068377511495653,-1.0798922624055989,0.3413197990333112,1.416958648839202,-0.4205828949880744,-0.07050254460865157,0.7915233635791785,0.097470823499968,0.9516091469063621,-0.22314857119355816,-0.5480959216477549,0.34001218779785863,1.0006372102816,-0.7175404645892888,1.1993519624657336,1.2031779326634646,-0.4596596791522642,-0.20877730899301397,2,0.12175736625475561,0.663023024558144,-0.42399128336996483,0.014191701210404493,-0.09548167382708042,0.5140551127550518,0.17637575655461185,0.6097414407660883
0,2.24867707487614,-1.4140975885841798,-0.9041151317099398,-0.17637191044922707,0.627247807396057,0.10109234035072118,0.5245532700487443,0.682661426133044,0.28629542814023196,1.5280787605485693,-0.8592178267463282,0.3049821447686207,-1.6635273530325776,0.4519230435912523,-0.624022730340325,-0.37324536793496355,-0.65175997996054,-0.16928152682079212,1,-0.6274631033223055,0.6808411293478575,-0.8067359360461474,-0.13858845242106,11.316401414375214,-0.4618301864214023,-0.28535807179009076,2.5207284056839008
0,1.8696715987605201,-3.879599912082077,-0.9222251469184399,2.376699832893271,-0.5389279140108733,0.30468744372540835,1.1099515647953062,-0.9363343809098683,-2.8040064465394554,1.0488242722353645,0.3269263403229728,0.7564097300663621,0.495026860432192,0.38090284279583886,2.6913628372868974,-0.2789002787479103,-0.43135497691330343,-0.17232567847163394,1,-1.4126194924119315,0.07580382032363897,-0.22508626200235077,-0.103075469807489,0.5015055119109333,-0.0952706376459227,0.2516651843747785,0.6957490559987645
0,0.6068419577569387,0.9251149672078276,1.301836100157056,1.4989503451455672,-0.6335472991799179,-1.061358866871978,0.2153428989448849,1.7465428766820794,-0.2840035123882924,-0.9528801772411454,-0.7105894784560298,0.1562912483989341,-0.09009116393296607,0.07090664943864866,0.8336035118111419,-0.5738851192455294,-0.07342422055591828,-0.5575042936683179,1,0.07753595907863145,-0.17374392826801555,-0.6974147522667185,-0.13858845242106,-0.2764464583422087,-1.0562502533155143,-0.13472602168434047,0.9067791933183198
0,0.2503737455916478,-0.7965732007243134,0.6988162385648478,-0.011827166688953339,-0.18423222955455906,-0.6190008924265827,0.8873009551130906,-1.3184165768615381,-0.20943226603854215,-0.5772546635043982,-0.592343371431534,0.5118018949699721,-0.8896056183450862,-0.5090302741767887,0.021086615221291183,-1.0101946907202195,-0.31981781980240664,-0.27494498445437615,1,-0.42623849830742255,-0.7689162578531319,-0.4379044121655384,-0.13858845242106,-0.4433767327096721,-0.5210776190105972,-0.6336925779904147,0.06759435711650835
0,1.62228743653285,-0.5096605744694636,0.5169108029196483,-1.1676109456212653,0.3018852505671602,0.1696264809167926,0.8527972068814526,0.20542501135548197,-1.2152975597914346,-0.0024652649617371014,-0.7976165487850251,0.815245595132779,-1.3129675491585027,1.6064492884479162,-0.3901279560759182,-1.1885647160994894,-0.65175997996054,0.0902815411990171,1,-0.9438879090759369,0.07170163381419419,-0.23171436938971757,0.04880614638340014,1.2849828918163761,1.245006231246652,4.276906179756592,0.1329174248599948
0,0.19290879643309733,-1.0702003383224916,0.510024533923032,0.5441230700305989,-0.1241886116503404,0.11259185561533536,1.074236227888341,-0.1826964979402893,-0.7366131848301583,-0.8388431103732015,0.5791104817277606,1.1844232455649235,-0.20473018166715523,0.5149507252240657,0.957086213551807,0.5196974506150882,0.3882758287012752,0.5523955232309751,1,-0.5071846972662141,-1.203095828571802,0.6379917288365924,0.20467043625423872,-0.228299308946946,-1.6312361621517466,-0.5891663371752276,-0.029585620097630688
0,0.004809545799241199,0.06011572486617589,0.6217381298510394,-3.121333161283541,-0.26227048382106605,-1.176580812529534,0.7386226205675084,0.6452882551639626,-0.5505281416659117,-0.5821486873915283,-0.325141590329104,0.0012918953431362012,-0.33148876273359373,-0.2985910965839013,0.581345568026316,0.7213900221838961,-0.4813418370600358,-0.2637130695175478,1,0.5986204473843308,1.0109215555995277,0.838737854951744,0.24078378535711634,0.7674331012248232,0.21129914903474534,0.6756666296264476,0.364475775549716
0,0.7081395238678656,0.21942389737776663,0.8566397280541053,1.0674697513131222,-0.4709468315337426,-0.28317574954177244,-1.4226063358697105,-0.040066500578730624,0.5830602596717609,0.08196563464187756,-0.6117846905561555,0.8701845239084682,0.5307101365744753,0.5623709578541124,1.6653002144250482,2.5153350844256677,0.3785240853050211,-0.2720608308962792,2,-0.7894372925423795,1.3722049135318186,-0.4929380753573799,0.03154817049403773,0.3895625621600043,0.44002877169677657,-0.4654882585787195,0.7874663017081238
0,0.9951899155489778,-0.42978601031057845,0.5280882014740366,-2.0231013435529634,-0.6694780335704709,-0.9917026251081886,-0.966963869546535,1.2327245908456466,-0.5312896073883246,-0.0463367524708615,0.4733572983285857,0.1375793054030648,-1.4954562363192865,-0.35835342341254595,-0.6049539501839876,-0.12074805343455941,-0.3604039239690401,-0.38166636173415613,1,0.6607831483629368,0.46055591394729034,-0.6639678695894208,0.04282501961323086,0.452106567317124,0.5435661176939178,1.6587989929811515,-0.04816717001481477
0,-0.6957834991840169,1.126432247758367,1.5213869218999911,1.4387451920179906,-0.41259306819278124,-0.47626175337769894,-0.9378632631018659,-0.32455217640990397,0.5837566643654613,-0.6384204950273694,-0.6005817451392554,-0.2642057983594611,1.5933521171005869,-0.7045644010232383,0.1345675683516409,-0.1852398328376319,1.4084569524757802,-0.3241857020920198,2,-0.22366506325199106,-0.2526911751656712,-0.2863880763763732,0.08005859389058508,-1.053122064267833,-0.12050485196682265,-1.0515537268460506,-0.19251077778828113
0,1.0708555886190132,-1.4497059928008538,0.6066458209361594,-0.05808528943616653,-0.0025800171123961935,0.1961579626899823,0.8703443738870762,-0.5852976702841753,-2.8202683107916293,-0.39663053143713023,0.32112926642100326,0.5499629130974533,0.007805027616751725,1.1485510971392898,2.5352283272131233,-0.8824966230967417,-0.45122577278176346,0.34498121038285545,1,-0.8860814200414573,-0.9247859848291509,1.9490955341529534,0.20381597264867035,0.0461618034990466,1.3141103966246277,-0.5068100347447363,-2.29861741625371
0,0.8180237948204093,0.618119632757755,0.9914229121834046,1.9361051960900277,-0.5319817240774529,-0.33043410198017015,0.9225580956362397,0.3918377538200566,-0.3825758833623105,-0.5940584348618154,-0.5362962583272745,0.016129415652482826,-0.7332896966993592,0.1316857206981238,0.26189238271529636,0.8760641635244326,-0.4319781937198638,-0.21444779320224724,1,0.23865083921312455,0.5033362686761588,-0.7619426833831495,-0.08871001626397636,-0.13111678927386933,0.04520101185963543,-0.26770040721299204,1.0953921719857842
0,0.45918008493041773,-2.343604156841228,-2.550645330701694,-2.0847985984283817,2.964719698915097,5.136752562788393,0.7765811779088456,-0.8112640929335468,-3.0934712537258147,0.8286383392691236,-0.17877510855346923,0.18687471496350863,0.41910363046696864,0.6726420931325224,-0.6902570114203411,-1.1909121358730763,-0.2563647653167648,-0.1380274263865465,2,0.17435804906283414,-1.3167909603193746,-0.373022192080923,-0.1110316442775153,-0.5388674695365053,-1.8609919392535716,-0.4847441595286822,-0.5982087136997081
0,-0.6729083717865495,-0.9240874874806655,0.5160376132413851,0.12686549004518644,0.18842757299270807,-0.5762223237147248,-2.201043867578397,-0.9316624722786293,0.5390029911974186,0.14660925659359955,0.2867958733308958,0.8000016548412701,0.4491412594462346,-0.7133242444628889,2.3847300370547444,-0.3989250887166168,-0.06108538111539019,-0.32491702942427036,2,-0.2105381650004647,-0.14573115295964417,0.5436135730413795,0.03251725251532922,0.2007044098097762,-0.3477891323056843,3.799281498788182,0.1474812386868958
0,-0.3857654682826662,-0.06144824833178897,0.4578402041222593,0.6877014269815936,-0.36891535110839935,0.21359807726513821,-1.4587415342631571,3.329317741307362,0.027062380115458466,0.6055892657577567,-0.07188554426162791,0.459335750107711,-0.08733185206898703,1.5118779873872281,2.591492496770405,-0.11731656935980816,0.48420532467941224,-0.49063684993360424,2,-0.6999794667290825,-1.6021312724584886,-0.8366249499923251,0.3370837593314491,-0.5700653851657398,-1.7389849410607612,-0.8274466214337832,0.9005689078491439
0,-0.1380471093920445,1.4913510313868181,0.15898323761103728,-0.181349167894707,-0.5129705490400187,-0.26651129645921867,0.6499859187258071,0.6951603495409113,0.9249010733947315,0.6958078302746206,-0.0251864142694512,0.6030895640699624,-0.01039865605382806,-0.0015417921290493408,-0.5735281254842319,0.4474864525086246,-0.46461163881939416,-0.3140270402722976,1,0.45272144489270194,-0.7267366357966557,-0.7359439374010407,0.004856085405831483,0.7664222951312492,-0.27821030771479127,1.2926490925579348,-0.19786802862697514
0,2.24867707487614,-0.6060834814142958,0.1502251891689516,-2.0711531605919977,-0.017192490766854363,-0.5037309923867304,0.752625262297815,1.2882003874720245,-1.2999779598436991,1.0579178199694224,0.16408257502514711,0.27495186859328496,-0.8273201669215473,-0.4746221814685509,0.5067974334326971,-0.6974590512824804,-0.03508832676652476,-0.3047936183691159,1,-0.015519229636122622,-0.7557117152744933,2.6043734716563245,0.22069503578554797,0.7928617219234277,0.21622522307247505,1.6433259770784936,-0.2549168030019277
0,0.2780846616736603,-0.17668870475148024,0.12618876167843984,0.5097133103933821,-0.4965575527254632,-0.40001246814359154,0.08713226292976106,0.4811328772221421,-0.08719412261593856,0.9497774988443876,0.14258730190453112,0.3400875444024115,-0.042814536203184095,0.7462228477335062,2.7109551133346446,-0.20678612514691874,1.7595910983231287,-0.6717845167500199,1,-1.8495157800374156,-0.4042687032541502,1.2391969097063262,0.07662798017224173,0.44892926859200155,-0.09981138596326644,-0.16747719661639066,-0.4411002281533183
0,-1.135727942896728,0.3948510962177123,-0.9380513643582495,0.5404818142319334,0.8322768860883102,2.2548964658490473,0.46984153602674417,-1.3829910868648048,1.8936081285669126,0.40845500142005076,0.6340944409829823,-0.779925851541631,-0.4337073729447106,-0.9006456908881295,-0.7491910118907059,0.07181906452740244,-0.2289913320257343,-0.0004825465989348743,1,-0.13448002408232693,-0.15709543756087516,-0.6345127408141882,-0.027019431926557636,0.6226999780111734,-0.14287872046414296,0.5798129228174771,1.5734387238755776
0,2.1762603780143714,-0.7835169064187762,-1.222680568626251,-1.5500058898544111,0.20144063096249662,-0.8077163095054383,0.5533514902559487,-0.683827943406528,-2.0613983941042138,0.8424266413724006,0.8255574922915825,0.8840209782220886,-1.459534083642229,0.7017257166444193,-1.097013889637576,0.9373930076736475,-0.65175997996054,0.5523874367117442,1,0.7362018346180379,-0.7160748301311338,-0.7462652293226532,-0.07761165544027046,1.1029720250013182,-1.2474230497493712,1.3489148754081197,-0.7288914030750095
0,0.8776001666440543,0.21374797677105947,-0.18169336222025323,-2.4611849107819888,-0.6695323575018814,-0.9337036899050921,0.5902353028823648,0.29742144943412907,-1.1194217674989306,-0.06756337698104248,-0.24740236600156618,0.40390713102915293,0.41005188746957777,0.03145824640062271,1.1071519179038576,-3.8576415891291447,-0.3447700576765167,0.037379388109543554,1,1.302346502746225,-0.0008038064571778969,-0.31838478189941977,0.02719849370225637,-0.6151740613982934,-0.1738401869632638,0.2528577245253817,1.5933261913745995
0,-0.5612443928829312,0.057573096986259675,0.8089537929726327,2.21416264281739,0.020139942492597984,-0.46172398304231754,0.7226369007883485,-0.24838504465760256,1.195051097898117,-0.9059224193573031,0.06443015943821151,-0.1912630817875169,-0.2890916379501872,0.042803305565971506,-0.9472689327114131,1.0480665869106716,-0.03414770526417646,-0.1514079726331649,1,-0.8674310658087595,-0.07490604851593388,-0.45139304462283153,-0.09278791657392044,0.5378000578325757,-0.5103645522334282,-0.3354850644351244,0.4804848045744677
0,0.7751255577791656,-1.5200220968974891,0.1072643119073973,-0.7816827814986708,1.2523685182108009,0.2681678559238329,-1.8891881182381067,1.658822809549275,-2.4014610261980294,-0.13208000902589817,1.0136222499853185,-0.19612565340153304,-0.32889599392622704,-0.043282997295241654,-0.09609624140397932,1.3870232391618798,-0.5822199932143801,-0.04324769736482015,1,0.006828246078391165,-0.7018475710441057,0.43249854070753346,0.07583430877821433,-0.19472463983826377,-0.4643732629382979,-0.19832302637728924,-0.681178105106923
0,1.989648289665912,-0.508133482547023,-0.31546906320386026,1.4806530303427226,-0.22472684130116985,0.3057940922409058,0.8926350063925619,-0.7455949161595252,-0.7406648772845958,-0.7523568450247764,-0.7098377451309369,0.17438771026797345,-0.8875773116936845,-0.4570790537816346,-0.038434017007120014,-0.24729175688317595,-0.10933140083769019,-0.09949856034852064,1,-0.8057461431030336,0.04333010998843223,0.05840980907298832,-0.02381686903586258,-0.11865414685056774,-0.07735351247824906,-0.5643440786499199,1.0861766036268576
0,-0.5288111054817103,0.4950118747279368,0.5618635567572285,0.543368714348416,-0.28564806746563576,-1.0887325083813735,0.677912525450225,-0.008682587211390924,0.5619256760593839,-0.4701433392156279,-0.5364806056393064,-0.39644349822495173,0.34603175695078797,-0.4470993274517968,-0.7843067869314475,0.7212572416260474,0.30765858460744344,-0.46058710291393923,2,-0.19275341209080507,-0.5601098320276031,-0.2479731420322823,-0.03592418718412843,-0.4784945971680099,-2.4148166829640423,-1.1261803449543966,-0.833087872744009
0,0.3225998291129959,0.224131566391236,0.514996509473634,0.6786040349985277,-0.55005147433169,-1.178571570905231,-1.3489188233594278,1.6453295057609574,-0.46614706515319737,0.07738058540985082,-0.21389969176615295,0.5092577838572665,0.5136977668469064,0.038158575655395044,1.850478638295114,-0.4953267104197584,-0.08367369401523278,-0.5201289231514665,2,-0.28124540921292807,0.29676343587224974,-0.4947571152871808,-0.04799102742525488,-0.305019917949626,-0.8634286082695479,-0.654670399348389,0.975153438766752
0,0.4886715002740645,-1.0032362033069844,-1.8549343429021057,2.3634868190608174,-0.36577779230845836,-0.8374171251319207,0.9055948314612368,1.1238814900406895,0.5321652946212868,-0.19838697335444205,-0.5133115513467124,0.20048572957255495,-1.78526162662461,-0.553137912857564,0.05849556025459696,0.9559769522916511,-0.65175997996054,-0.4099271091386695,1,0.07439336883274433,0.20355642526799445,1.0930209705899678,-0.0012131241958305908,0.4507014687577712,0.19674910105244742,0.9587356690364391,0.13022451779554375
0,1.5437339268176826,1.0735128803491936,-0.09468923067901319,0.11365367992217967,-0.35235152471076225,-0.20637772364685963,0.9646875823908598,1.3239572975599692,-0.3328752331459891,0.6680880697291489,0.42012154602875507,-0.21695985521286504,-0.8380914137133382,-0.4569020806876911,-0.18751094668533289,1.3089119041700423,0.46619530854503954,-0.16374198324727035,1,-1.267333538019911,-0.4518951087820191,-0.3323200501320168,-0.07755113725690002,0.43103572801315265,-0.860987362237104,2.7901207719511056,0.6689167382462922
0,-1.1929441040526818,-1.1011425620898847,2.2183536411206424,1.3756965386357298,-0.2603696873842042,2.7914183667586405,-1.1877457740086483,0.7772338609685033,-2.147264472084957,0.001870008966563974,0.13413393462461237,0.27344224606620365,-0.44645940497145664,-0.14520688045012986,1.665467612855379,0.09098864589844445,0.9175456326456443,0.4155585961692673,2,-0.3903455166443268,-2.276167625624364,0.661619617127743,0.09696770966934862,-0.9787017560998542,-2.7714915423106996,-0.039160881409923354,-0.1751841483653062
0,0.6943734708052998,0.7108806159141814,0.4749971166449218,1.7046593337744338,-0.6172567731393839,-1.1360911363563022,0.6423399109419747,-0.3252071615802178,0.25262688426446833,0.1684104226606019,-0.8299010566046837,0.5620124641120465,-0.4325889213067,-0.8217447948223935,-0.5861906094555983,-0.12743282828119307,0.9128667601388075,0.038869504597279336,1,-1.3937016410002951,-1.5737358258411382,1.4697197593784954,0.023523165094616702,-0.4898579928761393,-0.43840100904092777,0.09208682387792047,1.485702003379883
0,-0.2249603375449179,0.47445449183563276,2.1830644123498715,0.9094251040721246,0.12209943826029246,-0.9647096325651628,-2.3134993732079105,0.8730674399105512,-0.3281359898915966,0.07648459531058202,0.3462602678574138,0.8078376507324423,0.1082432285207908,-0.0666353240742747,1.4076818799009039,1.8668722438281926,1.4153081188939445,-0.3484060317368002,2,-0.7182494409488714,-0.0650480442996273,1.1603281067818934,0.28402352547708043,-0.6158012327111928,0.10984963441641282,-0.8321532000575889,-0.27890157984966735
0,0.8508563313194778,-0.5195386014847174,1.1686153958004781,1.247748223879234,0.04070784310170733,0.5261824587753772,0.7270644173111879,0.7078186062320981,-1.7601660188700339,0.7307995736596604,0.033972015538637046,0.6569697115112786,-1.5531078725709397,0.051807617833653063,-0.45863893565875813,0.6968860765124724,0.4437227393107149,0.8247537870422463,1,0.041936383135914274,-0.35881161645256493,1.0071554636882012,0.029694735072522807,-0.15119569781253636,0.5433874733941897,-0.30900642331585204,0.713757148401657
0,0.09055103227202677,-0.26876373419339844,1.9708612404234067,0.24588063551105183,0.06167549510619741,-0.6853262350219339,-1.5335141143003255,-1.5682950277826397,-1.810868698650012,-0.8451664821191451,-0.8887250793172607,0.6883446619575815,-0.5995481291964001,-0.7942353843856986,0.7052757222451342,-0.5515274885079908,-0.33052797510886706,-0.09605038797956258,1,0.13976457438060935,-0.18716666390055256,-0.6059765512388591,-0.09261406271395559,-0.18259003316102335,-0.11578724634533549,-0.7894537917900615,0.5255353570794111
0,0.8034654365537659,-0.5193625979324146,0.9591695352543581,-0.13813571423858018,-0.8358582359560487,-0.6991461780521331,0.8187150090211359,0.5910250922010805,0.7985837133135882,0.03827245560293713,-0.2591600136273669,0.09389304529830239,-1.6216545956376902,1.068532317023594,1.3407632122921,-0.48370003388734184,-0.05032062941341814,-0.6059054647810034,1,-0.7906634402109763,-0.8603181414435128,3.6612745637692443,0.08587181107935883,0.7995522298557163,0.3889611589877551,0.8080942442812133,0.9311920053014634
0,-0.3268623957312144,0.9949570823563929,1.3180998771486125,0.8607384189650734,0.20650272459964938,-0.4393567524304143,-0.5638639185470108,1.5625791458710854,0.5063778442243684,-1.0798405847187702,-0.2896926149517539,-0.7613235710335756,0.5064270063671137,-0.802052178523943,0.02287595360573791,-0.9840032729616346,0.16553257625722959,-0.06842813085011124,1,-0.8574265727457098,-0.8887866419883268,0.5903006910018551,-0.04627121140609773,0.1163131040887371,-0.648072782402259,-0.5328462402571896,0.5562402606495693
0,1.5560278457755543,-0.7100513107893398,-1.4671084480586796,1.1178190349210626,0.6866193207574759,-0.7221956666600576,0.751273001623937,-0.17014471374114448,-1.4901261541765258,0.6087763765805458,0.5538442241639182,-0.8382662640902065,0.5805920339005782,0.004037853445230499,-0.7982273002004765,-0.3530333822572007,-0.536484658487543,-0.524464077330292,2,0.21261669466266986,-0.7136456008919638,-0.8030782389196918,0.04192528258117849,0.47640911640787753,0.7707629649436121,-0.6949468469363665,-0.09473719753125309
0,0.6758877207642133,1.2243595268177891,0.6412089638566362,2.722881379352572,-0.25469590224794947,-0.11082733803038547,1.0132894435249558,-0.5022410094346801,-0.5183008094246179,-0.1625954817311067,0.46859414105578817,-0.08600052074548459,-0.8220173541609459,-0.07186280191604617,-0.9222005428348758,0.6220194312041119,0.24714841779988844,1.0374553096668881,2,-0.7335087454143498,-1.6820223194754527,-0.8138663035692733,-0.08526173605859533,-0.1080359143393464,0.9877081292629619,1.2497828967533593,-0.7374737175339074
0,-0.5596640856378448,-0.0761532149212596,0.33382372728399645,-2.868743617931786,-0.6272698254119038,-0.6340390633725581,0.5322747210970814,0.31068886524368544,-0.330510127831977,0.14039428855346037,0.6537211933826301,1.3360556039535327,-0.6051794165174526,0.14049382572587998,0.28141076986511493,0.47236706312455184,-0.15859968705845617,-0.4416112439146129,1,-0.26035829995978943,0.11945016319706397,0.16374376378913125,-0.030827114196772164,-0.505282798205771,0.749014841595439,0.3336841977076794,0.014335603640991401
0,0.6303027516536921,1.4328574806375103,0.07724912887453608,0.29314567910694644,1.0206365578187873,-0.5596908487971624,-1.9133416827926817,2.5706388257236323,-0.3876318034463238,0.35809110463433763,-0.4935653740224367,0.7488535296283354,-0.5600255196968336,0.06488402987853498,1.9331319307701287,-0.8846111604986974,0.52413474062715,-0.4457829224381922,2,-0.20248822060820493,-0.43650153166048344,-0.21574727121562118,0.2657628663273715,0.8213651804827611,-0.16153187239550337,0.1468619724975344,-0.330992067818434
0,1.0332781389065002,-0.7852165531869593,0.23968143479535647,1.4855850465397127,-0.3568155808686333,-0.20520223815849986,1.2639138299833648,0.451681423432186,0.7765933293285482,0.6066262142178215,-0.2531055137561903,0.16320907631401788,0.581169265571146,-0.13703224439183037,-0.048583329442490664,-0.11409911121788963,-0.13023740459993266,-0.3736421265392131,2,1.1955555119851111,-1.5110610165068037,-0.837083612328585,0.09929419350421392,-0.2918857406908242,-2.163486048231578,-0.5319136470187359,0.9053268702351904
0,1.754395368309739,-0.18103408862906323,-2.0084417184358454,-0.9618416776529921,2.7539432097831567,-1.2861430963529323,0.44888373746636095,-0.23066539938022446,0.32637686740192606,0.4154885263064081,0.6730544714895705,0.34468955296135356,-1.5179753601153507,0.2963930960583059,-1.0854491807714868,-2.6164006833274938,-0.5926106930072516,0.0771001764322089,1,0.180868001982136,-0.029818413781142333,-0.724706084042135,-0.08454993779862675,-0.07449606014770807,-0.1831345338508813,-0.20481678745724693,1.0375361729249841
0,-0.17985144909681966,-3.2083103140155647,0.4463089572313941,1.843758877733747,-0.06360842224718793,-0.11123329153684591,0.9196463543677386,-0.618175145425236,-0.3148224491947586,0.8716857297741862,-0.039268029190113574,0.25164548482602567,-0.5775984809799544,0.5625800107408446,0.7023377323585888,-0.8134136695554632,0.49524367808611763,-0.664912134769096,1,-1.2481315080727091,1.1831000437063404,2.7054799686105397,-0.08513048833615579,-0.17539609821724578,0.24025669631315189,0.52081462144669,-0.07397868166218602
0,0.06985211602765928,0.11618606624075298,-0.3687542595189973,-0.923686726674599,0.5143092876616167,-0.4197084622881372,0.16316465315953854,1.2397095269382294,-2.884312904702206,0.3043296617230308,-0.49746151912050063,0.7727117752372681,-0.7046824883119451,-0.26800412200404145,0.8886477576950713,1.692869924744904,-0.65175997996054,0.15447525924438613,1,-1.2934502822196532,-0.02786862108124777,0.5393006659990024,-0.03766536514008497,-0.019637425071319076,-0.6800266984616188,-0.22899680838561165,-1.3880659997178375
0,-0.8774744712052455,0.8894680902468431,0.24272830594854972,-0.2583512397900655,-0.042575188960994825,-0.3522918091682914,-2.054790270451231,1.4033273679445726,-2.580009825489559,-0.5672039440491636,0.1046209150967784,-0.8542635385163748,0.7325378918669878,-0.13292924107079357,-1.3473696822770955,0.23798791438903255,0.2942821790038338,-0.12537672530131105,2,-0.3658477142313956,0.043164763478518164,-0.5222627504656059,0.020719095809146215,0.23011507205977816,-0.861499239222842,-0.8018192799417356,0.48384624844485125
0,1.775590740447158,-0.3146031701450211,-0.03435309416252863,2.6648895710294456,-0.6917117622378386,-0.8893493698796888,0.895220461261794,1.4165761351129404,0.9270886809070201,-0.387068860220786,-0.40650090540120964,0.9068289788933279,-1.5802929335372782,-0.5237515308793352,1.0754847048209615,0.6152393821429686,-0.09306865570267711,-0.02491476705122006,1,-1.1941719778598596,-1.4115479438056189,0.23083951571113898,-0.006451474214457242,-0.24566784462012353,-0.5135377533173026,0.42082685741143533,1.0634299154048066
0,1.1177212157731917,-2.063596108643347,-0.6855281435212527,0.1316644109336278,-0.15979754458003673,-0.9687490613515335,0.8791378299057455,-0.9634601274682153,-1.8905153332657347,0.394637034178312,0.4213914542013819,0.5455458244209884,0.28805468924382677,0.24685558101893895,1.0008695602053659,-0.4399562761301371,-0.65175997996054,-0.049503703985333575,1,-0.4511111801033439,-0.012435654301559768,-0.6745250190002943,-0.11185443209469789,-0.039212131588067134,-2.141612589968908,-0.03579464721030737,-1.719455970433747
0,1.3854960338737703,0.02797603090214351,0.808768417566253,-0.9198251197844467,0.22619696463350747,1.752032929734348,-0.4836696526778638,2.6474162077865513,-1.4400775952726756,-0.8004541811606731,-0.2852978198454824,-0.07914882126151179,-1.3631088496109276,-0.8671405933513503,0.4121476757726727,-0.6194859028206953,0.8604533325259509,-0.19280554228331903,2,0.35081626804856214,-1.4430470102782946,-0.7176135908805867,-0.03488172647688541,0.6851243968554488,1.2455252806736536,0.011930030766201916,-1.028191935368758
0,1.4945540085403137,-1.5453729090882742,-0.30879657871855887,-0.03263490202097171,3.4418125049906836,-1.1377528521718463,0.568348486247026,0.4285141769921461,-1.5974580526692503,0.8332475322735979,0.5776778833230592,-0.45469482761709124,-0.6683587903353017,0.45947350971195733,-0.9995190842922619,0.34646212928675224,0.03796165042804525,-0.5466422351702968,1,-0.7120662582005075,-0.16580482129939622,1.0086384360919785,-0.026570537312548128,-0.1109436145492711,-0.508666787265475,-0.602430874095963,-0.6926608544587869
0,-1.0007689518102303,-0.3070580338484897,0.5431489719026245,1.3217114686864684,-0.06486615692484893,-0.2970289110010612,0.9071423661632891,1.817459144631778,0.5308020017133487,-0.36923575178103235,-0.478163326330067,2.9739295301352904,0.5138869851005397,-0.6181216075724507,1.2059328198831627,-0.9826770254992607,0.02785880694753437,-0.44360292321386713,2,0.01386067021372106,-1.3004180556310216,0.7347867954107596,0.20756066386869412,-0.24334606849613005,-0.28756447941581353,-0.4821563528215087,0.3348312387003331
0,0.03460671344829336,1.5309181503906113,1.2943388302123853,1.5291299733992267,1.3972529405753156,-1.0617036366550854,-1.3379105491699659,1.2900421544756027,1.5016040667065569,-0.6850365287760632,-0.52080994350324,0.3763738652063436,-0.19872719535721362,-0.6662856954498546,-1.1895134034383101,0.5139747883520596,-0.42769181756658703,-0.4455495374183274,2,-0.3051581819867525,-0.5303166974510917,0.39929115955356764,-0.08856465870730681,-0.3890783334364265,-0.2933137301041729,-0.9384225610934168,-0.5878952618419044
0,1.1700538716830882,0.15908056908341578,0.021987598952747267,-1.6711610214778554,-0.6411192094740461,0.11074011611232243,0.6575468114838677,0.42906156577059407,-1.6041736360756378,0.3016499135553975,-0.19201775924053055,1.148984595200838,-0.9191142949470995,-0.5431188917783975,0.24395410312309174,-1.8520269287890752,-0.638896407717314,-0.04433413494553787,1,-1.4534228657004287,0.47886937813959185,-0.6533779093639809,0.012215052202785653,0.9097773283119215,-1.2034525361995907,2.99225013304208,1.8127910762358757
0,0.784097641388919,-3.4110569121795686,0.40566580769968513,-0.37148310438439913,0.9817404922490425,0.19982962889600991,0.9843402838894094,-0.17393233600020913,-1.9703586792755208,0.9103895666981856,0.9601830990563236,-0.3338801171505993,-1.0350714835513968,4.2621674909851475,-0.06694395457855348,0.05429693886538822,0.4325293768516941,-0.11493644061034147,1,-0.13703281460429728,0.23218826149823882,0.5867737975276052,0.01445784816762083,0.23053986794534959,-1.2386179537940132,0.6784893235272302,-1.6205744090520804
0,-0.05382338568555184,0.4715034280784422,0.5986314494297293,1.3193964810580394,-0.8613767439787159,-0.9490991861502155,-1.69353966705558,0.8659402880259284,0.46267962318066824,-0.3896657187407707,-0.5569478579844147,1.0576008635494054,-1.0174450871939005,-1.2464661163804442,-0.18245079722203045,0.4096544703858327,-0.4126318830045119,-0.23254223156832404,1,0.9090958332601822,0.2655241780016613,2.131368823709942,-0.042632082956249324,1.1859901921094025,-0.3503537954504295,1.751866648092951,1.3977078043702558
0,-0.6297236691171216,-0.04611885758152287,0.08327883137838188,-0.009618219792611016,-0.4627501425620772,-0.3449419675958557,0.5461044227871303,-0.7577198440517882,-0.14620481493819093,-0.4870074603130049,1.9284253433185548,0.539425257147285,-0.46705728565777715,-0.19131907412078558,-0.27725657581343477,-1.355971275819252,-0.3340162133651081,-0.11307250871153895,1,0.21573973099003907,-1.5647894988906352,-0.5895854513471733,0.03580653535703978,0.4427140862650507,1.4791495900103495,0.6747746040782364,0.5477722925479579
0,0.33330094372680347,0.36242822185300066,-1.5130056853005596,-0.7794998907266008,-0.032217676202029866,-0.14027878741012081,0.6455813968815043,-2.1056418525783065,0.9833354448178426,1.2384326582335745,1.0354118822294445,0.41334364059382217,0.2819492343828438,-0.3691930346953989,-0.9581786968549427,-4.251025206302158,-0.36565349128316094,-0.2013452113387268,2,0.37757992678884444,-0.6202021788650219,0.6377276775872972,-0.12340718717177006,-0.3403675718624167,-0.17768573627535833,-0.875509989887026,0.6726265855512756
0,-0.2386752234799598,-0.14531941651534064,0.0962546625416012,-0.28274345405172385,-0.46988385605712074,-0.7802513556574319,-2.025708483621289,-0.6370858333210879,-0.6454165631765096,-0.13960262103594084,1.2306553185487592,0.2151605770375788,-0.4911324526358439,-0.06365742229208299,1.0251939445796876,-0.7933178953121429,0.07218003015016514,-0.3913943542580342,2,0.01359375008918176,0.6810983881649533,0.8192957431998622,-0.02421161288698028,-0.8143665504003819,-0.7938773197330978,-0.7556469288629406,-0.3559553463895465
0,1.3627054130327427,0.5286052911143465,-1.2140899965566456,-1.1400385110142368,-0.1842707746945681,-1.1823495430403654,0.6503624561735656,-1.3657935882444163,-1.7712695079736047,0.5686965074900314,0.34331745266482655,0.6042047730047719,-1.5239476565905046,0.2974312903939562,-0.764187794844877,-0.588872753371143,-0.39670316347084994,0.4223730345735329,1,-0.7219326713357939,-1.5372971078615014,-0.837083612328585,0.13693994980464227,1.2470150115071543,-0.15332390283920405,1.6308642169741066,0.2584134828404443
0,0.338690781694898,-2.382948460144628,-1.5322134563726952,0.6251559155765885,-0.6819248239486904,1.138287579724973,1.098891830845771,2.7180864513050613,-1.2747006428611114,-0.48457042414683205,-0.35131447147889583,0.3052815143747964,-0.8757496601623191,0.3435360229441972,2.8036585833776346,-0.5718628451199264,0.07334316377295683,0.7340861799406996,1,-0.548141082540215,-0.05460312862108918,0.008037936787590239,0.04542450104889047,-0.684660672990799,-2.7089773779918502,-0.30235868251720266,0.551317834755738
0,2.24867707487614,-0.4630818454921693,0.9823948288917659,0.9975418067067487,-0.5976488647252037,-0.6613194202591441,1.0153832519992079,0.5498681365200513,-1.031637818165512,0.29087533174145985,-0.7870123010431279,0.06139679473850124,-1.3453850770805293,-0.3342284437604277,0.4632049167992336,0.061925576717199726,-0.5494424128150248,-0.35601926228806635,1,-0.7493017860201535,-0.5280303529755193,0.11821944955387126,-0.005245979991250316,-0.08240169043295364,0.8055908666165237,0.017179221938578126,-0.11238507166030048
0,1.44285239043782,-1.0062328276322332,-1.2721171385573966,1.134097584376285,1.843572479288303,1.1165988443097397,1.0048273489242068,0.7136049467527367,-1.326097509307719,0.48902635066335254,-0.026215431704730688,1.0609177508277776,-1.4684610786543337,0.09031434562850729,-0.9717682737958914,0.6538317539741911,-0.65175997996054,-0.38804304935531075,1,-0.23666196884622953,-1.237685608430172,-0.837083612328585,-0.13858845242106,0.49899883446960513,-0.4687181395162905,0.26275176003586764,-0.6928297720099219
0,-0.26801684808943244,-0.31995724546295984,0.9921739359324544,1.1328147937106932,-0.08101202601412649,-0.4177766136119345,0.48623526835641834,-1.1547505735896257,-0.2463377868297798,-0.07743467748922765,-0.7584998932278363,0.5264639189070459,-0.6667737974621828,0.7849475766017859,1.4143891600753538,-0.6104396346138136,-0.16131697810143503,-0.21489569616885693,1,-1.1888013672470716,-0.41886739146816426,-0.7662972718995272,-0.012680679163765522,0.24629109761792473,-0.2743573062176874,-0.3687001730541108,0.7006701334323283
0,-0.47724157643739995,-0.41092949930797396,-1.0283889775469954,0.62858957142599,0.4005378729836398,-0.8695008636083491,-1.9317011600409584,-2.4119936569124976,-1.3747524806838929,-0.48894144005876083,-0.09410408743002971,-0.6152137302040577,1.6995052823115662,-0.07301244439993992,0.23488493848723627,-0.6668468416671645,0.43198368923799974,-0.3451068080514134,2,-0.4511851018528791,0.5980376573649183,-0.7218669600009587,-0.005983955104898936,-1.09095311408826,0.07095350975547665,-0.7065438352765809,-0.6085433928100217
0,-1.9309613951202094,1.0369925294779003,-0.04222783911213546,0.48547092914917944,-0.651979042587274,-0.9149704978707589,-1.2102438401583586,0.8481888313552925,1.698157527847019,-0.2286890589531267,-0.35181208133443087,-0.09085482386403142,2.7311689242565933,-0.7441254587062822,-0.15880656864133236,0.915123597136003,0.7121227256884977,-0.24155968957386498,2,-0.46770219266182356,-0.642363732742867,-0.5945956722891377,0.09466401187455328,-0.7896607828868499,-1.2512816625265293,-0.27542921830991274,0.036255361393133234
0,-0.8687295862120608,0.46546826139554165,0.6989492102066315,2.260883765307689,-0.26846507889942617,-0.38221787198751767,0.9194106029937634,0.8385722358887548,0.5348079889202284,-0.42308634906509607,-0.13420037092386214,0.08124363468304147,0.6176945467592341,-0.8553901046854584,0.029868514344225883,-1.5339166216559945,-0.28572465765560107,0.010479898101636298,2,-0.16938301490871163,-1.4895718548826062,0.11399190903629997,0.23604604625284112,0.08969584741433698,0.8900848585621558,-0.446842253130024,0.1886257856816672
0,0.07921284214063046,-1.1677234539287888,-0.3805845723041543,0.43629980553330794,1.184163085450772,0.6408913127499514,-0.5716164809226513,-0.5674692433011157,-0.6387514812252154,0.2288248705975698,0.5032748982007235,-0.21535552100086947,1.6189074442449056,-0.7686130713622958,1.0411340352397456,0.10602517193960956,-0.23814756696354478,-0.36501067518742447,2,-0.8120315455482292,0.935657899952268,-0.612176587450529,0.0180223106276753,-0.21420557392647432,0.33425364979486766,-0.8347555102529653,3.6184432984080077
0,1.771299352905873,-0.24668111521073932,2.1757992433875053,1.4614464192474803,-0.6206067440988763,-0.6042667445194495,-1.1338187794159809,2.3958547092264997,-0.9148113325094693,-0.0005554236916345545,-0.8032825283143143,-0.5435886735791304,-0.8721379751236951,-0.5947991159512769,1.8562684485894771,0.5621013216263497,-0.3558438911091489,0.09476851882743001,1,-1.4801280181990637,-0.4209779026100533,-0.6404697909981594,-0.06667793809208886,-0.11971091977291909,-0.42549182359540133,-0.30744203983604224,0.7823295990373336
0,-2.0095341209533713,-0.9763051917724461,0.1857689287886753,0.398196526757009,-0.4268853171370488,-0.44411207009441206,-0.2678040764977173,-0.46943580326192835,-1.9637038423723476,0.5479948351989591,0.24514479543955653,-0.46206026682672935,0.670421676447089,-0.6133866948314941,0.4357971084535977,-1.072930667058278,-0.1647759146159459,-0.3696720915445775,2,-1.080272268006056,0.8121052504239803,-0.275844825168801,0.07035685976040962,-0.7751387371001262,-0.39774791664478276,-0.3842246222861648,0.08947481279665295
0,1.1233884559049732,1.8326021621276096,-0.303812745333,1.3770769642778882,-0.7744217663056603,-1.2465481731039154,-0.6896738153899202,-0.6013150084148943,0.24339705148162663,-0.868987443268696,-0.9183315861971776,0.545559924164829,0.28059372437058,-0.9467671080096149,-0.31229340716210835,-0.5855341563511393,-0.25700315370218973,-0.025799826395669995,1,-0.2007536584616099,-1.7892283099470543,-0.1923632678437764,-0.10773379408098381,-0.25442951542570363,-0.5223324671711144,-0.4852669276635955,0.7093119736286029
0,1.0396181968152425,-0.2682639271000229,-2.6122403649244252,-1.3301299674163112,-0.4540494910149508,0.6814300451353161,0.9418292518835673,1.190513600044006,0.24085873452596374,2.1296391287886416,-0.36167276816642435,-0.22687574169026709,-1.7104643658390914,-0.4422563727875364,-0.5329873027265839,0.9873518782893556,-0.65175997996054,-0.2314133195362561,1,-0.27189550420449876,-0.4932716583169551,-0.837083612328585,0.013538288215335745,1.0832759647822172,-0.16366772418354683,2.352806529797361,0.7812948735446295
0,0.5040481059214852,0.5558603922688632,2.1822455422983653,0.4333841583435663,0.18326451166104935,-0.8178998923986863,0.6129227685461256,-0.351131152460165,0.04433826378685178,0.26151804836985093,-0.30111641066695005,-0.5776285030012963,-0.26607158020700195,-0.5251613777025371,1.87478246320049,0.5943842379965666,0.24058148258892045,-0.3575265862660897,1,-1.630708946027557,-0.029968689605186116,-0.6955535538657555,0.055745602715405074,-0.5124311050982078,0.29075769439716376,0.24853448305219805,-0.3253573195599349
0,1.131651737158508,-1.1279443671426057,0.021364371116648406,0.4782677685370659,2.537690537129005,-0.13856827821398682,0.8885401043405785,0.9174331974881536,0.4368993795339625,-0.007860029500468324,0.5511907833411865,0.38113051468585424,-0.0984822514453875,0.45588810549162107,-1.7456127825147085,2.7343288698842105,0.06693944101223417,0.5977631060400899,2,-0.4954726118277558,0.22764464748458496,2.5379585394410347,-0.08161623460893995,-0.09085201327746661,-0.4904886062163696,-0.45774487829493626,-0.5157326720969255
0,0.29963035121360315,-2.9581911347647587,-1.1467818148895645,0.8674454859026102,2.058617581474941,0.085553043451148,-1.0149585170508049,-0.26526513911102123,-1.9874806255514352,0.3267195272508544,0.22919724298246874,0.2004622615931782,1.3704897860766794,0.4132807467685309,-0.275959602597459,1.0164639657668093,0.27317612721504636,-0.39908970942316624,2,-0.10156955305944149,0.7911268551917917,-0.8015746130834868,-0.13858845242106,-0.7064236500317724,-2.0060371384619105,-0.6366637885858096,0.7817651529521987
0,0.4183945678787294,-0.8415683410874972,-0.5516525335321691,0.8448712470427125,-0.21579269465277312,-0.39754617191703634,-1.2258334566720863,0.35440013150573674,1.2058152429694158,1.7963873687682992,-0.8149649667474135,0.7384546746396297,1.1019513536548882,-0.15036867839286908,0.8938208172897849,-0.47526436332295285,-0.35211676884574916,-0.23777199309276786,2,0.32138334009080094,-0.5401237042360436,-0.13996539704574296,-0.03727581473579726,-0.2054497618388415,-0.26389091578910645,-0.947197911648016,-0.39911952421230207
0,-0.46151803133399166,1.0744033838316043,1.2171365991356353,1.3620145726387478,-0.8068590418179946,-1.0844203025550192,-1.725567416187942,2.2532262625210144,-1.1594496589612462,-0.000872598936067781,0.12367302919816892,0.12715515875300476,-0.10289629679036771,-0.2745955702977735,1.1054309112013327,0.9623007933859912,0.15812855766389752,-0.2968887307520073,1,-0.29706663659568056,-0.5389782441655648,0.2379398136115561,0.05705073232036062,0.34949411286812926,-0.891041512246113,0.7619632044933481,1.113778950994936
0,-1.6355055637823925,-0.4980696269439864,0.006078178671951824,0.20433961998512107,-0.41466586666192223,-0.8753158829992485,-0.25838102325207113,-0.4715959859571479,0.7287440199899446,-1.084980257732905,0.26474018246966124,-0.7934926759099679,0.23378044432496886,-0.18719364325268467,0.5661845975731066,-0.36070455991853656,-0.033711803683876315,0.7642984644589004,2,0.49982005439254595,-0.22436736810707683,1.14733858289223,-0.12128534530058988,-0.5551855158801918,0.5001405204943615,-0.7891269893475346,1.2305535022148373
0,-0.7070342188732888,-0.8624996411702288,-2.670074264741342,0.503783176450424,-0.5095233607580019,0.30334972231582547,1.0272969575041868,-0.5836324477231812,-0.6184518122532059,-0.39093239318047157,-0.4281026355836279,0.10961535167443387,0.05606279834166161,0.40296128706580214,3.0261895779261216,-0.18861767118448058,-0.006468862458104907,-0.1744626994478701,1,0.6714339875609824,-0.1657805261938753,-0.7155024113140884,-0.07048298841464229,0.02492262210851026,0.5416268236591185,-1.1227130723425318,-0.35419534611679293
0,-1.3177591085022495,-0.1718384453123511,1.0015284987249404,0.572365171609882,0.9466208293651959,-0.05047277180596474,0.5774816265119078,0.8155967247142226,-0.4534836827056589,-0.48070770539219443,-0.020210747764611542,-0.9623001162473928,0.05725888226053977,-0.7573026792587416,1.0715331928908896,0.11039484194418264,0.7513920013249646,-0.3287633982301313,1,-0.3778918822409886,0.7560422873291653,-0.16095941628652444,-0.10499901771992881,-0.237222058365049,-1.4036080357765508,-0.3117234802769502,0.4747619992007746
0,1.6705292192917944,-0.4327942595656369,1.4269908343776074,-0.9095735552768475,-0.14362913192517376,-0.6265953841951137,-1.595778405599321,-0.307173728666837,-1.7380081478535803,0.9651197939233955,-0.3186145254903885,0.649965298882572,0.4463005941448812,0.9771919457298781,1.5284849234214561,0.2771879207969845,-0.16231607361497785,-0.03082543652216721,2,-0.6240586791731462,0.8262568834450774,2.5517922681168956,0.059339658171584014,-0.20269406617870644,0.11508555534372572,-0.02532535776099326,1.9096970148882055
0,-0.5410552844026622,-0.5595556963345469,-1.006949221355678,-0.4132664283992495,0.6086667590959255,-0.4047900858909301,0.7111860203587673,3.193260918031605,-0.6634757203335199,-0.5309531708052706,-0.20577383265250523,-0.4961304108526767,0.3261789869023406,-0.48118029301687865,0.9726329220770076,-0.48387903066958127,1.3245747921954196,-0.5602920869954818,2,-1.7859823198259608,-0.8175980836211841,0.31571908563621376,0.008395467232087561,0.010394935136588596,0.35673906295714486,0.17357256673708207,0.7333449513484943
0,2.24867707487614,0.04712629910637556,-0.6281083169139077,-2.0556573820630066,-0.09379370813104249,-0.4882281175767533,0.7262103212218993,1.4973025649514646,-0.8400158212468011,0.27726105781036137,0.3774079298084978,-0.2030591892986267,-1.6760009341583464,-0.17644644249263858,0.33978279021569957,-0.9646298292726613,-0.31086355611111677,0.18779143653755423,1,-0.7600526909444073,0.04659120592162547,-0.5792038311905416,-0.0013304266302118992,0.06025644268490565,1.6554556915869352,2.8882981902193,-1.2170584758013545
0,1.2488898070164511,-2.3433508660334073,0.9812705894046124,-1.661873267724228,-0.2851431067422977,-0.4250477064230562,-1.3955226211695508,-0.7764013018775165,-2.229749714295899,1.0276706469367547,0.5218866245387526,2.4706818797814085,-0.2853544990342133,0.19869345631273333,0.5329532805274992,-1.0607743328788801,-0.49856520940250304,-0.14949871554516633,2,-1.87737378862638,-0.5289989212965045,-0.10513697927389865,0.1960671947173666,-0.11083890618362599,-0.7603084474941714,-0.17344229914152362,0.16240800471718367
0,1.98113025864052,-0.33020077607086307,-1.158979862272814,0.294518130614107,-0.1778473178531188,-1.3601876467525091,0.6376914350099254,0.9961514702061237,-1.3757094501348517,0.5395381371742834,0.21821446870700734,0.6269297629778701,0.3026864080676021,1.4674090802937152,1.6622986242856823,0.008184671259180043,-0.11726305245230519,-0.5415018134324405,2,-0.21983275246166128,-0.7559234172277491,-0.17094057907506677,0.1520540790213435,-0.33090758236893286,0.1614002836312938,0.3143743497679511,1.9106296055038445
0,1.2923863216604912,-2.667776611911388,-0.6643712802256253,-0.8897314444448307,-0.17741565860004568,-1.4240012498225376,0.7094146751939046,0.5761363544406841,-1.3796348928379008,0.8332654033217911,-0.15441705125461294,0.7059941889863018,-1.518783846724741,-0.48378338204641136,2.2986423656795605,-0.7288848635196975,-0.502116689614367,0.40704589195280266,1,-0.3286105968000502,0.8811122341810269,-0.30269588291325544,-0.015137052895219709,0.2878325634513912,1.2318759704631674,0.016497083959850306,-1.9458077042125608
0,0.740264051792051,0.7745846051567913,0.48783416303506966,1.4523904878485805,-0.9059629293471295,-0.8527901108490162,0.3860910654228422,-0.4590383126296986,1.6748857760984217,0.07976309388653668,-0.2552232617511294,0.29632839904093666,-0.6471688401217358,-0.2773012617825449,1.0861725474201867,-1.1875803340171889,0.35153284367639204,-0.3235840246088335,2,-0.3607705925035193,-1.3154902198351355,1.983227711949756,-0.06569049967959568,-0.6455994835361709,-1.0418041088441166,-0.8600797040453042,-0.29956554098849136
0,-0.6554393900416746,-0.5414291572337864,0.8199879039610352,0.3147549197833276,-0.10441865512195214,-1.0412571812777789,0.44877561123101134,0.5933132945680559,-2.6243771477371456,-0.36081286268693413,-0.05624605889043491,-0.02754797004820056,-0.4949089873217104,-0.3186121837631638,-0.3268485810244317,-0.04417373389424473,-0.406495004912207,-0.2594136802143838,2,-0.6627584546103399,-0.4920576920591554,-0.11536534047486685,-0.005249729745357187,-0.5295975199772754,-0.09711731055048006,0.006709786255286537,0.7779174232782009
0,-1.027894219018804,0.08591522130601903,0.7851614960276609,1.4666240891737192,-0.2920943293255329,0.026092964983397415,0.8046227549799357,-0.5297915651356585,-0.24464961149123554,-1.0008268697807758,-0.11969342804346599,-0.7225931059978798,1.6643990556831958,-0.589082699705451,1.4014623562880861,-0.1923803068117101,0.044544925857371465,-0.46015579127813744,2,-0.5206108309323967,-0.1144278478310978,-0.837083612328585,-0.1217662646775946,-0.2577149607763485,-0.256637276716608,-1.21975314077183,-0.3086604130729879
0,2.050715035633838,-3.102274443701144,-1.4900591254477777,0.21491384480388895,1.5982486231247848,0.44981303961131447,0.7313692029746678,-1.5307291036743922,-1.2353325430283626,0.46601031222932976,0.11634063553708529,0.055669520684911655,-1.3775202235371802,0.11194473048747455,2.2846318292470005,0.22430205435259298,-0.21104522519838903,-0.24601283135622493,2,-0.5096859288534162,-0.35391980981918003,3.1988537898012908,0.08744634373959378,-0.2607690559707733,0.2300111812437946,0.5101873903305694,0.6102954623925629
0,0.15609457400541948,-0.02997241275662782,0.3467565804946796,0.6217522423576738,0.1312164307849193,-0.38654553918326984,0.5566813974295226,0.31158496864677643,1.0064584925385298,-0.3141443089503691,-0.2230223432547308,-0.43313791387703493,-0.88911436024372,-0.5932785039466016,0.8548877646984308,-0.13942727454028708,-0.5131363411653984,-0.09288543309058064,1,-0.4149902914804473,-0.650431291091128,4.000413948488558,-0.13858845242106,0.5001885537807913,-0.3754725052665031,0.4683905081959754,-1.0420613301881456
0,-0.0826154820123825,-1.2676760710084838,-0.6380749810081285,-0.37036099391438937,0.7656984369888665,0.383800167802938,-1.6200992967095191,-1.479810592533544,1.4089171630457762,0.6310821580406057,0.487602709546614,0.5842412961488878,0.15173679745482993,-0.36858310257721816,1.1200836221251194,1.5047955247232272,-0.13724444135203234,-0.4885275516364409,2,-0.11275790175563907,-1.6688662136127452,0.5551225596074794,-0.051571542630106125,-0.4779231131011564,0.7567150481533229,-0.710343557657771,-0.7882108568915207
0,2.0754066244791955,-0.7929483163427473,-0.46238343399860005,0.529061816143149,-0.233964859450982,0.224641750826174,-1.0515982585515906,0.1377959310643737,-1.2639141777687881,0.5196126034054837,0.07453329771543454,0.14546982595566768,3.575763502403074,-0.36986962213750013,-0.8191797122848151,-1.9812805788031898,-0.2607030823577854,-0.2386932999329215,2,-0.6104453138015141,-1.6377351478324087,-0.7703385322993423,0.07299126591289305,0.5365868175168569,-0.6640733496883708,-0.11411745850370053,0.35659068742167804
0,-0.5875441501141934,-0.4965618649161787,1.6291485152872973,0.6687137319558845,0.03947533643470147,-0.4058641575445178,-0.2511702479600713,0.28126245491535284,-0.2596250826517482,-0.1865119018706244,-0.08203157651358264,-0.2863574529949867,-0.8980452081380466,0.0702623290887836,2.4616622770262118,-1.5171993890203028,0.7018476879552782,-0.17741586638137852,2,-0.6638088844722881,-0.34562678036215566,0.12671211404849955,0.03654432387994104,-0.59064422757871,0.08100229634321376,-0.851537983149451,1.8181798780873009
0,1.9354074990769599,-0.3127357618171741,-0.5336338950979542,-1.451001455979476,-1.0554099888162503,-0.6087537398959175,0.5903465325452131,1.1284008712403497,-2.0760039324820814,0.17729792619361262,0.0005838951757094479,0.7389702024330305,0.20435173353029124,1.3525441106103524,1.4893203486622155,-0.27732609483260057,0.09930314805189058,-0.32896682530624133,1,-0.8837290635435887,-0.5430491643495614,-0.6717638738277134,-0.001629122232882231,1.455228547546648,-0.5263805773330065,1.6362050458891222,-0.8775172910931476
0,0.8122809294687678,-0.9372608339608584,0.36598460881763245,0.8792070715661866,0.324693641721279,-0.5426586861163211,-0.7556310361523049,2.1463688258991853,-0.1241756799410052,0.149589618293113,-0.15314695236743664,0.3680239036178476,-0.5987222019566362,-0.13845806357227003,1.7167155537439713,-0.829803802652444,-0.3126610748696488,-0.15619566671599858,2,-0.32913069616545654,0.04900397439020876,0.9244982525250516,0.022133667604431195,0.2570035609980005,-0.8813428605531501,0.03665557806412473,1.1971476007415158
0,1.2415778070563228,-1.1793088618748166,-0.8986513172377715,0.4574017288800394,0.21179096232941097,-0.7023716995348612,0.7372744898987976,-1.4214986444555924,-1.5255538363500807,-0.2849413453818091,-0.9415401980134707,0.6588478589083859,-1.0762181361498169,-0.7288926433556339,0.4514295050250512,-0.9469698827455908,-0.44279807387143366,-0.4252086647932202,1,-1.040519806171142,1.7116208782755944,-0.837083612328585,0.01658144333982453,0.06839577828952942,-0.3572288261294264,-0.13958061008496336,0.032491330313972555
0,0.9227061751838437,-0.7281906674545449,1.1140886523655986,1.3436999479962919,-1.0162105479636296,-1.136198750539878,0.9074328363972933,0.23475179533752905,0.7308152981144689,0.09211906608149778,-0.7906075488833134,0.5887144874545248,0.4920556112349091,-0.6322246909977198,0.43476723508109694,0.4133729780280351,-0.1104563181298844,-0.33977864315955014,1,-0.7659616589906802,0.20478679138402894,-0.40473793211317793,0.2067493018499829,0.8200125227754148,-0.23684583467354903,0.9644848730427609,0.5943233797966748
0,1.496271975875981,0.9045839145612036,0.8911991866762113,1.0073185952659462,-0.18304080062963107,-0.17235695329599535,0.8847269000499826,-0.4029423534188652,-0.4844828045522747,0.09341304264314444,0.03818824093726758,-0.26630110225040365,1.113034418990032,0.19623201168770346,0.11233410212670081,-0.9424102276061395,0.5610243107786891,-0.03575429858857279,1,-1.2740843889591553,-0.32386703693099983,0.2374844350250278,0.025732372937809243,-0.017194702052079625,-0.47765544327817266,-0.2407770323431103,0.8289014495402582
0,-0.0386534438921039,-0.01351676230221699,-1.6549680107457911,1.346961320769719,0.10502247232495703,-0.4190099051697016,0.2698529518762186,-0.05429467121103859,-0.3976780750318746,0.2275462937771998,-0.34870715897816507,-0.5621915664164271,0.39722593887043056,0.5854600465080109,1.8235906103598154,-1.03587811357015,-0.5810533071431878,-0.24803029898494183,1,1.3503744698116615,0.3633534142101189,-0.6765755976817951,-0.10771867165492749,-0.36509333508871217,0.25242259325575334,-0.6790564018060579,-0.20701210852016927
0,-1.863187668773739,0.15029305908272922,0.5516871714627807,0.1618814830603721,-0.6636011194178586,-0.7163686367806581,-1.5787010322058816,-1.453716452066391,-0.09275195583514573,-0.3656091217180811,-0.2199601938990536,0.14398928141861106,2.0566221576505876,-0.5830873225810327,0.0023159930204744716,-0.07669575965447217,0.8899233270116554,-0.11102599571610444,2,-0.2543997414786445,-1.6792463116342344,0.39153835705563006,-0.03982248634336434,-0.6701455577606327,-2.4656387920868266,-0.9326565659146397,0.6224797619494437
0,-1.0928627545569871,0.9557050211488043,0.7373706595607431,-0.5233577832048946,-0.5956760862489745,-0.9489615585497496,-1.2631074180723212,-0.14632873561993165,-0.4753571963652233,0.21858920259075587,-0.12919225742564663,0.3797722975184765,-1.3046136617563708,-0.4818521141770087,0.04220736578301797,0.4606065214496281,0.9875306803231826,-0.24477925328330472,2,0.2251703321209907,-0.5748194354831879,0.20165850458803963,-0.06403519762608617,-0.8312956412067039,0.05330031895193876,-0.610076777822315,0.8950433884183844
0,0.8860750174022243,0.028694328398252117,0.7920548385173901,1.9411015700868106,-0.3489185940067761,-0.18767139636208524,-1.060832612209803,2.0842495744772083,-0.24631570482683435,-0.07138099971176409,-0.4499331459607462,0.3081221410201732,-0.3864596867248189,-0.7705593396860666,1.0625517455548619,0.306712576638259,-0.5819935738956792,-0.5857858158966868,1,-0.9784878480906032,-0.5762934958617842,-0.6437670589422765,0.02178770294956804,0.7465523903315061,0.09162126684695249,1.3740726531993113,-0.4490621887316196
0,-0.4183143025827142,-1.0210093670057128,1.1895691630117915,0.16867487836374284,1.348035923635357,0.07629785066398598,-1.8693149032772605,0.4521025934383148,-1.0432477912986113,0.12250142405526898,1.0965417841620444,0.416943005771168,-0.7419260288583116,0.33306279392452404,-0.05235667696164914,0.6784762875932642,-0.20641043467518033,-0.5252611512953631,2,-1.859487817467839,-0.28472458974674875,0.03185655444390001,0.017426761073718766,-0.07163845804369942,0.15639554493704955,0.7440089034180447,0.11697154193974105
0,-0.5630987363056403,-0.3068756897086673,0.5008051836504335,-0.5567409366815457,-0.12854130943837166,0.20038537956661806,0.6254840147785575,0.059074288270896336,0.33378497106932886,0.15305502172918328,0.41266851442187685,0.3645601500186357,-1.5825743172489029,0.7179833209277301,0.9881131888801212,-5.124947996875395,0.2649183584031398,-0.545401050520667,2,0.03565471417466619,-0.6859637607585127,-0.33507526530483117,-0.05371970684558891,-0.32323753121145704,-0.011372450755274058,0.47217265383423823,-0.6636623277067857
0,-0.31540736331447167,1.8822356688427933,0.9261141480295396,0.3230360444584004,0.08841877397566955,0.04701735462315093,-1.9455948004321186,-1.223286215178394,0.3452759277748415,-0.3010000604482832,-0.5550758004022875,0.21763670196320345,0.4101045747060663,-0.030105656196689812,-0.38607074688780296,1.0446424839031894,-0.09842977414961604,-0.22241323310516004,1,0.007154185438316141,0.4614298574068327,0.0360150962569199,-0.030930124846829676,0.62785816702375,-1.5340712036543245,-0.6557338036459192,1.9685160130760844
0,-0.6174716140803399,0.9288198037788631,0.6928588205184065,0.029222047025185938,-0.6618471604035526,-0.716627432630736,-1.6456154509360954,0.08795922008839019,0.9019501282543784,-0.4116089376003723,-0.06547477057592177,0.3107020718890295,0.39238222560704833,-0.7705794536626205,0.37717348966956254,0.22794261452879638,-0.005246423437352099,-0.09539171799325968,2,-0.03179106695888398,0.23589173988139567,-0.8068908279372955,-0.10325573041655003,-0.4248430914862378,-0.10842814898878766,-0.7769504736129117,-1.3714701884772116
0,1.869666381899513,0.010304177384092728,0.7314606873496332,1.027235498612481,-0.04878394699530828,-1.031458007594146,0.6755423003312662,-0.2276235121113281,0.5736589161337364,0.08353226452367313,-1.1102153244470652,0.633247613865829,-1.1538684345062695,-0.8433390085069601,2.8004555649666516,0.35608496933835576,-0.5861125731447818,-0.013626645062083387,1,-0.5501142749768294,-0.17484413217971187,-0.7483271104161436,-0.01557939517122263,1.0709080607481156,0.17397474279222508,0.5049178951232334,1.3896373963992685
0,0.18561389147927906,-0.6258182682515232,1.5609653390659919,0.8700335139147878,1.0431754310124384,-1.226933718274639,0.36812013383825626,0.5672334676980747,-1.821912962317729,-0.1241078843854706,1.124578894543653,-0.4581204532620815,-0.9034146847343812,-0.6763938297116869,1.7648134165763776,-0.22404846737952921,0.03722146757127585,-0.47026789482826814,1,-0.6442689383180819,0.1455904024629893,-0.2606844316437218,-0.006728923885258704,-0.14147379283621764,-0.41675946418342313,-0.12308163310157458,0.23420963599302924
0,0.522455507779346,-0.12898715088848883,-0.4423542834476607,0.17128196379389546,-0.15570358317759309,2.402097592355349,-1.8402359139834479,1.9434592626836116,0.9888324092310831,0.11946500211750359,-0.21174625264772906,0.19281386834017555,-0.28741484749953017,0.5725215718522567,1.466013884585521,0.1410732684119807,0.9459888198365178,0.5329947104359862,2,0.04728499545027798,-0.2339853279548365,-0.5875777072276545,0.08049874270018051,-0.23397472361047178,0.14737214059098075,-0.10147021858615377,-0.005778128981948516
0,0.05809857490548209,0.16207929155310777,1.497732900294617,1.445558130970741,-0.21722072502159986,-0.8823162677614238,0.23411924817976615,0.46088920374341846,1.1463860845447762,-0.008226493146156477,-0.6065595934322318,-0.37857159605168994,0.3058562096228584,-0.39540558110659696,0.16463278150343574,-0.5561508251953173,-0.18412511834403666,-0.5921836201527952,2,1.2336808758082425,0.1514011594506142,-0.837083612328585,-0.06521047261345074,0.04974156769701371,-0.17073655893946982,-0.731746319302115,0.6553028370058632
0,-0.16033512213758386,-0.9510878835364205,-0.8194931046647393,2.3752549199699127,-0.2063485065338768,-0.6794758009871588,-0.9659270165044898,1.571060201725365,-0.3178053301421897,0.707977878432991,-0.4242246370014905,0.5836419181582433,-0.5473956900818986,0.25611973066454147,0.21835841885228946,-0.6855303506973491,-0.44208663095242373,-0.17274610612246558,1,-0.8471648710833357,0.0514107009933602,0.169369007967842,0.006699837918007129,-0.3558765415359616,-2.652048800479397,-0.8084625857193941,1.7151989127805887
0,1.2550826234351362,-2.648171491669786,-0.07105477210302949,1.0914302205256092,-0.018980273453279684,-0.27819997203885755,0.8433949941625073,1.084638639539794,-0.9425054562355443,0.36269900347647555,-0.05283966896961617,0.6270453505462072,-0.9424758278845518,1.3355300748950865,0.8320784369361149,0.310770548628428,-0.122412180128201,0.4124805220127466,1,-0.8501585018002074,-0.7290454300960794,1.390949907383211,0.030394543612397754,1.0728124986823513,-0.14909265762991447,1.2062861199224224,0.044494791846461434
0,-0.7715309879152236,0.06119728727976209,0.8612481245088129,-0.06660259405595315,-0.257731902588206,-1.3681260869347758,0.5059147545502544,0.6895789582073366,-0.2430364009268457,-1.0122816760566842,-0.4388082999552133,0.8715777540705043,-0.2802295625497443,-0.1634739953093589,-0.4591917484995716,-0.34764423315218307,-0.12126783356502158,-0.19754032760615714,1,-0.41754132170967895,0.19486031419164457,1.495052081179684,-0.007240049438352075,0.10053788989878878,-0.3574057397528754,-0.6011668178052956,0.12973713712879403
0,-0.5582439760763009,1.0764064218616962,0.23956855692472037,1.6004334755026672,-0.019951003428487712,-0.7299689256415591,1.0150753101756338,0.13274246387950525,-2.9192680182078687,-1.192706631391364,0.12180284501997568,-0.5551639835700846,-1.743852752729103,-0.23344475074867965,0.5432532098314656,-2.8916321346251754,-0.14054430372861415,-0.514670020012042,1,-0.3761043252842544,0.04727960064886125,-0.3527167909015708,0.20820926668927037,0.13573900187090532,1.1469999200259933,-0.3218397211398677,-1.4576103956890847
0,-0.07549218787487055,-0.1850074445242076,-1.2201382249700838,0.5567405288048706,0.25869438738587125,-0.2856726152955729,0.9598499031800596,1.263421953624248,-2.0997135907242583,0.058002211221953814,0.2686849418912225,0.6232329580750855,-0.9823197909971354,0.6523355515210791,-0.4061611652538332,-0.06843420074253076,-0.2210069380156859,-0.021613141693116705,1,-0.9662236198496315,-0.9376649041116885,-0.837083612328585,0.09978626467210916,-0.5401436573565889,-1.1432205168235967,0.7920968823673094,-1.5249826909306199
0,0.11417505723141988,-1.1660399433890212,1.5695721017456892,0.31980097989539835,-0.1762010338010042,-0.4685447177418539,0.8392393372273053,0.6522882641666189,0.925663660187604,0.5865102003086083,-0.26348345695083786,-0.0571989980608571,-0.636239609386801,-0.5466363454704537,-0.5444648318711848,0.6941143842525799,-0.1527643923817027,-0.03827700841402501,2,-0.17821366222688234,1.2735636005280364,1.1521309443569119,0.009477681075175687,-0.27381508787530584,-0.3147595492384813,-0.5768694998130791,1.1436214868013912
0,-1.058392226832011,-0.047798139373807405,1.582265065500803,1.8114883188140127,-0.9652955901560284,-0.750878698134352,-1.437060047447555,0.1856731356271697,-1.2549335475159555,-0.38201445666273093,-0.6717341390808917,-0.15895014650005168,2.41047327539391,-0.7636537190182344,1.4191417389090684,0.5506980119972417,-0.03044565800366053,-0.47788945477629663,2,-0.15852873360784303,-1.8709110271385971,-0.837083612328585,-0.10606814064931216,-0.5109082136957035,0.2528133884622674,-1.1165244392674978,-0.28845457169088695
0,-0.9663768967343676,0.5014872817106938,-0.08280099132993884,-1.539980837588514,0.04036042395268552,-0.06693798989561417,0.5004925162120187,0.44745832930102003,-1.4395413730135003,0.6325776607948478,0.1984699247382442,0.12464311270840711,-0.5009168130631295,-0.34109917902862236,-0.8899009005782578,-1.3454087346684045,-0.38641759524207225,-0.27431184601432473,2,0.9538898780640978,-2.9017439693826335,1.1051666598764371,-0.01965998098413651,-0.6165989066496872,0.1200869163890167,1.1792150626378817,-1.0114026904592126
0,-0.2514249220639411,0.2888495852425929,1.5497919055701654,1.2465241164649794,-0.9115842953625105,-1.159103606503555,0.6586985445646262,-0.053414296748206136,1.6312992685941543,-0.41010564757766604,-0.21205836679315598,0.38360497384149345,0.10321771867046081,-0.25644730019106393,-0.01597312116701244,-4.071366757707072,1.2232876755466426,-0.17367438411001743,2,-0.3935046108647542,1.2213072608474533,1.771778160515357,0.2389217080663263,-0.7480873821013727,-0.42714641180418395,-0.4740347778091383,1.0884795529494795
0,1.4200495351029556,-0.487209374562253,0.2691951033375174,0.5783376924622331,8.342561652853188,-0.18650937238275064,0.6700154221687771,1.7293684428120857,-2.0065686965583835,0.33722499307647713,-0.18398792901974426,1.0385118102126485,-0.5891710805766115,0.061794545330307316,4.1225339970884605,-0.9186305328540897,-0.37064622647197487,-0.20630353212478308,1,0.5004410138480375,-1.4019565064147976,-0.837083612328585,-0.03985361563115032,0.00905169310184506,0.17936588817256927,2.774280940600823,0.18005478365800576
0,0.5074922476327911,-0.687837236626444,1.0676744572118881,0.9056767932426922,1.0606575874286424,0.359291550104142,0.9963164811390195,0.6905557010571618,-1.9652810664162685,-0.5419257280476709,-0.025039966428243826,0.10609203280006026,-0.6982193199153529,0.009373902264944722,0.4959636850453284,-0.5652194165984867,-0.007647957281489648,-0.17647966377336494,1,-1.0017187866558053,-0.9885071006972604,-0.054479431695197755,0.03707235887387708,-0.37478213614492745,0.35238690054112454,1.546049570050471,-1.2449306157883886
0,-1.1081099057616481,0.052938566494652894,0.3044936659261949,1.310405427887738,-0.1379104557066706,-0.2795048588803067,0.7474708014965419,2.7180657341743184,-1.883835695464819,-0.8595037412950711,-0.3864573477102151,0.5304867766771124,0.954780495922921,-0.05354591273966469,1.6637219333149473,1.221094627155144,-0.13324289431946473,-0.6254198921407467,1,1.4974284901539354,-3.012994180069179,1.610862180455333,0.029125981229770517,-0.5344857328952511,0.4368330174604516,-0.415978902010377,-1.6395507320112919
0,1.3745097245768267,-1.0243834143909831,-1.644775397423008,1.6879627603868492,-0.4600320149890556,0.022089354457911665,0.9157134686549269,-1.5733378252101162,1.1314014073195842,-0.5511416368367836,-0.7741698242700238,0.6557497544447238,-0.7464152477699042,-0.9719607935703246,1.9518959375558451,-1.0461381331846065,-0.237456005583133,-0.4277230991920835,1,-0.2794867818928394,0.8013586052676247,-0.8109805112190877,-0.13858845242106,-0.7374041350216374,0.41134143056000394,-1.0521591720732915,-0.2931026711552902
0,0.07627208274985264,-0.3323427329923433,-0.4429993248431623,0.3499369130100254,-0.1878414082207826,-1.0446204227090845,-1.5480487818389463,0.3871324924040649,-2.542336060635069,-0.2062257487427951,1.3765037518278758,0.4040478203133685,2.434876525443487,-0.07961513989375345,-1.7391221887280257,-0.9163892928069388,-0.46599340772186726,-0.3393502189280255,1,0.0553997934442354,0.16826532867427602,-0.2236778634327455,-0.12202568915701255,-0.4866011292632131,0.35675690755673595,0.0745723595216301,0.7676977334007724
0,-0.5844768460533167,-0.6412301124405391,-0.8148242650195472,1.33711584465581,-0.30104276099165667,-0.6736917393683516,0.9227546519221892,1.6773690940989645,-1.6624665564190995,0.5705821149058494,-0.3933011747015728,1.3667986530379783,1.0035088480535668,-0.5870684261647185,0.42091410799380835,-0.08665480240969414,-0.6088204761404656,-0.41912748909979675,1,-0.8253680349489645,-0.027646271699432123,2.195844371529472,-0.026449178182162587,0.32981014033682915,-0.02108179279010758,-0.004865780393782104,0.9520495900639523
0,1.26595662049061,-0.02541573798691199,-0.5608008340244218,1.7716517024220846,-0.2537119172313146,-0.7382584516593035,-0.14223327568986432,-0.12056059609906661,0.6862298477524006,0.315764319288901,-0.15425332139296571,0.18876315002442462,0.16014105894157948,-0.5157814753003073,0.520500271196042,0.5456878194134083,-0.1914133464490736,-0.2879601155225427,2,-0.3686033284709511,0.3021829691863841,-0.556555062993535,-0.13109167692609336,0.258212093477418,-2.075015357838227,-0.6509663935484725,-0.057926294337241724
0,0.9164645706284997,-3.4576828863325604,-0.8106491745573634,-0.2390163014317785,-0.32897396453447697,-0.02074953788334208,0.8052004947781377,-1.8173808982016322,-0.7076508236301342,0.17766953926905715,0.6531214536838567,1.4594051436304896,-0.6743874940032958,-0.10157283325270303,-0.08018572883886099,-0.021929167959529858,-0.23200844627611256,-0.1026187379836335,1,-0.2739428042065436,-0.09811121767956574,0.5352726226409117,0.010264294049362688,0.4538031697290823,0.3159386666806907,0.7742796520155988,0.2714934518741182
0,0.6810466684069347,0.3883258078151065,1.1014934406047157,0.5260202568768819,4.365915492056358,0.23617831052888244,0.30433437214280373,2.647478359609008,-0.7451843333063719,-0.20170594176503148,-0.5862752392866093,0.1785330105413046,0.1846085050596581,-0.27059128742261374,0.33198303437749555,-0.1433948130953323,0.16784871142890845,-0.6385554407851892,2,1.1873821219343348,0.39756542145106943,-0.7650087197630369,0.0016968305511793416,0.15249327140062513,-0.35788965278853413,0.6538986981348891,-0.6312386532670762
0,1.786961721108817,-2.4596922689954654,-0.26541383006998603,1.1170930402378856,3.584188410913245,0.09375442126737066,0.9427068870736878,-1.3398415437414348,-0.5145415476192653,-0.10113425389811342,-0.061987975617536994,0.7647277227786278,-0.4951750756365595,0.24283483952896945,1.4689572045779642,-0.465833568166683,-0.65175997996054,-0.3271875636144837,1,-0.42124171535204824,-0.327095870210889,-0.015804093826580812,-0.03610274925544123,1.741755385664876,0.45221002486396356,1.8357921759813194,0.6458729030291028
0,0.03259868606440236,0.6501847473658016,-0.5605922105469868,1.5123020707914046,-0.5090092895271524,-0.23010761502695637,-1.641347470438273,-0.2562450960635976,-0.8608285523090901,0.659174637296054,0.009973644378110741,0.3976620714668641,-0.8154753465079995,-0.35531061299407285,0.27386821352336665,-0.17084456547413418,-0.5832989338002528,-0.20753077788791668,2,-0.7325120068167579,-0.6197471630737357,-0.837083612328585,0.06717468868698788,0.3353256159530339,0.6051346726605887,-0.39501722635648284,0.001960258712504326
0,1.8212384021661654,0.42276434224951104,0.04526255396199701,-0.23228851718470994,-0.8229756417965122,-0.4249140458229629,0.3321890093255419,2.5059354927433226,-1.0269310160343201,0.3365430436655322,0.07679803483823192,0.8844025441197889,-1.1277283673586282,0.08268212795244108,-0.9836961168388128,-1.2050228013246684,-0.265890576439956,-0.1402912143050841,1,-0.7877204696862219,-0.6310873701312057,-0.7258763112334529,0.05637644742320809,0.8323545427983462,0.6705051544947012,0.9057664798905205,0.30988862382789417
0,1.02764607027377,0.2809819102869384,0.8733885128637762,0.3592678884893546,-0.7531591126399622,-0.016027562354266722,-2.350534889274261,2.0611922297087677,-1.3952542290386853,1.824650415331668,-0.09005708757554631,0.018362055669098598,-0.08430867004576842,0.2328461210801953,-0.28635873968021874,1.277697052749076,0.604780630203664,-0.33964453177615106,1,0.44542186398635797,-0.7973879325577646,0.5627832969959725,-0.0281358840307735,0.9538206900846198,-1.355944670027656,0.8203221924754562,-0.11628060577977878
0,0.20343447053516395,-0.34514714917354006,0.6056789566917204,0.5847975007768559,-0.25813760017374116,-0.5197678807936802,-1.0213522424966954,-1.9277592636298877,0.0919136378517077,0.15915929073618618,-0.2446428202782242,0.4883986671831461,-1.461299518193928,-0.3438348262173454,0.19419690510829568,1.4381516073671385,-0.2828722165851129,-0.3160025375145589,2,0.944221553373311,0.8242004223251214,0.9597738654343904,-0.13858845242106,-0.38539896712723554,-0.5464564723613872,0.2680140567101448,-0.31521210544118017
0,-0.6727740096885185,0.6425887359720874,0.9691567473306603,1.7000760360381364,-0.5312923878894471,-0.41330347321099337,-1.1274697290762234,0.4398929815907622,-0.11603300369068958,-0.3614400567545863,0.0036027357881643907,0.24200720999835956,0.6459734861084292,-0.17244172909572036,1.4885000364300516,-0.10287755379809649,0.04065178665937738,-0.22037757710960898,2,-0.11116257285900114,-2.5524747443023097,3.9693812637762553,0.21270253105750436,-0.7931846201707977,0.14222716819885312,-0.8934962875030873,0.2230619977028397
0,1.5656438208701564,-0.9740554699186017,-0.11851758968913129,0.7588143052791227,-0.3380225799892378,0.7698476188386606,0.7415942075009063,0.8140723357674695,-0.9465495739423722,4.322473665346476,0.3037890835447902,0.04211143434154743,-1.0999960584782325,-0.4661751623689677,0.2710873944521722,-0.47260053876542646,-0.5257080528929389,-0.6073036160932554,2,-0.9282674612631776,-0.09344231466218,-0.31486255349979025,0.10270306948563693,0.4936790158030063,1.0824834442109827,1.5028126709259444,-1.183330364533447
0,-0.09968550043558591,0.4125671147903929,-0.08724760185361435,-0.6101039248476792,-0.131987126632853,4.178991294190968,0.438164604684799,1.8435208896797746,-1.2111035364996376,1.370138964468857,0.7222513052938068,0.899776552298845,-0.1362926255121975,-0.26188500992100194,1.327702925173405,-0.017510804462277596,-0.013075008108241831,-0.21054490413228702,1,0.14933890319555376,-5.003412726871453,0.15682193631701682,0.06732952663463142,-0.30973420240183863,-2.1033522919085326,4.922374468375928,-2.1249730011080628
0,0.08459039330628296,1.1489123264130416,1.3633542909831189,0.6867740436778115,-0.6248688290667347,-0.4279861688256048,0.6582944465647067,2.273032094476945,-0.45095056500527236,0.2888270656644817,-0.4241056157267211,-0.07043328236922666,-0.3718464928230284,-0.17105172932558216,0.21180295793139525,0.05167502926241946,0.816789122663954,-0.3228993140138623,2,-0.2665816098333903,-1.0229314947581039,0.45007172231717485,0.16571777645561503,-0.601862748908085,-2.7498519102908885,0.03822623673374198,-0.8823295517157838
0,-0.11213324114789189,-2.114046251368346,-0.5433246806656351,0.22786822562172793,-0.0057472870496441675,0.4990281534494821,0.9006995096112718,2.285596177888383,-1.178261812808038,1.785752786148181,2.5836560012062098,-0.7349520986520734,-1.4499505112718691,1.1105339738336952,-0.16446782088227552,0.37056349574730657,-0.65175997996054,0.29976501848141973,1,0.7562038071483778,-0.13315932612917578,-0.1305751621629907,-0.09078898940317612,0.19788856168275837,0.7058880614474938,0.39338943436482854,-1.0004567109238551
0,-1.3198103780887451,0.9434546737656884,0.6959094097831365,1.6349359350325994,-0.38963305619167055,-0.5201015342607545,-1.9260457766886887,1.0245019170886358,0.3336239283985658,0.23944115528895604,-0.37088844238653274,-0.3545448995458516,1.9652775003688832,-0.6818227436181883,0.3286218880131033,-0.980241357039643,-0.43667577867420726,-0.3828855786293868,2,0.35619959349313324,-0.8419632718278698,0.44511706860210654,0.0994805730057935,-0.6088719932964064,-0.03327254263796997,-0.8756227506674339,-0.3804451167770154
0,1.850991434183455,-0.7867278135158173,0.5923066292199949,0.11802226637229785,0.6733786035982896,2.2617009772929917,1.0197917060272164,-0.4942016803547865,-0.28040824044601753,0.22051837833407212,0.08249574862777094,-0.10845635773110265,-1.0490474694051592,0.0413436618866026,-0.8577396078563384,1.5853091291242487,-0.65175997996054,-0.062112233886467916,1,-1.1872285770533535,0.4719858679646668,0.20293082110057767,-0.12559087308874328,0.37021270059030825,-1.186688464586307,0.596044823576855,-0.7977361845643441
0,2.24867707487614,-1.6123089433456577,-1.2787940191485347,-1.309896162837556,1.4768196130856914,0.09299633314719058,-0.7408373056514329,0.3608914816882113,-1.3605910300713617,0.010763290183187113,0.06730792524339695,-0.11137830033382534,-0.9021385700324986,2.006807209552536,-1.179543427604424,0.9013228994636561,-0.15161333214756773,0.4681488064672082,1,-1.0489550183490437,-0.017254925944033384,-0.6920933431338742,-0.04500755455621664,-0.2525010534074573,0.2855230677618653,0.18348926647166744,-1.8862043770797812
0,1.014651406736683,0.23158153553069594,0.6383670176649174,0.06809599815054179,-0.1466378175483036,-0.38074782058160705,-0.2935006757733468,0.8207976524340141,-0.2166107966820618,0.5016932230734981,0.2665817677693475,-0.3812160780484355,-1.5856663634406372,-1.1412479762897176,0.28090687034601103,-1.3656846508801395,0.3376504686049214,-0.26451489876194556,1,-1.87737378862638,-0.4430771567485593,-0.5991602040671249,0.034054563097363114,0.8711822318356596,-1.2741917006273877,0.07734948202891812,0.15577308611086527
0,0.18440288606740862,-3.011278103546549,-1.1503592371923834,0.12041119315950055,0.44421200609494393,2.205818623922812,0.7664103356865299,1.1575693295397091,-0.938808967693164,0.46796802508995594,2.110529859619292,-0.13839946214876364,0.3091581356817603,1.107529087984414,1.6808800899051126,-0.37467332240537676,-0.2343292090594706,-0.1751141194408788,1,-0.5625761663972475,-0.4769518432696557,-0.07429307851861054,-0.05297132702483356,-0.1654543112750989,-0.5764378895677537,-0.6158471803744126,-1.9026604070649338
0,0.6125681713528434,-0.87397749764261,1.8410524064376979,2.119501864744499,-0.5694849515463405,-0.4843635890909044,-2.0094783848348547,1.3488755639131025,-0.14238189150224634,-0.15143331104379337,-0.18882974484032777,0.4180058275181839,-1.0927842282953257,-0.4462619884629555,0.34034411534532216,1.9535951913596739,0.04584086284298769,-0.5344907640859792,1,-0.08483533690512657,-1.8185445001414315,0.2961840981257784,0.16600483302408364,0.05681435557236829,-0.7146149225979241,-0.029825245615935317,-1.0830510472698256
0,-0.5356389314208312,0.32160656793905973,1.1942794100721321,0.883140570971414,-1.01184612497612,-0.2973676476958621,-1.0439999992043743,0.7409381997156437,-0.9018904655426384,0.08080238758899039,-0.13012421630089668,-0.1717442036127163,0.4948943025064418,-0.32120056689474574,0.5536735742009624,-0.5111513846496103,0.21085196324763142,-0.4529537594780505,1,-0.7334944638142555,-0.6797660756650169,2.282283619834655,0.025340691478490412,-0.873478170650967,-0.6063008559121452,-0.383974425552203,-0.43864991062853365
0,-0.254363710138267,-1.126268794758661,0.8480637552553048,0.7954205678933167,0.2012360004707528,-0.9904621402734571,0.3410036250771565,-0.5102223698685533,-0.44705525492020765,0.02538470589012043,1.4884827640073515,1.42312054414678,0.8695226763599208,0.20456104294229072,-0.00867216303835866,-0.2938906307494986,-0.027131384618416465,-0.23655546873655006,2,-0.4549924232316246,-0.1280436728315688,0.12151423845237333,0.01972155995753487,0.281635524012962,-0.704122748364404,0.25885820278710947,-0.43520315342365706
0,0.8271853735330422,-0.16222146754742306,-0.6354332154647704,-0.5465010311164683,-0.13717682284761956,-0.760832710342437,-2.332795133879131,1.8823257275130703,-1.12651763175469,0.8433158946731373,-0.28322117429858673,0.21013253861651815,0.0649135063968832,-0.7348866856416834,2.145018692639686,-0.04115416790199422,-0.24046703256251462,1.506496472026297,2,-0.05692114533928011,-0.34122330895328745,-0.7599098578878337,-0.10886112838298326,0.40574346823570645,-0.795882912391304,-0.25869276822013343,1.460386044269181
0,-0.5760514569557801,1.966088868445207,0.7473873949555166,1.6578182836812576,-0.47831675898512566,-0.7559566296040849,-1.402877693922353,-0.032614066305454104,0.8562301271814716,-0.11136033968509007,-0.473282916613112,0.2370152806882257,1.0570349148546725,-0.7528646198806579,-0.8668673049502922,-0.9953133794786955,-0.5307598659191685,-0.3270423613604497,2,0.16833882507528558,-2.4992067270158724,0.7329392228366807,-0.13169840296233298,-0.35406478062885804,-2.7718261058061975,-0.5745202658238555,-0.6133371192248516
0,0.9618814326513592,0.6784033471459526,0.7004527151820024,-0.24184684662345646,-0.8140606574500069,-0.02309962583672487,0.8259084762414376,2.035044199929818,-2.735508910655488,0.8463666357458797,-0.0880582663734927,0.500285212009099,1.6149071214464357,0.06708235761405501,0.43822132953232007,-1.3071954162623918,0.4566406071545184,-0.26026199287863333,2,-0.22852489578486712,-0.7756993415311513,0.18607053194843318,-0.024170311797863886,-1.09095311408826,-3.8562066311467538,0.6270592039208013,1.1095800387392007
0,-0.4687735374685719,0.5770696021277956,1.7904943189328157,2.3992143139689412,-0.23790121409824067,-1.0446471097922532,1.0407811383883527,-0.07113582204101432,-0.32492621589703,-0.49120949098394656,-0.4865283945296329,-0.5346259811846871,-1.08117680617152,-0.39247969496325874,2.5121530819470577,-0.373773762511621,-0.3609971643445994,-0.35222555487890617,2,0.16973699871269693,0.28947558342726987,-0.6420619389548754,-0.046860752140918296,-0.2384617719732388,-0.7701646335300212,0.09102672955720015,0.6920290304874899
0,0.6490223453151761,0.9928885787184016,-1.690088258846137,-1.7739719433583618,-0.26095547056482776,-1.1152904032010116,0.8348167061782236,-1.6533392367096544,-0.5893054970311205,0.3110702094929332,-0.6036967185937316,0.11426409274645793,-1.0206583897278363,-1.1523155541215173,-0.8648806309525775,-0.8668776151566314,-0.4913512380460316,0.21409336632138304,1,0.7596272086088245,0.4849616795888425,0.8717217212504287,-0.004892572786463642,0.24386950659252973,0.05019111857172209,1.437313273848491,-0.47154864726967727
0,2.1138658922206206,0.42025581616247476,0.9446485279142036,0.23509919318038722,-0.7993330990375602,-0.5233593958967467,-0.8563874832446158,1.0488351385547365,-0.514267073632589,-0.2300684077803586,-0.07457046167514386,-0.26797045165888195,1.1590782052549484,-0.11678724765372148,4.4400940886404925,0.43554380123637176,-0.5506563495708431,-0.27713709098760186,1,0.37270036342590185,-0.5225137265963242,0.9866660815014512,-0.1017934969118618,-0.5792650430701406,0.01522578888565329,0.4816846712491647,0.18693867125437855
0,-0.9053147186560461,1.013149238338473,0.9067087140720534,0.5910966012854307,-0.7158638013484262,-0.7597120802922739,-1.9174904775656616,-1.2793832504765934,-0.26884751532715356,-0.10094427316041377,-0.14653585817778286,0.29844692613500856,-0.9200583717772306,-0.7470091106651184,3.2624997582413977,-3.933986858268277,-0.1786984903610438,-0.1548911356645478,2,-0.1909717768110546,-0.3474866859313142,0.07598266720322738,0.027749441633397,-0.5426191009212343,-0.47309496368633264,-0.6675548353024604,-0.05805999594683893
0,-0.30250680837833743,-0.8461362842193698,0.5333041144302408,1.1638207292174705,-0.002426368713406235,-0.4700886525943482,0.7776706550878295,-0.12231974335012818,1.5140265746965542,0.04644952638973021,-0.41841305644999527,0.35494676107954976,-1.7289408557385997,-0.5690592963191282,0.6705195999831333,1.0378623962707336,-0.47111429086521156,-0.3595298871426839,1,0.5319499858557188,-0.030757374745124466,-0.241981623616479,-0.13858845242106,0.4593974679132645,0.3648838009834207,-1.1775186088031395,0.42068392250708053
0,0.5092611404069805,-0.019537878115519075,0.9801655301617276,-0.7189505520410603,0.7055882080390519,-0.9303668949697597,-1.1174208684910474,0.40055796509133423,-0.5576414878441418,-0.5522825276057975,-0.5083806317727013,0.2560530014964535,-0.8522126640438084,-0.8162324631109339,-0.34013222247591657,-0.8444204172043229,-0.6484660036829135,-0.30856614473397154,1,0.4568796647366786,1.2148768952496638,-0.7481661467383299,-0.13858845242106,0.3751796477612843,-0.394520272489447,2.2114976631998613,-0.7582455017912693
0,0.38514355519368226,-0.1877609679800156,1.0870420320545786,0.6198302297645581,-0.33674203415744897,-0.36479236321828257,0.7297318099400418,-0.4857154167758363,0.1269731686797877,0.7563317053517542,-0.5730594159952159,1.000496785620229,0.1797249958010096,-0.38303198107885855,1.1086225267547527,-0.9267463882570808,-0.3889818501228781,-0.11357509695635212,1,0.35530473196021517,0.8484745493723386,3.440258557226853,-0.031086377258680624,1.467587218912641,-0.43391461814905496,0.3873904824391946,0.09200038051900114
0,-1.2857698406880917,1.9055148300508473,1.0833777457415878,1.487549819873076,-0.6334479169823372,-0.07945970985437822,0.6800170813055022,0.5723623445109886,-0.8507559957737525,-0.1444204281535003,-0.6668887444461278,0.383994068923629,1.932427706009121,-0.4876567674716814,0.08384575808770756,0.09247971850456266,-0.009176435531683291,-0.13645482556486033,2,-0.40337541124609577,0.0130357022089449,-0.2019155270742058,-0.06436754766740937,-0.11556451647736016,0.4724309272705969,0.21988410504352593,0.27474730317470497
0,0.9279457165724347,-0.4703561838264332,0.46893466185448845,0.9532321032037294,-0.3911331218131402,-1.0896357692304504,-1.6304132006226704,0.09203776188608104,-0.22824864386153748,-0.5551433769005862,-0.7080335021970157,0.6623450668853732,-0.16139482596011412,-0.2804410397459064,0.46653082174038596,-2.2506671152989974,-0.5833028625816763,-0.1949498852130806,2,0.04861891898102888,0.22558653023166075,-0.4053111784358865,-0.01668560641087531,-0.2932502733320547,0.4753110188062143,-0.8466301016545079,-0.7591916830878112
0,-0.6815757463678336,0.8864148040937138,-1.431568497825304,0.7204564006735303,-0.0554759969360043,-0.7797309516764556,-1.5439468690472005,-0.7214483121229689,0.05662886704452919,-0.28921143753138134,-0.22200854878241166,1.1917861575326887,-0.873227943161024,-0.28745415308638356,2.0175867452922827,0.1869706807959967,-0.27518341629777593,-0.13641208110645137,2,-0.8431656916073031,-0.36344301351862696,0.139892234173769,-0.056076226365221596,-0.17073788505526943,0.09457276243644597,0.5220867146184729,0.18872261978146673
0,-0.19733522414792748,-0.1934265883213383,0.8092285966574756,2.915984774535903,-0.34648537186296496,-0.21571413912962956,0.99902794221794,1.7258366934613147,-1.2262250404205226,-0.8524604119612231,-0.5516145055025313,-0.8662492534924104,-0.16747891823818106,-1.258843720260536,1.7851348840314745,0.5072903285277964,-0.4331199515906619,-0.6484868162146415,1,-0.1366792882522576,1.2796940819630593,-0.837083612328585,-0.003860257569967343,0.48419819692496263,0.9823239236466641,-0.28937291907677476,-0.28721623209251873
0,0.2412583236617909,1.6830286217454618,1.7004721529212588,1.3575909900436711,-0.617626461636484,-0.5727375671462189,0.3243375140851462,-0.23131033536465329,1.1639357406393578,-0.4775524456355442,-1.0039062891448294,0.7402274543433646,0.7044146621676244,-0.4882331317046931,0.4955604594537596,0.10328722767204013,-0.3169699237156417,-0.3265206631767364,2,-0.12304567409094348,-0.9734583608278958,0.27455840721357394,-0.08046921449278072,0.06260318813940935,-0.003976868568533298,-0.8225536967781342,0.204066107482978
0,-0.42369260533197084,-0.7077761019673681,-0.4780754198325978,0.6171262550352324,-0.21151121279630075,-1.2132255823601246,-0.5500339198092696,0.9573489490752021,-1.4637119146053985,-0.5782221146847288,-0.22195297935546857,0.12309554361747549,1.2859998662374994,-0.15360184443742683,-0.5339678553378066,-1.1863463193144357,-0.12041590723868818,-0.3450562215981706,1,-0.6841019996943803,0.9659436321003345,-0.142740686143269,-0.07942805373356265,0.2580065172664477,0.21017383684468746,-0.3348167486621396,0.06962479259790863
0,0.08127689184715822,-0.4255846287154181,0.6531551490241636,0.2688538574067073,0.20375073183062142,0.23829818049128648,0.5558237229208136,-1.8271232782590636,-1.3843865787995366,0.6925695613744566,3.586800025086834,-0.2500936377347689,-0.563866485818949,-1.0086391498788714,-0.67474246896854,-0.9582925982745929,0.04114967644217046,-0.30847127866166735,1,-0.6415687650317955,-1.1924082335460178,-0.8067612846939746,-0.010273833830016649,-0.7027218818621168,0.9704604699224746,-0.5583292311226485,-1.3155803550718546
0,-0.38939044617146223,-1.0468661213519301,0.820710953803663,1.3400345869286876,-0.4197146249411521,-1.2096147381344506,0.5884454363387585,-0.6107189149617028,-1.2002183925501746,0.6772790910645332,-0.12380779709651508,0.6126279623744739,0.08650603309086957,0.10311930793374052,0.18246192733371697,-1.7174828266230506,0.3798917131196178,-0.2562523316912399,1,-0.6436424381727517,-1.6255196126476528,0.4891042072539502,-0.08167978423909047,-0.31675564844565446,-1.0154280136364826,-0.00873784550726106,-0.2389802435017051
0,-1.36086636211337,0.520855754460247,0.8237067882777065,1.0530774632046929,-0.4322609508622688,0.06176086416044113,0.5366679048511478,0.14246445852403167,0.6584192875128607,0.018975023749806058,-1.083788419199333,0.2522161414514289,0.3709768168770635,-0.24167398658304654,-0.30359512690181367,2.536971227374281,-0.5943178047958564,-0.22230792861207754,1,2.002202524284052,0.2604369481547448,-0.837083612328585,-0.13858845242106,0.3043875729317127,-0.3666581369356009,-1.120996443349012,-0.47420073541552343
0,0.8286257784219355,-1.355539923397841,-0.7155265758465895,-0.19637201480641064,-0.30121084189102143,-0.8393614760700494,0.6946966151782373,-0.008118446011654179,-2.8063158270005033,0.3471041388899966,0.7679854919442668,0.3923153917128683,0.3292104911753284,1.8328322092297453,-0.3206705504756411,0.5031632833863431,0.3496607010060083,-0.5934352244541926,1,-0.535194097806423,0.9197004366648603,0.25874018776880287,0.0010869021932889342,0.33044708343676626,0.40529446651320844,1.3912036417776994,-1.7926409157722538
0,1.9522950935694152,-2.1969006979738994,-0.5654109799196501,-0.12222168838739789,-0.6029251992397202,-0.958228243746589,0.47378812598389297,0.3330801665606524,-2.816768804807579,0.9780046559574949,-0.718816722542588,0.3551925753236052,-0.6067693395226759,0.5890536649900551,-0.018435080741512677,0.2795415750953507,-0.6169308418961768,-0.5030203961718673,1,-0.8321917313963645,-0.27828943539110607,-0.837083612328585,0.2865187524018647,0.24060092310329345,-1.145528487478639,1.2012146041308496,-0.8633800650237186
0,-0.9061916758501687,-2.7866414591565247,-1.1967302035637548,2.4582892898578557,1.1528867230081064,-0.9897843854696247,0.7751719992064493,1.0803471680404841,-0.27195605427746466,-0.43387426219080083,1.3575595020553661,0.6980763527760236,2.4844285559986172,-0.3509156520199884,-0.1176463423003758,0.5072053940937341,-0.41119758616402324,-0.33067967669962306,2,0.6366110024373486,-1.247985853689498,-0.7153516855999196,0.06923299214684919,-0.4979524850704973,0.28233696803255626,-0.40741449992536616,-0.6124148673081989
0,-0.01179893566467155,-0.5885513253406605,1.451076016363078,0.9393265638931465,-0.44667139476835566,-0.9593391905726065,-1.6107489005175137,0.7794915352519547,0.15500956426464324,-0.7461319856653837,-0.1707643467288006,0.28333644954137843,0.06654925186321858,-0.2560754648215019,0.1623855971468748,0.009883665286138155,0.2952738320310231,0.2285636065449026,2,-0.6036338720777779,-0.18127286768709278,0.7568700316895579,0.059506836614523925,0.006266762540434373,-0.6017947584543804,-0.3290812742086016,0.613508507168927
0,2.146405276588383,-1.5319713849579806,0.3366397740620123,0.18305634285796868,2.3757308047543257,-0.9913565482630411,0.8361224380320456,1.278631169450064,-0.31609942567095645,0.1643263135450608,-0.2914565591901425,0.4713888621118111,-1.0106358444571188,-0.10869933931147202,0.2556477864196567,-0.29992321990743676,-0.65175997996054,0.07450205906049731,1,-0.48387000072825126,-0.42464659418064093,0.6884246836455227,-0.13858845242106,1.0099699730789866,-2.6857438935996782,1.2131242567860219,-0.3485483813483784
0,-0.9811849570601621,0.14527035488330237,-0.17061140740522424,2.169816166273386,-0.35923118200019943,-0.9821559870089482,-2.297877107883332,1.9433075503119914,-1.20532045290307,0.03387460971478967,0.29945751487067973,0.6780865133462008,0.16072399667297949,0.8328253687760228,-0.8364523736622971,-0.5205063392587099,1.4007007941405223,-0.5835502273937537,2,0.4646616821739563,0.3775392280483322,-0.1664648790247218,-0.07226100473119243,0.042690627959962424,-0.4625089626288075,0.2838260390144479,0.4091829283953057
0,-0.3976257793962217,0.47920242219836395,0.3532400707048056,0.4278775042496115,-0.5870749077581182,-0.9192502616022852,0.6709028878181617,-0.8721659355006491,-0.7404286327040683,0.0034673190796939424,-0.756937921689441,1.1328811038818856,1.5339303991751638,-0.29286229840930506,0.23759243222259308,-0.7107961640418337,-0.14107699827592535,-0.44767475979977583,1,-1.2310402322515446,1.0992203959389963,-0.6895191556302065,-0.13858845242106,-0.6381684087732102,-1.9857916326484721,-0.4935128575938237,-0.22067043343002707
0,1.3796495677581069,-1.1264415478055605,-0.6764414410185232,-3.0927226084122097,-0.3399274168826673,-1.2576815341254748,0.6274305691446225,2.1971034330092825,-2.5225257253069593,0.014015687245571284,-0.7297816114870241,0.5482838879152804,-0.8479867760835837,-0.10710928346557921,-0.056248500150332115,-0.3915248405247275,-0.65175997996054,-0.09629181455526478,1,0.006591044892501952,-1.0430904360664992,1.0614016683562422,-0.13162907839442295,-0.6995659731611164,-0.19222324920867612,1.1642761646326458,-0.7293464307226017
0,1.9379243804173045,-0.21309332941367765,0.7933557886046885,0.8616179736567383,0.18991864128245417,-0.7930981593298817,-1.258938784366749,0.34614774773363993,-1.158826916672469,-0.21026413253625997,0.04053110930571033,1.531521694851075,-0.17859833968854216,0.2770623536150535,0.3820275062225492,0.4631191358007019,-0.4440172024994656,0.23173430782679455,1,-0.727857534224521,-2.5926857514120467,-0.7419453441803724,0.06865475454855015,1.241712513042224,0.3832604618456563,0.27568213327899055,0.23940310878350643
0,0.6414497454638598,0.055433402794129116,1.573475167796031,-0.21805016003070588,0.09953630220437065,-0.784573249021741,0.38892583558905497,1.3288602015928626,-0.38707035840819654,0.23269896418942893,0.12393729883513341,-0.08576706564016101,2.521629107247871,0.31068273779344036,-0.9229105491065793,3.4671775874161193,0.6266954152324088,-0.33679607597407885,2,-0.7097368504437676,-0.31566760440004094,4.447680456341846,0.2741507647301429,0.40322775683823237,-2.9408375627739094,-0.40051435561509935,-0.3687127965045851
0,0.5847822171262792,-2.529182446671318,1.4637432176697807,0.14280847682752307,-0.14959024528497256,0.23901413647145497,0.7172177984031322,0.011430463891493714,-1.3822682217773716,1.9237229653637224,0.29010184931357763,-0.4151446534679414,-1.2394478903004642,0.7405190737759121,-1.3191331167574363,0.4407840993609897,0.0373655031809805,7.940919757434541,1,-0.8672967120220529,0.06349132838440347,1.3445655002726324,0.18325418316134476,-0.32730926425138834,0.19114235517859424,0.7741900894270564,1.6268761175991502
0,-1.868177104086916,0.4844499471291556,0.5433029032757212,2.678200291394738,-0.6988441085276113,-0.400021444509013,-1.1275559883405095,-0.5411549481801008,-0.3675160025636236,-0.4633511644314217,-0.13911957706792474,-0.20806574705571468,0.23465386721699494,0.26450838347863503,1.4079172843358367,-0.18295356548443742,0.36554525044650177,-0.36616094149322354,2,-0.9722844692862802,-0.3082449232743316,-0.8273217695611055,-0.13460335803720042,-0.8170241502664324,-0.002706526687712485,-0.8749725903157483,0.5290441162863709
0,2.0404351364794495,-0.8205811677069039,0.35901122153556986,1.0061350264157407,0.14710484202963525,-0.32943946464623985,-1.2882711349700202,-0.03758615069320992,0.37612368831765225,-0.8039271421661961,-0.2029650593190019,0.7386206283530805,-0.9029338195376759,-0.4899933435927319,0.018501277258784032,-0.8332892458278992,-0.10881203657588345,0.5244844858875141,1,0.09773493128176229,-0.5556174216205112,0.37111711493647825,-0.05101361996000241,0.37073363449208796,-0.010619308094080515,0.4208515221602459,0.47119188837556075
0,2.0087624171665635,-0.30149457565676807,-0.13545031180312872,-0.5225205311848979,2.9142753819979994,-0.9173352071256449,0.5014840828026534,1.5218488953430187,-2.10609265012347,-0.2708881674647309,-0.6038973698887241,0.8772929207705471,-1.4735298866570032,1.502756591305387,-0.47037735377970846,-3.363052568463366,-0.65175997996054,-0.30854341429593873,1,-0.04270145714363305,0.020742901319816237,1.2225516419577644,0.009734265515268556,0.952916595614427,-0.5908486618820536,1.581089533874581,1.5976994272086404
0,1.10626607512688,-0.23682764411395435,0.17259817361035057,0.27780309091169497,-0.044230164307003474,-0.8851466066114166,0.6253176728279427,0.7697181242309847,-1.439068892433935,-0.19922665727817884,0.014412777829459378,0.35925960195735235,-1.6298660625673573,0.33800142264765476,-0.32045016662110615,-0.35793759389563984,-0.65175997996054,0.4469010747637937,1,-0.5794395616586896,-0.10715769030329472,0.24016902490743647,-0.0363833542722643,1.0013721188966005,0.4660261930030708,1.6847967531750583,-0.035699117798528524
0,0.07470193673759681,0.2527939687569486,2.0058549197762545,-0.35690205675155356,0.2382019184452533,-1.4626114795726566,0.353950031348522,0.14343240051817374,-0.6456422904961527,-0.23237668380256868,-0.11060729361876595,0.7997814650610304,0.21730751948076332,0.16581434685659147,1.9258450262576159,-0.8449702938058377,-0.49531777424901424,-0.018675581134751484,2,-0.01999964007245006,-1.4109401814600382,1.2767100393668467,0.019840223062182805,-0.8808834028907401,-0.3657533703211245,-0.8117423598059926,-0.07537553595850288
0,1.3393088776087332,-0.06769786965430474,-0.36472659417432185,0.3310738783248483,-0.46388453282784814,-0.43161337398051924,0.7620753191566741,0.33799215891518347,-1.6755455677448714,-0.39782974275238076,-0.679141835194151,-0.07790052284913473,-1.78526162662461,0.5857613068575943,1.4441934566991106,0.028761068797651723,-0.526154034389155,-0.23144704857075737,1,-0.6767434607661164,-0.5535172458562956,-0.6321577745311769,-0.06305239894098473,0.39214033881624233,0.8527900633743226,1.5907277326650882,2.714797843333101
0,-0.369971943343656,1.2031406141890615,0.5018891492389006,0.36142857246078874,-0.5245596808672165,-1.0930852030738134,-0.8868569046503539,1.4159827569489962,-0.47460606276233874,-0.6408375258591359,0.08237338998009897,-0.3632037047628,0.4897553880880402,-0.5790388165108469,-0.22451240042625364,-3.3807078876900745,1.0004130068075163,-0.34341903929612205,1,-0.3427668922960798,0.2799047733024097,0.31446267913123943,0.0398197483318688,-0.9739034138163492,0.14501894951838012,-0.7891466220724592,-0.40534975802901385
0,0.23139347728945212,-0.7483148710109941,0.3712908816692369,0.49118570927508554,-0.2073585506401057,-0.48301594595207814,0.45447380388135744,-1.9577002127198107,-1.2590262281852231,-0.6120100267340252,-0.8282157485354297,1.3978371571767312,0.9548320277442721,-0.6336851413484077,2.2952729411851505,0.05495359825176743,-0.39362476250053774,0.5767236379581313,1,-0.5892068787469739,-0.5160456065948755,-0.021657689838457412,-0.028434704625247397,-0.7590483978797866,-0.10755404431953769,-0.7118246336374048,0.026404945464775453
0,0.9907024925054961,-0.4468870410269923,1.0494117646099217,0.6168897899786038,-0.5960631514765258,-1.080692673542094,-1.4595115349805845,-0.6320374523608796,0.8272508604857121,-0.3797700535859935,-0.8760536254184295,0.1923905283275491,0.5152952456722217,-0.6033322294120678,0.7282022159548953,-0.010315245549774255,-0.09013122895118453,-0.05100738497665197,2,0.08425545148560437,-1.1160146645415059,0.6298958899061436,-0.055481200363118995,-0.3050041118688427,0.20670422655317838,0.7429399775248355,0.17218213590532286
0,-0.8724478725468126,0.9234461965045782,0.7878560520066498,1.7797332372889143,-0.5925726801258849,-1.0230241071385342,0.623310072632331,-1.6991714205580053,-0.7265637101914685,-0.01946240566191293,-0.618761186336515,0.5588682059946122,0.0934720048129769,-0.43854919977111273,-0.22330895405966839,-1.438133104471282,-0.10521291009640138,-0.12294639691128517,2,-0.4528812347224306,-2.645497897159499,0.3651612873975692,-0.01820511119851309,-0.4781046647188324,-2.307626944762193,-0.9008434958989207,-0.28862467078019416
0,0.8166360071509806,-0.531519373154643,-0.379777038696941,1.521657279209471,3.710002929593286,-0.7626587411519761,-0.6311984187642412,0.4758751377074554,-0.549155507313142,-0.27116035409287303,-0.4073380810353573,0.2960997069507291,-0.4852360480811097,-0.678883485378078,0.04815277989411085,-0.37517032809131867,-0.378558090903462,2.266673564831221,1,-0.77597960286908,-1.0241324868538992,-0.3541517698910173,0.07807567369487863,-0.40073508796992685,-0.16617774331079654,0.06366923211360564,0.35574706948145934
0,0.7246576820857794,-0.184631446796385,-1.9950341365175415,-2.7121393021921816,-0.10956493837559134,-1.331439146418116,0.616083159809143,-0.07969559751953215,-2.6633228948171825,1.008884999398706,0.09628035881570102,0.7766944753396094,-0.1328548235583682,1.109788073742165,-0.1705911174401058,-0.4761981584997991,-0.65175997996054,-0.7098547717364925,1,-0.46032514545272135,-0.5559608564344736,-0.6819959147313479,-0.13858845242106,1.1686120706758998,0.3799367574567598,1.3150670408682545,-1.8395488776850704
0,0.7156075474510997,-2.441489004145251,-1.413343115516814,0.5701437870568451,2.91441797566475,-0.08701124395796442,0.6674547859029785,-0.2802477359264762,-1.093367224701095,1.4664980595514,1.6736372474805536,-0.12303473699841365,1.0035942923712522,1.7503177098845748,1.478465083438212,1.5239658639511977,-0.31243591830862105,-0.6106689802261511,1,-0.13076374312199326,-2.167023486387385,0.6810866348761233,-0.0031473201441941587,0.31231102191976945,-0.23806529053292866,0.3766493496425912,-1.2266658681404994
0,-0.39113045257309464,0.6804723393483247,0.720667509992604,1.2714200098897923,-0.2483718285413592,-0.8293607613181635,-1.5902263563496997,-0.02116059567939252,-0.027032425886842293,-0.44867369742282903,-0.4054398411922637,0.5277715908942788,0.8983128926321173,-0.8693954081411313,1.4625456341548362,0.435919830050332,0.0938654073465609,-0.25298961995254077,2,-1.4690535586345137,-0.24065776197363253,-0.15453097486346695,0.21736417050710205,-0.46611690633062386,-0.3086023247295824,-0.8032996886158095,-0.8392408289683073
0,-0.3560055611204739,-0.11562214693460454,-2.072683482440902,-0.00541809466177956,0.1130082908142126,0.6947539825993929,0.311518348341224,0.36375222302776733,0.3542364091640362,-0.5194058531663686,-0.06753957836516605,0.5212416435137098,0.6829130551792264,-0.33076546858624306,-2.2039356195871367,-1.0204382312243205,-0.5768601875847541,0.6416775928656833,1,-0.43136061342419973,-0.6846906555175996,-0.5623897470879426,-0.05094716308378801,1.0272381712166156,-0.6504244448614116,-0.3569149255377891,-0.5228749811824103
0,-1.4240346450755148,-0.3892720647160185,0.631625364340708,1.5878249523989079,-0.6398246430554286,-1.0824217313800362,-2.223691900112013,-0.4791263540395336,0.8442071755127187,-0.08156537027339135,-0.9018974592454763,0.059952639429391774,-0.13094517405181483,-0.9255939442881714,2.407034934096912,-1.0223314707378228,0.007819579960398781,-0.463546323501898,2,-0.27782211945537616,-1.133963923512162,-0.837083612328585,0.018776982658440536,-0.5627377493502381,0.2248147794566729,-0.61299291188023,0.12716746127693865
0,1.6093945132997276,0.9275005030832115,-0.8679182586271779,0.3775418434059875,1.0877154199723673,-0.6530145770565803,0.49484754416174515,1.3034936901861065,-0.0644522529329578,-0.12591471062585552,0.024838398608090118,0.45210140896685486,-1.6663997367064742,-0.5324796122851367,-1.3862087964908705,0.8455545592484126,-0.390031701663766,0.005804212979431025,1,0.23860303991758813,-1.0693977923962557,-0.8352508955981705,-0.10103694209316949,1.133497926410982,-0.13258831675667387,2.0155410118963033,-0.48815454807895337
1,-0.9381584727279488,-2.0674761407589104,-2.6526782566522518,0.2399581352471345,1.992850409953416,1.2022570818050977,0.9554013690912309,0.8234199440218746,-1.095085087006411,0.4833583323260616,0.31368889103730063,0.855948471199455,-0.08941879029047706,0.851673674489916,-0.39472186505953305,0.4416393942422798,-0.48056068544891234,-0.27208686658579107,2,-0.45896605289903336,-0.13975805779184677,-0.09597712297018524,-0.13858845242106,-0.867126318416013,-0.5172206889918045,-1.21975314077183,-2.0582699838217757
0,-0.5711348517105223,-0.3109260185508024,1.2444034549712222,1.0699361444388766,0.038307112124364884,-0.13482140410151447,0.5141173602926528,-0.762064371106455,-0.4914889192297335,0.7275273790660327,0.7940997847776149,0.0561296099169612,-0.4256877034694277,-0.6008701874112624,0.3247138413788978,0.007075735141429396,-0.4300949676842154,-0.13118919853035957,2,-0.25182701685104086,0.7958662192099565,-0.5665616259433006,-0.09419367882031635,0.015278265449122808,-1.2318916694254503,-0.06748075014605538,-1.0246650454851496
0,2.24867707487614,-0.7240940151419308,1.3890674527167859,1.1437425215297616,1.0755104107219131,0.09344525021842581,0.4793790035219857,-0.09476543926025716,-1.3820349272926922,-0.5797814676105822,0.1885661431964199,-0.23888554961826797,-1.3302097847612726,0.23581290645685765,0.09376981690060571,-1.033915552329127,-0.3798958180789623,0.5547014711579095,1,-0.6954633765499387,-0.1479982336997168,-0.837083612328585,-0.08175884551028056,0.7237945642348947,2.41854573747042,0.7606520344827943,1.179916875521104
0,0.7620447250818687,-0.41946770243778997,-0.47972629127354377,0.9610139845547823,-0.4468497155267363,-0.2866733392632052,0.5665125620180425,-1.0529477818685211,-0.4429803421054363,0.463726445009331,-0.36088703444659476,0.6172387901590366,2.1361530415893952,-0.2175272603805946,0.10465338308319799,-1.05494862110247,0.08808542761932345,-0.064582358772965,2,-0.2969058922895562,-0.645855027122349,-0.726077963430378,-0.08712089895262791,0.04036460296069928,1.117624870512091,-0.2834394300264851,0.18284078094155407
0,-1.9076560728297478,0.4053950749391721,-2.98268762429774,0.7075331848541647,-0.2111134109651123,-0.19328118413388573,0.5994519094771598,-0.21117322922737253,-1.1330078826311794,-0.06809105318507705,-0.05389253771817011,-0.3998121578943961,-0.48129490786616924,-0.5286133959626443,-0.5007787356204851,-1.0826045009480272,-0.5503520970970721,-0.46291301949709585,1,-0.8029562787597555,-0.7455958570113255,-0.837083612328585,-0.09432380952739747,0.574776933377232,0.2123057544586795,-0.4575891996043625,1.3550788638025821
0,0.16990515622460312,0.606491701885949,0.9936467119309095,-0.5140339109926998,0.6049302740100636,1.6610706664897235,0.7195979289220757,-0.6742998955271702,-0.07218785803233925,0.34199682263815845,0.051319335930685175,1.4173519296735684,-0.06234026719094238,-0.05409198508648572,-0.041555885052025954,0.09267362341854542,0.12984695642184454,-0.2956280459689343,2,0.2775866633805948,-1.4141550259092475,-0.7688648657855053,0.1750182178522448,-0.7350518922524854,-0.21940216580236707,0.39073602039058264,0.5335081339414238
0,1.5197113631900507,-2.948231006030073,1.006597069681574,-0.42003712208681754,0.8909651663334069,-0.47695758278394534,0.780036390375954,-1.712200545945167,-0.9708658469273898,0.6775595050970719,1.2675304523373365,0.9577795247465244,-1.12935539456466,0.26626188583467525,-0.1157844428743966,-1.1290264943462653,-0.5143224421212955,3.9703242226391513,1,-0.5343380893652749,2.103325667096005,0.20141649039074044,-0.10455034461038132,1.5165216371918162,0.6112646083664028,-0.9548251101419694,-0.6673282545239985
0,0.5878974512259844,-2.3332184866022625,0.8942060170897569,0.9970242157419332,-0.2371492230987129,-0.7551925124759125,-1.0431225375274713,1.5958011406594952,0.9751982898233155,-1.0244155064275242,-0.7837278184944919,1.038834440801718,0.8357708196164264,-0.7894434016804445,1.807523301812623,-0.07519338421019439,-0.4290718383391434,-0.1294897677200981,2,-0.6844501507809247,0.4496021180316311,-0.7766183190861489,-0.10114742897236986,0.08009035721493417,-0.13347264657212568,-1.0493003082855608,-0.13669469202869944
0,0.7935131392304596,0.8052106992143027,1.3732323898591696,1.0698671679857845,-0.041425541324819855,0.10105924855860227,0.23473626749990983,1.254164320700994,-0.37166426391512813,0.0063361109483024425,-0.07191005110487864,-0.9538634400489863,0.70950509877292,0.14898653902485992,1.1791496031666073,0.6997213651902809,0.12057845669058878,0.08405564234006524,2,0.33044362610025446,-1.4598725533799117,0.5012071895040786,0.23806806846168313,-1.09095311408826,0.9859154233576658,-0.6030165352162836,0.5881056589704919
0,0.44930277898638415,0.10485709036157198,0.6444898479968342,-2.5590689302817187,-0.5223343913644299,-0.5441034466089167,0.8362487175549509,-0.16196677494124523,-0.14851808187284354,-0.14970684410459317,0.15235468508864858,0.6849240863621817,0.014032424610157496,-0.23978239267105003,2.051304998128779,-1.1726991777624163,-0.26685425386938366,1.4318387485502913,2,-1.1076296039262723,-0.6573793331824934,0.21062736117045838,0.017073088063577685,-1.09095311408826,-0.10270901336255256,-0.6752086874570544,1.135642736363281
0,2.24867707487614,-1.7075937023654595,-2.0415358807349655,0.03609615817996348,0.31419321247387033,-0.4956817182118566,0.6428923122201734,-0.7164249049949336,-1.5583910728555708,0.0944580470728662,-0.23403040052597313,0.25611917162059505,-0.4380795373963718,0.54338821739289,-0.9964773958830468,-1.289268174818843,-0.41240940959330585,0.8840134918445768,1,-0.9718878445835257,-2.078065384436816,-0.837083612328585,-0.0622054869146272,0.8858794787514133,-0.3915885937010959,1.7656583761459168,0.019559642324288917
0,-0.2668571382557896,1.4357274777049633,0.638333850164956,1.3349867927484174,-0.5667513032031962,-0.38829759836471645,0.010697005841295848,0.7271458748650367,-1.9528269882531366,0.019883462908287075,-0.3237633837630662,-0.2528435261255068,0.8931283191063153,-0.20642455079652422,1.4306795605008555,1.098321340154417,-0.3381242444285457,-0.0924362393373237,1,-0.7373289037374557,-0.7553049660195869,0.7231042667702666,-0.06466864105588097,-0.1418779396791699,-0.040030073537084654,0.36211130461075164,-0.7601902505203666
0,2.24867707487614,-1.3265282567436933,-2.1793076305980428,-0.22761236783163674,0.619056124413595,-0.4130896987698893,0.7181919991203422,0.5501966660523885,-2.242869459859701,0.6088698866773556,-0.24388919263670208,1.5851017151058562,-1.1521425464048924,0.32386713386124244,-0.3206564937526237,0.30921897922352803,-0.65175997996054,-0.34627888730229733,1,-0.719746482127172,-0.20456601750550393,-0.837083612328585,-0.06630380202509491,1.1620330856132095,-0.3350495125363708,0.5308808637505722,1.2579150766503635
0,1.4798943898495058,0.15649835789048655,0.22459466342539325,0.4250971218982725,1.90206952879181,-1.1443702030218776,-0.5592065734512031,0.18903790721176716,-2.2331398062412116,0.16965991563694233,-0.21508957183495253,0.3298770064159243,-1.1955542379940636,-0.35869954568545354,-0.5862574339990203,-2.45336284683715,-0.65175997996054,-0.17145672945894427,1,1.812916106160555,-0.9094098015626139,-0.40805030016005694,-0.13858845242106,0.7800430289307392,0.7834254451609001,1.238594185550784,1.2732488187950837
0,2.0114329746849076,-1.995618142151117,-0.49758479292302205,-0.681948932580913,1.0608050214921323,-1.025003798650613,0.8073364463871724,-1.305194992521408,-2.479245968352986,0.33635911425772846,0.5191423267749394,-0.1173644903392124,-0.18767704143604053,0.40231057501837686,-1.5912698998787964,0.23088892906393396,-0.3942021070564552,-0.4788829197382939,1,-0.2637018437105716,0.12956429710549072,-0.4446781840021841,-0.013102974256237146,-0.3466518644406257,-0.6714495348896697,-0.27473535884535655,1.6176147146652782
0,0.5767714841434699,0.8895924671388639,0.1616775255551336,0.5162957191297064,-0.42014980090870274,1.57376047857004,0.6598307754248536,0.32337141453760027,0.35883603329679625,-0.5648699518497355,-0.49410317321650465,0.12681062305069749,-0.879867411811089,-0.5767143358540948,2.84785086048566,0.10848074995867568,-0.19077632591161187,-0.3707164828751519,1,-0.8207483729818494,-0.8442333929587139,-0.6864911126883056,0.3290695263328546,-0.41257576602457696,0.1178509767873826,0.06974402952038161,-0.27990446770073213
0,-1.659443757266288,-2.242759869695187,-0.38657616439947795,0.6123690403157132,-0.626216613697054,-0.08631532923913898,-1.4523565589884961,-0.29867545431889675,2.2017265360216847,-0.17238516647382374,0.16797707663569666,-0.3938930280009382,1.2393252487108444,0.15404079280325686,-0.17014134719129248,0.4522464916326183,0.3535214804170447,-0.23749306174406304,2,-0.3431225969224557,0.6257484957752446,-0.837083612328585,-0.01704087108879341,-0.20817685326854962,-0.01377791069644918,-0.9292734127925211,0.23192742208940959
0,2.24867707487614,-0.7440736317778469,0.5601163316525404,0.6625015728636731,0.1431744103375694,1.2190890896069353,-0.442710365464156,-0.2540783854257231,-0.03459815424689083,0.32411378844098626,-0.41855898593176283,0.6223567203079536,-1.4574316342315803,-0.7361866292862965,0.37002230279406834,0.6517195701597156,-0.65175997996054,-0.3367282624511944,1,-0.4728577414682582,-0.5117079710486285,0.1220409224105031,-0.044373395192357126,0.6549591629666028,0.6442815033471775,1.9767760035391162,-0.19653961847144769
0,-0.2480570237609328,1.1271391833399589,0.949519202403655,1.697328788597117,-1.0481437479587001,-0.7986798773573471,0.1425999076262353,-0.6148505979038819,0.8270461113719626,0.1992830857568783,-0.17699164724912694,-0.01753628091106957,-1.2838332762520275,-0.5679101218102206,-1.0886810046372506,-0.9259690780368414,0.21171729834945055,-0.29729836436815776,2,-0.5946187150342629,-2.1271860103255387,-0.813119651748048,-0.043364373543303227,-0.6979663639165975,-3.3278924644664856,-0.8229692138899345,0.16136348391516342
0,2.24867707487614,-3.54488371002223,-2.780962488384038,-1.9657656434005495,2.05646422631904,0.27746746013647683,0.6762426345924174,-1.074797283948773,-2.5853543836242316,2.356600389051228,0.8554507627482809,0.6706581619990153,-0.4953807984851636,0.6521628216087231,-0.07992235527887845,-3.0043791947885374,-0.65175997996054,-0.34642068493789235,1,-0.21500399959208763,-0.4413304761193757,-0.5475382374581416,-0.02499759931997474,0.9635888787931739,-0.14701485017853122,1.6491549295080028,0.5246304635077236
0,0.8471986120967772,-0.544219653829545,-0.31937337134874766,0.4648218339333091,-0.4688820310892602,-0.796159952532454,0.8780504576793619,0.12100781527047466,-1.1924266180161183,0.8637791769972887,0.3086119739178771,-0.5233362292965229,-0.3060454793834361,0.09166824167301153,1.3781364129862643,0.5029312470072372,-0.4597607551549655,-0.09340428434764678,1,-0.11885251251459575,1.2049232858537233,0.9670165402665233,0.08653359642631678,0.3175719835441141,-0.64740563111932,2.873517882557616,0.9106710325294773
0,1.4571940642236303,-0.9473897853263593,0.7525643344618849,0.7810983828958225,-0.29079549088680456,1.389910636867095,0.9408413039523594,0.9360435722552348,0.4570431335090446,-0.759957324332807,-0.36260155777140246,-0.10882318962191023,0.43942668161151455,0.08863641612315853,0.5137922050552033,-0.4067769962791926,0.6075645932566366,-0.08464890100665026,1,0.2633697249397231,1.0611160260223345,0.2018485837658813,-0.09891295479305728,-0.6580510069580338,-0.37747548163288847,-0.21865443286474484,-0.441025381252509
0,-0.4203708942844081,0.1638765548735957,0.2770593680986268,2.1486070347422874,-0.23196225462651715,-0.5368327213217651,-0.03257069814164448,0.50590007157914,-0.3963650043081979,-0.3800236424144532,-0.03780158062770983,-0.4156864247754661,0.27869334026895864,0.8571170408115621,0.7682683741564504,1.001490566161012,-0.17499416362028863,-0.11966316638728433,2,-0.7615952749301429,0.26814806984723,0.1915677070737798,-0.13858845242106,-0.20999634052503013,-0.4669097614629333,-1.0471176302218197,-1.2078420256051425
0,-1.6037831865633891,1.6599641527376323,1.2813933558974175,1.2011835398297053,0.006357489122050215,-1.047317836604915,-2.58918649994163,0.7341215436094733,-0.02570625122519521,-0.7379575141118588,-0.6076899138466679,0.5508367708242075,-0.9029606139902162,-0.857116359169801,0.8568239344370348,0.6635988381952664,-0.06403769008620211,-0.33566601700070586,2,0.5330419945519375,0.20688269780891907,-0.47335527977174485,-0.039574720945208905,-0.3744294449777964,-0.16792848918236764,-0.8293448791430746,0.27272564889094353
0,1.9911156121328015,0.5252182400627388,-1.5660954876241884,-0.32252079601179684,0.2037299439584086,-0.6998891105625411,0.828149468291434,1.1811421626752885,-1.4046150674468474,0.3146287463998122,0.5821963282037245,0.46765783982367304,-1.0050744463451498,-0.19607172547558305,0.1477035856259188,0.0153336934357991,-0.026625621822267936,-0.35756151818135395,2,-1.87737378862638,-1.5865540461073122,0.4655587144352303,-0.07492983130303356,-0.072060414493923,1.0655943842763342,1.202801432818908,3.001023422822745
0,0.7068782939709972,0.08719461481463886,0.4382187303036086,1.776555584787865,-0.39564327771254926,-0.2828953449067485,1.1051509503833814,1.2763500001413974,-1.2627058288819053,1.830813385939921,0.04156117286651473,0.5086768720392021,-1.2863837649592171,0.5376079859949074,-0.4593120188850297,-0.2349805406327347,-0.28589709793228135,0.24055396555469602,1,-1.1998955178228023,-0.7736821127258594,-0.6600302852712664,0.17162713078310338,-0.6327846395426684,1.0417598337735952,1.600912323895141,1.0297738622488435
0,0.4766405555428275,0.5463274358722845,1.2046397581079982,1.358190462526663,-0.6674065170226661,-0.578063748608756,-1.950727425054626,-0.7893010562921,0.6128131761628739,0.9503335263603017,0.6436899124065474,0.75026209405943,1.6872596004352571,-0.03894970969228945,2.1602103647174875,0.01771092132993002,-0.12829231749130263,-0.16306828256767394,1,-0.3527679387782303,-0.2420947790510124,0.2289399719720621,-0.015671008386990315,-0.9962012073845425,-0.2097626836140118,-1.1405849272020787,0.12290773648054532
0,1.8288100984842395,0.024813954484594558,0.14789873022953676,0.5902718771210896,-0.04178304674542438,-0.06808426599880635,0.60015423627983,-1.7995751283253365,-1.3824493177913744,0.7622819392119116,0.11347265360577852,0.7267174752921047,-1.1071861973313248,0.47278610057158876,-0.7908425519601208,0.14033246425797347,-0.35666012987735957,-0.13374921074066412,1,-0.861878245663536,-1.1594511674618078,-0.837083612328585,-0.02076327255895956,0.4153420557291809,0.433597389830126,0.7683429738611242,-0.911526782316696
0,1.0971143093851814,-0.6729732446845516,0.8701191026292434,-0.1093752888558541,-0.7288431219020695,-1.1182801877975588,1.9844800689170858,0.33814889580823365,0.38688165432007215,-0.6071126719525174,0.44976101845874955,0.2503542674777363,-1.4684303495208253,-0.6410336529667942,1.9709829482536452,-0.14099686895693608,-0.65175997996054,0.040033533297296864,1,-0.47064482422044956,1.4491044774177153,-0.40115594732716325,-0.09038515008662201,0.555407329245748,-0.5006620235663382,0.37908763479373914,-0.251330910399557
0,-2.115124944787972,-0.5080053247072537,0.45263084691860245,2.7139079529717876,0.13805231595455836,1.4430171971952515,1.004658564787748,0.2299298214301142,0.4279497274885814,-1.3591641097282312,-0.26054565956314096,-0.5668379302545459,1.299658801915422,-0.935617283301085,0.6629878511037373,0.8496168168776441,-0.048224582750757805,-0.6074337201912792,2,-0.20023326638935288,-0.7965372972550587,3.695855700078043,-0.025896394811121173,-0.832239654586134,0.02031747386622021,-1.2195404332849415,0.2965425909264595
0,-0.7747707914544157,-0.15271943945392863,-0.7152810686538023,2.178715491435617,1.4114566377976243,0.9226602709885873,0.8871149257942814,-0.007099516378811902,0.7039523781244652,0.4057130784425426,-0.13480749694292457,0.5087768339523834,-1.1862212930399014,-0.18288463360971818,0.2510511407730691,-1.1148847798821537,-0.38574269539814665,-0.2657201543996064,2,-0.4901502346146386,-0.41948646650570093,2.0289013343858104,0.0047298278624860815,-0.9357463099352347,-0.5938439749014839,-0.7940609478969578,0.2772738277676031
0,0.9760564813657604,-0.06529138740980912,-0.45046587099493435,0.28874737170077314,-0.33353025438904516,-0.19515110344261338,0.9333307625421527,1.340380296017248,-1.9606524133982073,0.4390791375056251,0.19606810410155356,0.2632500256931228,-1.6406696302776702,0.09845223143268964,-0.8872421225597169,-0.6285181000949548,-0.65175997996054,-0.17488510600505994,1,-0.9141156013257656,-0.04000057456758577,-0.056622768751287134,-0.04261700324891066,0.421492089512493,0.6631965872250642,1.7562477933342069,-1.0997565239297729
0,-1.1670242881505721,1.2580278693155156,-0.18964266780658684,1.529078169468522,-0.6789111158154301,-0.6535970372330565,-1.7226156479719013,1.3182578704441312,0.5067843032907888,-0.4653852518844137,-0.4406490198950005,0.3898104507251529,0.7569688578073583,-0.8761370515494342,0.4943648298459158,-0.21676701132607168,1.1466954421119122,-0.2694201073457511,2,-0.9326155956597462,0.262218975670495,0.5337752288964999,0.03293058617013783,-0.5456098073221911,-0.6848739682189166,-0.34514118789378967,0.7314799571352978
0,-0.6832594295523639,-0.5061011006894809,1.0394777999959148,0.33226948811793755,0.6526631768174236,0.1840091592223309,0.9850440918733858,0.3168271177529862,0.6270984390507326,0.2265008456676809,0.19888063832749442,-0.017324792243659626,-1.0451943944543252,-0.28823496456834297,-1.234018618179387,0.5146270311077901,0.5075277600650262,-0.2730839762210611,1,-0.6600250924555405,0.388685490694468,1.0715694013833197,-0.043940989212282136,0.21746882856496674,0.4511609804821193,-0.2755579169965143,-1.2431906640131052
0,1.4456959361572768,-0.05031282876425483,0.9318583792682287,2.0191470346616773,-0.48032411051600277,-0.3798039468356224,0.665204703984371,-1.4819494793963386,-0.24536941721804206,-0.039328531951838,-0.7736379840596127,0.34319507039488895,-1.78526162662461,-1.2726616088521507,-0.5488967707547743,-0.5076662962435832,-0.6402940739553182,0.13873272387709518,1,-0.37516121210449,-0.46823039080671214,-0.7562647649082703,-0.1251652807441372,0.05798236577836274,-0.21308969482075746,-0.013719234605147734,0.7411660853644421
0,1.0207394802915164,-0.6218750034297242,0.9842284701424409,-2.085440104295744,0.02871163538518856,-0.26082803456001796,-1.4644771232278284,1.1446679950622642,1.0051315990035516,1.735138065540813,0.9061793754385583,0.8851040377823423,0.8195668676016332,-0.20268478048974398,0.2401414376663964,0.8696220271119968,-0.5038081746770874,-0.5381431056209316,2,0.04052302150907988,0.1306529588509175,0.8212323301239448,0.3544223614458478,-0.018128190908760472,-0.7404894312903112,0.6495007793303795,1.3625535601260135
0,0.8786572042641776,-0.28782735741145093,0.29471390011517623,1.3941807034939497,-0.26868021541098885,-0.46153715156126845,0.641629243677902,1.0763686869314657,-0.8614872465817909,-0.24706715745571764,-0.0844897406966796,0.36954227686933394,-0.4851412343398165,0.1151804551163268,2.2644812275300255,2.093340565621392,-0.12310506386215092,-0.5903889319864724,1,-0.4683277169485195,0.016971913735036148,0.4581363290889946,-0.0017488802024423905,-0.18695988926949442,-2.3184997878017404,1.3444952229089755,-0.09589120474255536
0,0.20445614329676864,0.7110482101913825,1.0097720255660798,2.513919715014362,-0.2629727291405786,-0.40579391498852735,-0.6739616678639205,0.48223993395499953,-0.972619044560572,0.6717985390830888,0.36204995126824957,0.5430274732462912,0.3476026366564254,0.2496673241991384,1.9843030662503556,0.3183485908857625,0.7788389981124233,-0.19438188511809953,2,-0.33776559223825664,-1.1333394786915199,-0.02165193380051167,-0.028678074742006676,-0.18722986366496877,-0.6877503520881187,-0.33940865701794026,-0.6162115123864782
0,-0.513982735954585,0.5790151453866512,1.050701821018647,2.0874468821992602,-0.16255295425408947,-0.8598576732774604,1.1518825379886795,-0.08089458627067471,1.2349514072184116,-0.11525826835296704,1.2827144436125217,0.37557873359922916,-0.6537564108989359,-0.590031406062763,-0.994847398606582,0.46729960097645695,-0.2139405831965281,-0.08895852729345483,1,-1.2450736933262134,-0.39290470533927824,-0.685364713700657,0.016355755356408333,0.4946940543927401,1.4616619564476954,1.328064213745682,-0.45055051156505
0,1.5192489562736837,0.6746163119073456,-1.252846409620171,1.7808066707044818,-0.1970775515334878,-0.7955896626992427,0.8466596235599456,2.4553129132389966,-1.8251234209102352,0.6466299458154345,-0.48810907724714414,0.17819062594073304,-1.0029999612386975,-1.3416902965796744,-0.03617418838660719,-0.4247866186518914,-0.34644687778925265,-0.30190891484933,1,-1.264336413826511,0.09265593577693534,1.0142832022456882,0.002198443227147108,-0.07729096986791972,0.7214145292003336,0.5479948909178792,-0.6877229333281883
0,0.4207825531318181,0.5024669158707464,0.5288863859171733,0.9133992677609347,-0.7744805430114516,-0.7430126784929607,0.8435377253777775,0.615544997825503,-1.198798167512537,-0.25014189278431365,-0.34800891350633345,-0.4228794831585059,-1.5308186546225606,-0.08918400854989947,0.3596380236636123,-0.7079229866427909,-0.318520094958635,-0.30426611164548983,1,-0.80528766110859,-0.44757877081221276,-0.837083612328585,-0.027199553026364835,0.679459179326307,-0.024866332946807457,3.5527864849410458,-0.5577564376597746
0,0.632630971983376,-2.387025096325537,-0.8304539487358659,-0.06454257339985325,9.59127820926442e-05,0.06648125250414205,1.0067088371114656,1.0645588710342284,-2.013881711132425,0.08384257732832556,1.2529775365484683,0.18430608555938283,-1.26256520148792,0.9470763957030242,3.160162990281324,-3.4191416392086644,-0.23715454564188748,-0.4355065156901562,1,1.108609162828547,2.0363754336103126,-0.8074807583893535,0.08994930914708349,0.6026092593296195,0.851843816955089,3.4607606839009,1.0714148916735193
0,-0.2085819598699458,-0.36882488312350603,0.2589787091975651,-0.8537857494101574,-0.5803564581326658,-0.7235280176920267,-0.48209107906373405,0.3083026118292794,0.03781370954690422,-0.635435387218676,-0.345947902953727,0.16166145092419237,0.4166185503335614,-0.5096149593190865,0.22938935483654932,-0.2745736383826387,-0.1736758205720455,-0.34356479474443347,1,-0.28480185016171655,-0.1964688016256183,0.1969780667538157,-0.03045542812734552,-0.13230803545088293,-0.5109855295779152,-0.6367124807409857,-0.06988637977693969
0,0.7758148973491232,-0.4740327064730561,-0.8290747422409221,-0.7777433579838104,0.36102095164761727,-0.23458096658380606,-0.4006864232234768,0.21149281340047515,-2.0959524986796056,1.4971564158150903,1.0298734785611523,-0.5813350815011304,1.6396316448837294,0.18698748208368765,-0.13859208256239428,-0.8344342680072825,0.40045960263510283,-0.1799352930212819,2,0.5058461965553978,-0.07833668043533004,-0.837083612328585,-0.010659375003541992,-0.008979101808709034,-0.159586546753347,-0.2558611055792732,-1.4668802774015932
0,2.24867707487614,0.8243835668401716,0.5726096968929467,-1.9276327994350184,0.286854485081616,0.6292123543798978,0.6285132245138705,0.525745061773326,-1.8027824754605857,0.4184549774045483,-0.1701128210233263,0.45770134484467007,-1.5249362718205113,0.275623224989468,-0.7975156548826259,-0.5730532992877715,-0.65175997996054,-0.5412746169924597,1,-0.19460502432476534,0.5157895486985024,-0.6741230672442539,-0.13858845242106,1.0062010138457191,0.08498811649467664,1.4128796999520281,1.2758599192738491
0,0.47710592534181995,0.17617409056602612,-1.449642197432247,0.9386505223135045,0.6285243868483973,0.7318663521379607,0.7577090203862117,-0.40617341157040476,-0.6078055930583061,0.3929969185953648,1.4485399955452343,-1.252471182869407,-0.2353031281592141,-0.7311564313196053,1.5020645230457825,0.7992141796249254,-0.65175997996054,-0.45700614592834493,1,-1.4523672216451313,-0.14189932944212558,0.606291193800793,0.021942786344298817,0.6442204611243609,-0.026505324002474864,0.6334772175201004,-0.20447011253358566
0,-1.3034806086777653,0.15917636493534643,0.14852172108147432,3.1758755752327215,-0.16292869514132072,0.011888859641299931,1.1119411792179146,1.2245598998211107,-0.5779446646624282,-0.3358195182642063,0.2765798790592735,-0.4502931991716636,0.6658860799207001,-1.1490586053563812,-0.10965616967974379,0.19878473513575756,-0.30364958436523726,-0.36738984234167493,1,-1.5121361636587074,-0.057936096767307876,-0.837083612328585,0.018654832440690675,-0.7238677904634604,0.33734493607893135,0.18667624044057746,-1.255371162418256
0,1.4574839544882108,-1.9146948708321452,-2.9962190143285703,0.11568534203650338,0.30269919125922545,-1.0532162576776956,0.7575371162912128,1.1423509854784664,-1.0106148165722755,0.7265441631835905,0.04881242629007025,0.45441236022026993,-0.5432518495774125,-0.14950422864510005,0.4300963157671533,-0.906678428409122,-0.65175997996054,0.7324088037227607,1,0.2453101377155722,1.6922625684920667,0.9664812249294024,-0.11154676872566563,-0.037676490505105326,-0.5408087661814882,-0.40134235284926434,-1.467899014942615
0,1.1653201370597635,-1.3937802920294395,-0.03884287106869483,-0.34909470684411736,1.276961055060859,-0.3956773921731812,0.4412835140546886,1.8494792363095092,-0.39078451383798307,0.7051838457451259,-0.3291131671258828,-0.849016643743957,0.04982493995331072,0.14439039781737942,-0.8634164482639441,-2.8008662639318143,-0.5366194291885618,-0.4972981005961644,1,-1.1119457538148776,-0.036074400254351574,0.9250697986923955,0.04680583847658143,-0.3027796483795432,-1.0117188404922293,0.8841044657702611,1.2847198377658264
0,-0.5072291405152229,0.8489740903015123,1.7054723161583971,2.004468959658525,-0.5815829805530033,-0.22059657603465577,0.6514905877625039,1.5554663254483094,0.4904407829042667,-0.3282862591946108,-0.6470267603028845,-0.03837177086877046,1.669860909102431,-0.148008620494324,1.8377505232813958,-1.4164969539836922,1.235796812990403,-0.028655709620847125,2,0.4849425519434871,-1.2499920435562093,-0.2377589090189792,-0.10238038880570322,-0.7740864972905921,-0.055092621830750255,-0.9469645061827021,-0.009466734278576472
0,0.8839427715388779,-0.06995170628830905,-0.8625493470629135,0.6755513466641339,-0.4958226170172195,-0.7024669939228787,-0.6696360778454197,-0.16910020904140605,-0.4747970535137487,-0.4229227267659197,-0.8971820014554646,0.19104310217175796,-0.8454538302117767,-2.0454830074711117,1.4618718744257737,-0.8899341675580364,-0.23569807756951708,-0.16430299420479536,1,0.18171467284803683,-0.2991960643233589,0.05645893355701359,-0.005210931656661498,-0.44769340294773774,-2.453704652379165,0.29363645413878187,-0.3071759881088172
0,-1.5970053606720842,1.5470688313089949,0.7321273684498751,1.4062463652075987,-0.6570884536237369,-0.43390953241315366,-1.105249417160672,0.5417420586135592,-0.17833752452025958,-0.199375048671212,-0.294884019398502,0.6148341656313583,0.6543501371484997,0.2465441045435185,-0.07816078956559808,0.5369753601870743,-0.13259759231376791,-0.24545078166342155,2,-0.3959951526830543,-2.1309040382857654,1.3077469849364283,-0.0036419870731031964,-0.6795450443302344,-0.43416622864630433,-0.8201776275105934,-0.606656032128816
0,1.7705329890169748,-0.5438425656803443,0.7553112338366201,1.5658001891134987,-0.11883426947129827,-0.5605179614253157,0.7426898659117734,-1.6676179524416486,-0.3875693340857336,-0.42728901738387315,-0.6880175006876125,0.3646328635221806,-0.8638204908411895,0.3761115291125074,1.2766444714379486,0.2330345781467345,-0.42804041793727055,-0.15061689582143967,1,-1.87737378862638,1.2099092181080588,-0.8325636322725927,-0.062148753293207654,0.9017799686471109,-0.9621110228644009,0.03348055017285809,1.997618006991035
0,-0.6735976504192359,0.15937533390049963,2.196195395633737,1.978010576668206,0.13203482924829568,-0.8174649847376141,-0.4059796807568521,1.782246462423636,0.1251410214768806,-0.2381409020884302,-0.03936999311070874,0.00671963649078508,-0.08037527014356682,-0.35858736532390656,2.4903933824054594,1.2766213755308584,0.12561856483807285,-0.46245763716395505,2,0.1373146059045178,0.43979260834525824,-0.5227516140451292,0.020946232813189664,-1.09095311408826,-0.19919331815581365,-0.9494364096060736,0.905604154039801
0,-0.2470548179382291,0.537403254614294,0.25294092273925284,1.1564578101051655,-0.9712485405618777,-1.3481697965912325,-2.487312315097955,1.298881734435227,-0.021330563301806882,-0.7217148940976917,-0.24108590418443587,-0.11616648872533865,-0.39736013965492534,-0.42092269235185686,-0.2755035570173955,-2.563302313401414,-0.07348997332584317,-0.41573435376731316,1,0.111569522944527,-0.6315516308248211,-0.2267793412092119,-0.13858845242106,1.7886255509966977,-0.31469744261055715,-0.4049756996452645,1.0331452847450384
0,0.8963782828589646,-1.7963386001709793,-2.502700813039932,0.1366399914547054,2.0859591108346396,-0.24521149848660384,-2.365009727073218,1.9211074081394472,-2.4761806904444934,2.440354629192233,-0.014192819889064456,0.46988724609850996,-0.8959790147757561,1.004838590467124,0.2182954573810012,-0.7985469396056937,-0.13039823822970908,-0.3572192890937456,2,-1.1088653090923204,-0.9499851133845181,-0.299413627677241,-0.052617103813430585,0.5394591021730225,-0.08150828482424766,1.8177723140779847,0.8287931897717495
0,0.4750440583955036,-0.44471729547204547,0.5644319775007567,0.8538094815820827,-0.04608318136709072,0.25707665893267584,0.9588123356750955,3.1902924052805712,1.0729461340463777,-0.10634223862960607,-0.23807045948899738,0.20186457057328203,0.2793337301413963,-0.5465754721187673,2.0422553666715815,1.1159089511745484,0.20850141758589824,-0.25697617439833526,1,0.1529829768913352,-0.4824628272432878,-0.525699638153149,0.35709914746679916,0.725798902818985,0.3515160699287231,1.1173773346714155,-1.3053342074307355
0,-1.3416413917244723,0.7199559159076537,0.9689297915994212,0.17819406286587347,-0.4711814173948344,-1.1131216578350915,-1.0869473667314726,-0.3263717607643526,-0.10455859873876805,-0.615819385183124,-0.3749435543187248,-0.5802142462391557,1.4220512871596007,-0.40892208167074984,1.2813248733768754,-0.006268717384752764,0.9999108590882065,-0.41173547874395067,2,-0.05496239210543363,-1.1408221601690434,0.35998824016649267,0.02017582411415266,-0.4837056726779866,-0.106832092048463,-0.538562231847489,0.37906486919089105
0,2.226346363430614,-0.5163788221416867,-0.6439242976278116,1.3122313874895157,-0.5758189569382282,-0.7901018389001865,-0.34768274209504335,0.7816585866162262,-2.053266384642031,-0.4891642598002054,-0.018632156171573544,0.5869416149748493,-1.092359038718313,-0.5647590727872235,-0.35734885509630077,-0.5550790085474828,-0.17600106133176663,-0.34704647809356215,1,-1.87737378862638,-0.8116344140141218,-0.837083612328585,0.1563438341764565,1.1042667345151171,0.3897999591507024,1.8929721537344522,1.1504471576630524
0,-2.373086809420957,1.5474292194052897,0.3167510022676486,0.42341244742534445,-0.6577564474710835,-0.9802455011484006,-0.5199228257678948,0.25371737562525454,1.2071742027036727,-0.4838360431158881,0.005288205497558818,0.30777952845920326,-1.0336064363212185,-0.24776688364463817,1.3817567209011352,-1.1312045748251496,-0.2562920530856423,-0.2884138933674033,2,-0.4988405160581195,-5.662912774707061,-0.4921956938885524,-0.015790760027851562,-0.5436445452986709,-0.3939315011616311,-0.9874066114902177,1.9707961813749608
0,-0.7166949474137162,0.9365336857678193,1.400671235243948,0.23323867238849338,-0.32903160792392994,-0.8678328039608869,0.4560994532641989,-0.7411510575436994,-0.16726596481427658,0.43980169401377267,-0.13737587305160437,1.241434695319691,2.5037298634282923,0.47889647659242707,-0.1679321074391188,-0.3763825964010655,0.14098420373067483,-0.31413190431922516,2,0.034803858722588954,0.23002845883750028,0.9340963486311051,0.0691273445320714,-0.13379263981348655,-0.11516152975546307,0.06433336923622188,-0.9025605133322558
0,0.34354576628102595,-0.1743957113729421,0.47346343154270515,1.326737522014211,-0.42554200502204803,-0.8902465410394963,0.4719802207679509,-0.13593377782830413,-0.4381741593350834,1.3643745511100107,0.34559083151365544,-0.0645797828229668,-1.78526162662461,-0.28384440808418987,0.24780854961531307,-0.5486853975254656,0.9490080972170392,-0.4243836047623071,1,-0.8020766290915666,-1.6683093609598902,-0.37135100773032614,-0.06716553111778614,1.0331317278948609,-0.22406819208289336,3.1486138321460295,0.06428230125384582
1,0.05148412250629115,-2.2110300548857875,-0.3269433381123043,-1.4351143365955212,1.3801513500863174,8.88335984940153,0.6266015043581664,-0.7003326314401499,-5.51952361243218,0.5477129270217049,0.7930206858525538,-0.8415832729472228,5.98529300691807,0.7538288479980351,0.4890801111026102,-0.16519638329491326,0.9667336787385353,4.898476539691013,2,2.21266642893832,-1.1958401312491045,2.7876219198548764,-0.03520299622050983,-0.6574577476291367,-0.22563069645472894,-1.21975314077183,-1.5616585216673258
0,0.7803900116178386,1.4971544819114802,0.23031558542295716,2.4808367453673976,-0.6661292027785081,-0.5910932918978254,-0.3045681781808902,-0.8859829002620646,-0.9804575647836901,0.24143526062283582,-0.23376393769382117,0.7766659858281925,0.023960419822065093,-0.6206881199831568,0.25662588571981115,-0.24015747634456464,-0.41127983135534985,-0.031823327038383725,1,-0.8223608532749886,-0.8582025411614715,-0.828449786865387,-0.07425263995090452,0.1348322845565697,-0.17469000240674143,2.195882715285921,0.7018690786960198
0,2.24867707487614,0.09496906209598643,-0.8070298587775577,-0.18262605653695327,-0.27196231187649267,-1.0560566661629278,0.5537098655995958,1.2808282534732727,-2.2019142041420374,-0.07936301491764955,-0.5928120252618222,0.5830390407271072,-1.2162482210932994,-0.20798656457741607,-1.108068475766398,0.17924006018436445,-0.65175997996054,0.6886499470475553,1,0.3707233118110161,-0.39627499179074366,0.10694100258903286,0.008233591382018346,0.16728330633209504,-1.3923925892152238,1.093626030749415,0.41640801960714224
0,1.3471428088574737,-0.2747098194144847,0.5432800556215225,1.8258137310178257,-0.11199528484370286,-0.27146801970627665,0.729149239511355,0.9422755203502508,0.04903827445517813,0.382385758272597,-0.04580881918651587,-0.4380582627060874,-0.7501024555908696,0.31524588682214216,0.48481145269268666,0.4656749572528325,-0.4912254501820952,-0.26049679517773927,1,-0.3453506933113586,-0.6717915578601957,0.664520116805373,-0.027976362845933186,0.03590723084164876,0.7404096737594718,2.2758125334643093,0.6987426656328664
0,-0.15880682404069185,1.525561788585086,-0.1318416845839945,-1.4207275830573363,-0.26971084903427645,-0.7312660640682436,0.6457586008283643,2.8763735323378414,0.16156573463170543,-0.4462273112218779,0.14445417488052642,-0.17668147294566214,0.6130807532090479,-0.9734011471653288,-0.6843085522428711,0.7521253228045192,-0.6214283968268561,-0.5730301453127902,1,0.7700386575066155,-0.24779071532041574,-0.1847691982664516,0.029419567908659322,-0.2970533008539151,-0.19013368401050862,-0.4990329354097235,-0.04189030017264167
0,0.9857775523509416,-0.1566682203938077,0.692862990112263,0.48806584400202074,-0.5219589679625317,-0.3278976031081945,0.6485862905570412,0.7236128164355863,1.5443776772808417,-0.7735750320663608,-0.9097211974926367,0.9004385928640124,-0.4412618407778079,-0.6332746302413093,-0.5169582946737317,-0.3704074230534186,-0.4519733584470063,-0.18055433116239303,1,-0.1657644401904139,-1.0542522709074862,1.1941368460894681,-0.13858845242106,-0.038309075145328164,-0.39137653782633186,-0.6771171831483135,1.3535981499182643
0,-0.8662180351829105,0.037095500748696775,1.7553677280231663,1.561219396928952,-0.23841672460913982,-0.6863279283982561,-1.1282247200588156,0.19724842827395178,1.3618978310987195,0.20061663566831087,-0.6157152302339899,-0.0032307369976615208,-0.695730692870955,-0.694464842754834,-1.1738495622917196,1.8763840678524646,0.5168111059146091,-0.32406402183856187,2,-0.6968187741784753,0.710160431515322,1.0175439458667785,-0.10616967513034786,0.36864533678967093,0.7470937629882265,0.19122685870680484,0.38144433714536435
0,1.0890186852237609,-0.2907617217137019,0.9301154859691989,-0.11851240097416782,-0.4902538223151085,-0.3371863276609647,0.48289312380395777,-0.5647591327437066,-2.0045450563550915,1.4780938708480669,-0.8165518743439913,0.9241160677117939,-0.05074142149365091,0.6956123275691719,0.06267738668550193,-1.438517316627863,-0.65175997996054,-0.11208893828133282,1,-1.152195389079053,0.6701992747051515,-0.5469373891917336,-0.13858845242106,0.019819267493750348,-0.2633982854980397,0.6637114768764415,0.5971198422921844
0,1.512339236117497,1.406365217116385,-0.1810576573970665,0.4786008670899512,-0.2114723884139205,-0.7722490706642716,-1.08889217577032,0.01672229466268904,-0.38826235175072427,-0.14795402833747395,-0.22152368593510968,0.5182423443795356,-1.2616546929609866,-0.16527395511874476,2.5546858270829267,-1.1731740869320675,-0.01396661705704258,0.030855023796798442,2,-0.5679869881083908,-0.3580987448638287,2.7422130706444747,-0.06611269193070995,-0.48537543657015125,0.6877992093448051,0.540263190536828,0.26807625498462256
0,0.164815440717434,0.5637713067571087,1.0308103525796382,1.3314536556894732,-0.9318145620578522,-0.8561809478355569,-0.48821387500695435,0.6229389845039079,0.46995607670782047,-0.4960640907354561,-0.20141457693220935,-0.4460162566014719,0.4166249009972689,-0.9476975516339345,0.25391179242180695,-0.5652281667413948,1.4458132288261711,-0.6154431817656334,2,-0.3779704070262633,0.05557076061354571,-0.5721528293087508,-0.060058646287190834,-0.6225365760287703,-1.5786636808379315,-0.592080522947463,-0.17504071991498307
0,0.5106915022125427,0.15649777362693484,0.9355740025562456,2.880980283635408,-0.7852252721912067,-0.8421480764613505,-0.9157757024616984,-1.5826888730453947,0.6241459139227795,-0.0732041880000458,-0.8630410935641972,0.7357023976291273,0.5441166530602689,-0.2455530891001788,0.6804409666429949,-1.5614144744039065,1.1717122609360673,-0.16852364190642508,1,-0.3872251391332603,-0.5003466454026967,0.25878689118993675,0.203006195247123,-0.28369713880765873,-0.07218921109147902,0.1594057117643998,0.03997083931232209
0,-0.7293474378854157,-1.19263044293396,-0.5369689436062592,-0.9663471116542302,0.17207982208818806,-0.18752889815166182,-0.761485759366349,1.4670143977068075,-1.7206457176589538,-0.2842984475760354,-0.3534790531799983,0.5863148506265186,1.2897597072029978,-0.1374760327778851,0.6620623298488479,0.9349577551763999,0.4820067084727252,-0.44177524128153556,2,-1.1795840868620804,-0.5749814261881139,0.051972091624219834,-0.04733998942139025,-0.992989809254568,0.7154582769506572,-1.122243698066186,0.9109089990012031
0,1.4025598685101917,0.9638021752011264,0.5657401871473555,1.1618191214372287,-0.30928831545702806,0.17629616838058093,0.9988688386593034,2.5539781732522533,-2.275148287547921,1.0582632133456784,0.418787393219783,-0.08258447215526993,-1.040602873300237,0.03006693942838956,-0.9263829611202974,-0.08067904914018367,-0.6487722386823863,-0.2746729927704684,1,-0.15554295691309056,-1.257153804440028,-0.4287528118745442,0.05424696681243804,0.3041571914569644,-0.27716267173453196,0.717486268529671,0.7239491006038496
0,0.40762695438283014,-0.8375054792833938,-0.24209618348938303,1.5111414463070256,-0.773933527455581,-1.103891756493235,-0.20285427652272348,0.653281760944971,1.19393269302632,-0.08344610422664123,-0.20718915235743768,-0.07352373203987606,-0.5630194710824579,-0.8088972678325399,-0.19176689424766127,-0.026009000025270068,-0.039813658946604935,-0.3819380063048424,2,0.7841068909661411,0.37891723223182494,-0.5080060485573743,-0.017992536530672044,-0.09284828164622627,-1.3534391878793364,-0.3875823733747107,-0.46193462106330335
0,0.1533739607582253,0.32431921125254326,1.0848789373876346,1.3680377821339298,0.3643042750775122,0.04137062808070622,0.036299726481021866,0.8783543741636446,-0.1444924019776559,0.3340719531327317,-0.44842196747912905,-0.13980152840322585,-0.5295053721819605,0.16876755102123647,-0.18210362494104504,0.1188438093587062,0.7114116260409704,-0.26061455753392154,1,0.35935912632116473,0.9645146625522273,1.1716577050733346,-0.06626459336205714,-0.49020313237859703,-0.5134690903648464,-0.4550474248930719,-0.4986729566784062
0,0.417992199070502,0.5140363875680232,-1.6767178771765816,1.423651482090177,0.02134312982610582,-1.0958168172436333,-0.6756255062310356,-0.2350019636921707,0.5056484701395527,-0.6021081310653871,0.4929638654469251,-0.7155598672949222,0.07099593681560468,-0.9094697337323974,-0.8774509072833132,-0.07828782470649931,1.255916259755645,-0.0854896123878511,2,-0.6262434643952138,0.08358283620920903,0.7689207090807852,0.0335727972211914,-0.5499338136274158,-2.374744845306142,-0.5956416781711152,-0.06864864978554885
0,0.45235854257728647,-0.20662292307044838,-0.9702986820770363,0.32824566529823096,-0.33054742459033676,-0.9916149848952565,-2.1503574809576085,-1.1243342154719593,-1.4332187868835788,-0.7816893470137354,-0.4147613655310532,0.6416672194843556,1.0654667108629279,-0.9809918772855513,0.4609717535882194,1.024909250280099,-0.24590680911496898,0.012733423470060588,1,-1.7102367931673288,-0.6260606056654007,0.032926261941043845,-0.13847531932011536,-0.22993217525234586,-0.42466529813739534,-1.21975314077183,0.13585468739549633
0,-1.1828424990446655,-2.257037133707443,0.9702592989719194,0.4368038403187909,-0.3852284778494405,-0.6142162845518111,-1.855234677625159,-0.049266927559516,-0.2149829766161988,-0.263742283713545,0.014594077603347022,0.24237552370936932,2.179647167386704,-0.81987689443632,-0.8957521280488903,-0.24591157189148033,-0.368087034109279,-0.3181041765446131,2,-0.42079239392925,0.06970623689260935,0.14437342978317047,0.11385910075038788,0.34283897732751045,-2.9869325050087507,-0.1935521188302246,0.06927423693157256
0,-1.3745515363556953,-0.19332579786309972,0.5530041558543688,-0.5968035521854358,-0.4862678687941009,-0.4216178179421318,-1.0256853115649545,0.27099853987995043,1.3723463241913532,-0.3331289669486085,-0.43593030247006065,-0.10179452106967163,0.026821676960824534,-0.5654625686646808,2.4156671302516988,-0.680972166091528,0.8711284610899936,-0.38930740889098353,2,-0.5623186799821873,-1.5073472626042133,-0.3156434579646274,-0.1238787511852915,-0.764915132498319,0.10548294512490652,-0.4804454736565902,0.011330488807110461
0,0.9616516878542559,-0.30449903244683885,0.09783316149751298,-0.24090431381775929,-0.5190339094487227,-0.30007012521939364,0.6715772352822896,0.9298655425758481,-0.02872745099758095,-0.22418946236039275,0.013663135628839584,0.005681434778636668,-1.78526162662461,0.20204171081793273,0.30213958835021654,-0.001224335258910192,0.6733139028706858,-0.25937673249242177,1,-0.3561734330531967,-0.3784830518853666,-0.018299374897475185,0.3251589700650547,0.2140576195819962,0.16745600475138053,1.164541670643559,1.312530883615824
0,0.01628706900118547,0.533585148124765,-2.5223653392193826,1.344901039893299,2.795187899581186,-1.185600483283834,0.6302902806024897,1.819160669929623,-4.379226934806569,-0.6224034378684479,1.1865028020689845,-0.011485709639887598,0.3168107817986251,-0.15806795080962055,-0.3828778195649133,0.4364365931156397,-0.4211755285465997,-0.4215316948691369,2,-0.24685534355358021,-1.8899812862264818,0.0642597323737979,0.014937740748913839,-0.28725650897302957,0.24881165431224317,-0.5954316517478091,0.08022254997065917
0,1.6192716477346667,0.06980762612488012,1.0770415579224952,0.8382999095043202,-0.24553803596784274,-0.9619279244850876,1.0225821987086867,0.8108436132591504,-1.3978225358095608,-0.36596496586091776,-1.064499956186407,0.5174813658397335,-0.5285661646718044,-0.9294373079276247,-0.5862550932124249,0.024706970897827474,-0.6255674294649617,-0.6290500699244871,1,0.2916688416755373,-0.03593546678013956,0.050499046025358485,-0.13858845242106,1.270570555128352,-0.20654835142085043,0.14504503249762696,-1.1651148418264785
0,-0.16105998223320217,0.8297260085819133,-2.498046304864213,0.4990647675291481,0.031539606522583453,-0.022135960114780417,0.7706862283959149,2.5123803083587974,-1.7182851102723689,0.387813704212678,-0.12286783969385846,-0.17104340499603726,-0.2657641550789338,0.21161459915212108,2.092766982298925,-0.4828436545927919,0.5325643343358747,0.5180824711327252,1,-1.0686831564180634,-3.384106019005938,-0.837083612328585,-0.011539345779767077,-0.6020789804741389,0.2738633670941688,0.6104992859905113,0.6131205741647926
0,0.05310118387219964,0.6644862326894379,-0.028015755610072524,1.2403267139555352,-0.32982296358527385,-0.9298763800335021,-0.5818705175835568,-0.4666275996578553,-1.2265669191172486,0.5989252200410338,0.05957691876616783,-0.008375724704305698,-0.873074089204771,-0.2612208505192162,-0.3545796561688921,-1.3322693006414215,-0.4771602357572905,-0.2038811663442357,1,-0.7618265341961517,0.6270375905049977,0.059833744490670915,0.0367287295089134,0.5450979311786632,0.31692789525744736,0.8543756756189769,0.3166358985707617
0,-0.9182065736121559,0.4853473130740157,0.21426068316218774,1.0095578197607895,-0.9357593685202913,-1.0599835203879733,0.01099416766846173,1.540802969001557,0.0016240624709266127,0.07237961647364766,-0.3780318615671914,0.35133238596437927,1.3628570552458936,0.0012036426051325044,-0.48149834406383085,0.8277511751057691,-0.10997428113209923,-0.26357506103787737,2,0.010863430053053014,-0.9258119375488496,-0.41595958294830915,0.1572019233860958,-0.6710858697873824,-0.43591910368540376,-0.8426026954185972,1.1105264006918008
0,0.7160571325887809,2.55463658305788,-0.7785326320628309,0.9072219852184695,-0.49428869479613646,2.318560666757538,-2.245569259675447,-0.011664366313279939,-2.2325447260110396,0.33437354365210337,0.3164919876497576,-0.283500077242325,-0.8306308785190164,-0.5286279776483758,-0.45158383777627986,0.5835933109565768,0.05825344449028122,-0.2542827700436746,1,0.665372991628325,-0.507907345570023,0.22233551060250129,-0.00022480292983883404,0.9118071873676995,-0.008992670555159066,0.29271939076820486,0.5021082374880611
0,-0.08819779089798185,-0.8035295237289941,-0.046514964169730555,0.7187274394470446,0.007878748977789507,0.23985125671865323,-1.4967308577569445,0.9920446977621011,-0.2856053265590803,-0.16267438820070157,-0.002513872424094288,0.09949030039223272,-1.0831721851913452,-0.15120836152819966,-0.22603216341320034,0.2837016720112838,-0.35902558841813326,-0.06282330891114787,2,-0.48452004579079966,2.465838503168821,0.24665939240029197,-0.0694217905984747,-0.5176755128173675,-0.26377338975680925,-0.7667186202292902,-0.08974678809870135
0,1.9548534466054897,-1.900548469211266,0.15793572988139104,-0.6657265831261439,-0.5327582243603767,-0.05552800338762917,0.7128952925653801,1.1465221842952227,0.10224555248765921,0.10378248313334046,0.2908736742729505,0.43893550306508233,-0.7507204076369403,-0.2679178195731281,-1.0017337042978833,0.8236755675267668,-0.5247260398001046,-0.022000665528228575,1,1.8650192230748526,-0.20469375298706385,-0.699158977957049,0.14471112154570576,2.1937265012652962,0.5275916556652025,2.7678057363903354,-0.46258217812741276
0,2.0516076041416538,-3.4742059410201556,-0.11584294450507374,-1.2886970649952731,-0.2774709014032903,-0.5362731902770639,0.6127860149554123,1.3890869552299672,-2.038015669633707,0.6260080823979254,-0.014032859198858674,1.0106921660766708,-1.4220638156859207,0.1367597000154892,-0.6855931749959391,-0.9241891585221591,-0.3322392714328213,-0.24231726664920578,1,-0.8454456050925734,-0.9328668137145935,-0.837083612328585,-0.10637802855601289,0.4594355959968817,-0.09611122234618863,0.1380407096073172,-0.17888558364247237
0,0.7916760740787594,1.1545105708122523,1.363649361439719,2.4727973107002716,-0.565794445073821,-0.09579951638919837,-0.9178562099200094,-0.2548809746547225,-0.9436908257091643,0.2873770603813356,0.04769107095249164,-0.38949540471513655,-1.4667216206515288,-0.525520205582265,0.4918503464446383,-0.02850202134635449,0.6339406989162014,-0.48698787253946074,2,1.0379103229124804,0.1722285607251019,-0.4846268736984408,0.2375461843064669,-0.5748308151022624,0.9306696182946566,-0.7422324124602733,-0.4356318190895297
0,-0.45060558788447347,1.2276509451697772,1.274303666188903,1.4767400473278993,-0.7773486773816665,0.15925479953180466,0.8333379758744645,0.2750799138941784,1.5234676043011812,-0.32997424170448664,-0.35364873669768704,-0.18717132922972662,-0.46184714341234495,-0.6455809569390754,0.08325076729884301,0.802218923475779,-0.042055940999176755,-0.21792496554438207,1,-0.41320387431736993,-0.8472848409280791,0.14389256514667165,-0.062047641252824505,0.3712282838343818,-0.388462444156074,0.893357614585979,-0.9960531026920876
0,0.5163267397425642,-1.1996701605659785,-0.0017860253829177775,2.0515621048679082,0.5428873052886991,-0.3515938619670351,0.9981814294683595,0.8252154189578276,-0.8273387902830223,0.8179940313373578,0.040687912373688684,0.1641723736205139,-0.9550790946902534,-0.9301214147416678,0.3022491654946271,0.5868503571239128,-0.44774140991933165,0.19143988324820257,1,0.6812098949582257,-0.7231285329307255,-0.8109092160830436,-0.01944433056862299,0.206988632028838,-0.2568029266204792,0.21543684272610117,0.030865509700956084
0,-0.7509389920497902,-0.45490461895585205,0.9971596327202736,1.663785393644722,2.2164534606792654,-0.13512796442391634,0.5944457899755609,0.17547491896535838,-0.6717170431271168,0.6129911865692836,1.1879845938033682,0.05167960159939151,0.5223958605029193,0.4715665884737371,-0.6309032709465503,-0.42385943194400366,2.1820507087988963,-0.25142964469722423,1,-0.6689343117622928,-3.568241394211917,3.250701602924668,-0.06372211372643359,0.4382961022615965,-1.4658073851446591,-0.985242859391825,1.0844882881833926
0,1.2777194363353934,-2.387752246854607,0.06505525505006882,0.8588258685283044,1.0093991859294038,1.6139213948784892,0.7018465859225037,-1.6359967796969257,-1.4962640821025024,0.2590935917834857,1.3713255349789166,0.4122495303946286,-1.6111608398080177,0.32365750637616775,2.266908249139582,-1.2516044827390411,-0.0728473009070626,-0.24788450379998417,1,-0.7104663711682995,0.8957620509205034,-0.6739807411680112,0.02568458032010959,0.5049057330468666,0.084022903794924,2.962450811118355,-0.1373037924816496
0,0.8420782376537528,-0.9636570284706336,-2.6685178736168225,0.0803961753563156,2.2601129608500328,4.133249066918168,0.959739943101188,-1.1447371088807827,2.800809157391897,0.10275281049948717,1.779080187264837,0.4115667275676423,4.242364482610971,0.2772752887386239,-0.480157474051496,-0.29925098893195423,-0.011261258484068726,0.780419426635294,2,-1.1408165248178985,-1.8978860844486285,-0.8073802012045195,-0.13858845242106,-0.6289896912053162,-2.5475834397512154,-0.5261859194164273,-1.7476210685035172
0,0.02134118818062014,0.22485604731366515,1.377611891306155,1.4115003116410085,-0.648477388870124,-1.2527799238317034,0.6915883429824304,0.022064902757414025,0.4990508801141552,-0.4593865362233217,-0.8013667472204743,0.6431591032763857,-0.280889390636445,-1.0869958285637404,0.6692594883437096,-1.2663630961357515,0.3237805021999387,-0.637818136256234,2,1.373527207846788,0.5477563555884496,0.26276083340153045,0.11837184640203444,-0.4373002483180072,-0.7762837008969737,-1.21975314077183,-0.523246960683194
0,0.18948885485001574,1.4151393273509396,0.12964081116815035,1.222086129281711,-0.32368185529705096,-0.5296516832771154,0.44753840164571,-1.0926225600843746,0.08035833677277365,-0.41722789672685046,-0.027487169650609544,0.03667889214346595,-0.07084100282818379,-0.014959969618594915,-0.6319267347856214,0.4754358606673432,-0.25817712665240233,-0.0495474018357345,1,0.041304300487211204,-0.3480142006445629,-0.5384307483284625,-0.06825514558316748,1.255979831119957,-1.378411007011286,1.2262601575494065,0.17499265153824806
0,0.08431932058302227,0.14233971822334723,-0.17155325621359208,1.5341402274323501,-0.36112010404112616,-0.5429692309729681,0.8243669544301638,1.5229883276289256,-0.8620046307877047,-0.18144341046810228,-0.8526431790770752,-0.3982860238021917,-0.7782495794706621,-1.3072398765866042,4.53622087412953,-0.6259984461121604,-0.5469550648431576,-0.506538010163941,1,0.3601547712617318,-1.5514551910460737,0.3873862456544398,-0.012702010043457036,0.4751865621033319,0.5767652496386242,0.39342476949675154,-1.296454848263072
0,-0.6431479802569583,1.4223532047689353,0.32834671386258263,-1.8289339831754958,0.12361837132698471,1.7353552815329527,-1.7711537979786394,-0.27869578415105395,-0.8036652222990978,-0.21822885531376557,0.41331874032698346,-0.26085392082556524,0.49069482513691604,-0.32159320252288653,0.4263497925938641,-0.28703224144771067,0.4574305330956271,-0.4960998907863232,1,-1.87737378862638,-0.39648019603235407,-0.5077942795364238,-0.13858845242106,-0.678063014688705,0.4905298288470846,-0.8394153868960011,0.2540262520409075
0,-1.0246511729061585,0.6460916433093598,0.2913167527448227,0.905307954867493,-0.19809370805201534,-1.0694138568835143,-0.4490814526746071,-0.9244888077128617,-2.9529905973023,0.5334191806697838,-0.25410052943777894,0.4016603628460081,1.1763982318252735,-0.15255863290083477,-0.35519644027465047,-0.5036229387705589,-0.3512933132953988,0.002391082382317722,2,0.6164182018669533,0.009059133963784105,-0.32242919623241917,-0.12425278994853964,0.014200666388534372,0.03194343154256529,-1.032383926654342,0.2753301683571857
0,-0.09476990372777333,-0.5017131879343244,0.28783199125934267,1.5696805876455202,-0.008570024337945292,-0.6989167900902558,0.6479581198017883,-0.6886635845028386,-0.31523499347141315,-0.4060589620893483,-0.7717616610114454,0.19442997205574922,-0.8447313844874151,-0.2772624105400442,1.408815696242993,-0.22813937363512649,-0.4725620170121896,-0.05417616469420303,1,-0.8681987705856862,-0.6568035013272396,0.5208787397238719,0.01176116424533255,-0.48345748122413323,-2.234146313666281,-0.710337687019951,-0.06039394987350288
0,2.24867707487614,-0.7664436837674053,-0.7937106998283778,-2.1783434689576415,3.676220876786356,1.5600718631977117,0.7804186872385235,0.9502951086572827,-0.5517302125483443,-0.059766813525485074,0.3200512911205035,-0.4861591151924725,-1.539231508121183,-1.9594307223607852,-0.2362982118066771,-4.663066692564112,-0.5103825367569211,-0.0974891894043649,1,-0.21719365638372734,-0.5329806427565938,0.8968935377541803,-0.026638893589524253,-0.440194476628036,0.08565394054593511,0.416882139707461,-2.31159320995854
0,1.7686941890315055,-0.8526196568615529,-0.10624618073260489,0.34068775302307475,-0.16172997111557746,0.01530017230058256,0.8468526091409605,-0.017251789704274767,-1.612921569827349,0.13291578882707036,-0.01909050968284963,0.02768083694915413,0.4126852683862746,1.0158889842317338,-1.4412181535887736,-0.24433579575944303,-0.43820644364249217,-0.24125925785732957,1,-0.7683555087279872,0.5087139527551006,-0.837083612328585,0.01351702378698283,1.1926980264778557,0.24981504470703536,0.5721930483123162,0.4732718500891386
0,1.021150697057398,0.1658823296361131,0.22513849969041919,1.2535159576815644,3.3099953789664704,0.10498704022223582,-0.7434478572877438,2.179715912083879,-0.21806289638601306,-0.5074801016827161,-0.9858268762818758,1.2730356020896685,1.0896890624684543,-0.6829043347305022,0.3834005947421177,-0.0031806049738349884,-0.21316903532958287,-0.25286214802484924,1,-0.24786335675931281,-0.496033160177622,-0.7046496752957343,-0.06669388483117882,0.7439572273800812,-0.3917494744079353,0.9418996007023941,0.20531636425104782
0,0.4692546056964273,0.4045350933630729,-0.03770905868352059,0.0043873483919320555,-0.1741496992252349,0.5960909702645064,0.7605003186804312,0.906774117340011,-2.3040992728375844,1.249651798225755,-0.01601443125352775,0.4609235333401603,-1.78526162662461,-0.5143196601956452,-0.723975879243284,0.8404067130607058,0.14791853881113518,-0.03826444743407979,1,-1.0050670629538034,0.6217955239475477,-0.5425334100811766,0.06369009440723511,-0.3067144674293287,0.3624773565089144,1.0585981228025962,0.6317681369009227
0,2.1175404282689336,0.057639115746605296,-1.0583696990735845,0.9991552671233818,0.6168656957546853,0.13136449218015867,0.836830795358605,0.6814054314497607,-0.8614621687875921,-0.3227491553098955,0.763002528553409,-0.5865948102871517,-1.78526162662461,-0.4069746220721808,-2.004733640360357,0.2976671346587614,-0.3660993034887304,0.01230468363466175,1,0.5014585405953836,-1.834039932218369,-0.7171117320007675,-0.09134644147954968,1.2691243283124782,-0.11134772128803987,1.7075440760200213,1.2063704841348595
0,1.2638617733050426,0.26496892841950714,0.6833355828761314,0.5507084973765772,-0.39810540995867366,-0.5596726291892544,0.6390418403499278,-1.3792828808510393,-1.7008882343864333,0.038875119428781385,-0.5008786584580329,0.275155116751587,-1.78526162662461,-0.5590579386228554,-0.8565006632049332,0.9280103790321287,-0.65175997996054,0.24358006464779125,1,0.18513981586963676,-0.2525017982825329,-0.6948217879868824,-0.13858845242106,0.7707771345948863,-0.005814453042189943,0.5063307664944473,1.6650494767350286
0,1.441863061431327,0.29871086478429665,1.291483049929257,1.343600568406384,0.17315035821973856,-0.5443032723660056,0.6314872955117506,3.1053486243984953,0.3108849661665597,-0.42500655581435387,-0.7723525852567318,-0.2210177682863499,-1.6961685604645393,-0.38678054667929906,0.9563003360341445,-1.3017218252495688,0.2957424354648585,-0.6021107499286062,1,-0.24818849851288374,-4.502521169429871,-0.3746436688607977,0.059225121378628356,2.1180906347917463,-0.020077396108196158,1.4744618420341575,-1.47117065223908
0,-0.31111173874091724,0.07033241927005995,0.6808877260186339,1.2409099928757221,-0.051014651285151646,-1.0325535171943385,0.8252423590317698,0.37601295059467654,0.12914825164182647,-0.2890850550824547,-0.23594834187236818,-0.010105288302475701,-0.43630390212243475,0.031242547813008475,-0.05948150855432188,0.15979125486329948,-0.2679568017610603,-0.25723234571189435,1,-0.4836428762084263,-0.0364945977922726,-0.679552613692953,-0.07703402876163995,0.4981560045328411,-0.2761428015223548,-0.4418324874097182,-0.16099806740865497
0,1.5085931722724921,-0.4969863789486613,0.26108499380555555,0.6010247182509658,-0.29369334933955643,0.01750426159183547,0.8089437397016839,2.8184257489762614,-0.7097869157672093,0.28312776455318756,0.09017544522413154,0.28844931835921783,-1.010771458413502,-0.006247756100081575,1.197350523368266,0.921228957272178,-0.25988997440927697,-0.17171423455570425,1,-0.319654688860723,-0.08753566076927055,-0.3313096075259341,0.3579545111349166,1.4973746713482314,-0.20439133190340436,1.7461417642204955,2.740896774909197
0,0.0461923225082842,-1.6115746220355165,-0.459538132613112,-0.8026621387783897,-0.4739134536345302,-0.35075703350898857,1.51189254428707,2.4196184345768232,1.3943218870702703,0.9761423112378482,0.013606418311834734,0.4842715195374376,-0.48344600558344747,-0.3920512023085734,-0.1267656935946591,0.5605304144450648,-0.450694255635189,-0.283444754934715,2,-0.8767622136023312,0.49081791228849014,-0.6503873248530083,-0.03578079726643463,-0.13047067674973806,-0.2145321344341808,-0.5463041046787341,0.7157712341655893
0,2.24867707487614,-0.04951813531564121,-0.03566401137968418,0.14686918175173302,-0.803315054755964,-1.6243603196975058,0.568415562600462,0.2723396045436517,-2.509450564382042,0.039093459175099654,-0.6598200178817759,0.4894682762199049,-1.5422045843969776,-0.6486102068028676,1.3217855823165652,0.6382399748260931,-0.65175997996054,-0.35105035435299364,1,-0.19830622997291847,-0.2088097582947045,-0.7238728716763405,-0.07712598920045666,0.9101975799539588,1.0593962340985272,2.4424323262986483,-0.8946723857492658
0,-1.8144687756853153,0.014722572284180169,1.4481124331480015,0.8769709124805621,-0.3208953435846905,-1.1094588077298808,0.09510945499620083,1.9328514324821509,0.8136137986755583,-1.1536384467507652,-0.3888440206559902,0.6982598268821005,1.581454320692309,-0.6388641286727499,-0.021829233014494576,1.544524437812954,-0.18039704209639745,-0.04275291680509302,2,0.32201984165460856,1.0144331997318623,0.7818721228923207,0.017840968088977602,-0.9471086562669293,0.028076476532168826,-1.1113034523305645,-0.2054645729060331
0,1.7491511492747387,-0.24574702213377034,-0.5920483368243228,0.158940718709762,-0.1500925251630158,-0.7651063204129354,0.9364365352445055,-1.5523561715368699,-1.957868503206818,-0.7573705306301174,1.6262808963610935,-0.39818409356935147,-1.3215679125007198,-1.2247333161348157,0.37159675707987894,-0.3310791937762063,-0.27329822338797816,-0.5072535827030714,1,-1.7026558792588675,0.577018747369649,-0.6860990460534585,-0.0048766624373924455,0.3687364031048851,0.2270299354143049,1.0353902246937534,-1.4901987068754992
0,2.24867707487614,-0.018087453815706006,0.8151900577554286,1.9300439088187527,1.779639633585968,-0.5257014830448069,0.6939613364997828,-0.9513633339446262,-0.023307871816032666,0.5096084345059031,-0.12653179407105308,0.13179765413618727,-1.3214869775262594,-0.8759295056201302,0.3228401840376718,-1.4110297963300409,-0.337864442618615,-0.19854537968855965,1,-1.4180218984616704,0.09142147191751998,-0.6329519024770671,-0.0496478748679306,-0.40610699255243554,-0.07170307237324536,-0.28684735635036,0.30976006061419187
0,0.6782945511876562,-0.49396903163299566,1.237716499877262,1.9819231161370525,-0.4234523196110254,-0.8474940482142794,-0.23442504053083657,0.1717744304250446,-1.942399305948602,-0.2754350537622881,0.4229532429880277,-0.3750366402352819,-0.6255656437001719,0.22744094561465444,0.08805222819686709,-0.026130500737169715,-0.65175997996054,0.6753025116029308,1,-0.7845495437076686,-0.21633191130244303,-0.39601591715045714,-0.046741431362187204,-0.8033438087863751,-0.9502093309434434,-0.9407969168109243,-1.4068885508717313
0,0.877546902143955,0.39318450024718155,-0.1756639226275003,1.58468301206148,0.012572607301088667,-0.455379389833691,-1.0541380932164415,-0.5719731447204124,-1.1465477985091783,0.19282086652662633,-0.3825266299302613,0.47971274481336923,0.22809571126680628,1.2606769163577174,0.304687236369533,1.9956022425304523,-0.19432137646660966,-0.4607647547347335,2,-0.1442353887781244,-0.1292929459185231,0.9516329248756779,-0.053405360473994454,-0.5353933319829756,-1.4620211704796562,-0.7544593544313989,-0.8246269351767357
0,1.6922386082190923,-1.0033214620481725,-1.6224318872050132,-0.9685889498954866,-0.0684865829540291,-0.5209341481926144,0.6274085013064719,-1.0747348501810419,-1.474908477733441,2.4131661020083697,1.7384653034491828,0.43637482182815923,-1.6192931398835986,0.7327669583029593,-1.0284499491939099,-0.05425835341190366,-0.09820919920969784,-0.10478009325147797,1,-0.4867076524354278,-1.0123974884760674,-0.7823579189872409,0.04916988202481537,0.24263467203153666,-0.37582507525228104,11.63436531767561,-1.0882588419068266
0,0.19998871640027768,0.14581490908829792,0.9471773352158408,2.065348840237712,-0.4616108872325559,-0.528198899554674,0.9386670003273617,2.3484390199649487,-0.011254790935226688,-0.2838631679310172,-0.12871859180943102,0.9871623097403697,1.194583135885496,-0.06237639618943858,1.2390823186522433,-0.024079396282778054,0.7395121661377774,-0.24817030272122714,2,-0.10908919423660067,-0.2078466521092493,-0.732941654454663,0.1291154652037177,-0.4884286043652263,0.39700792823484254,-0.7714810756336417,-0.5880817911993526
0,0.9969761171324338,-0.5583936704894701,-0.5854886650087749,0.5999717801043993,0.0875190977670363,0.11457025328688075,0.8865359955009028,0.7618581490015581,-1.2092854951203778,1.170879095387033,-0.5990841198119783,0.5396792193121079,-1.4031904741095875,0.7414426071279666,1.289701203086108,1.4178316844808347,-0.634870079106326,0.877478893352455,1,-1.1352702082847785,-0.8372159744726108,-0.8086849536179608,-0.13858845242106,2.0771726632717,-0.6331162091050115,0.521868235760858,0.009234637815121238
0,0.6511576658193234,0.0038049444006614808,1.0557996747329161,2.019057547634942,-0.5213947139977536,-0.381549548359162,1.0290095910225434,0.8863211532351751,0.9653947900411047,-0.7901350068957353,-0.22245147059404607,0.034561161608348046,0.15562317856857333,-1.145595006147199,3.094219362808019,-0.9633721082320081,0.8029153627014431,-0.2975322868409993,2,-0.1441548489709262,0.07929501663288957,-0.5640047918743635,0.15717855345216308,-0.43218428401948483,0.00728544583690692,-0.21162240267315088,-0.11981995017097427
0,-0.04305106819011187,0.21316056336093758,0.5021982882081881,1.7835573590414837,-0.37653321524168787,-0.9558285002678697,0.5626620372484644,1.5355205034693737,-0.2458513818387567,-0.2825692071164444,-0.5364065867457626,0.08129743953135954,2.001606861232292,-0.7134589116689259,0.975063885013925,-0.5209356396443696,-0.16985089201288334,-0.21126685864442274,2,-0.3573035824397207,-1.7898081082751007,0.46664367906521675,-0.12163603450059945,-0.38931050077694285,-3.493156629306236,0.031593269297854665,-0.2690776783041318
0,2.228885861908646,0.11137559207671194,0.7200595149132633,-0.3881294480407361,0.07012878376571324,-0.24899157118759074,0.4529124448204476,-0.4545868430939708,-1.6621904256259965,0.9133230283220931,1.4438520175471652,0.08402502084073299,-0.8773923033268827,-0.21002467706574002,-1.94808859888217,0.237521049534146,-0.5939579689203596,0.6710619110692628,1,0.14706161784586927,-1.5773187500601171,-0.6842658571299105,-0.09335753428407458,0.9304820651798085,-0.46918903043049776,0.30038678313412237,-0.7802823712773931
0,2.1240514737996223,-0.4346135016315124,-1.3487019388442247,0.5810519671748632,-0.12853923115831772,-0.7533488667557344,0.7809654415129923,3.17784766492166,-0.5345803919211816,1.673086412276066,1.1451689614894995,0.7278533517215628,-1.1556523325763308,-0.2721927284554787,0.1540837586782161,-1.3596835638681086,-0.65175997996054,-0.5077348707194471,1,0.17805317429326287,-0.353973951730853,-0.8289360864970144,-0.08990278931275232,0.19256566978640632,-0.22402683890736957,1.2548787116843108,-0.3032280701600297
0,0.23116100902173206,-1.392803566889114,1.0451417818569326,0.6947687012123894,-0.6007085548046581,-0.4748482738390286,-0.9210930469089914,0.11583029718227184,0.3315292925314932,-0.4219598950261419,0.42299755408843553,0.6450390718304728,0.677283727151742,-0.18884514193889346,-0.7842193946487448,-0.3893651816414992,1.19756723836884,-0.2228880671882992,2,-0.4795706100727759,-1.8535198476481791,-0.6365164732368707,0.013565267458808497,-0.43221256452458884,-0.015445825630062249,-0.6600939084515375,-1.5215064230051736
0,-2.9074967341949307,-0.3610590627790107,0.21773913821443835,-0.3574667628919919,1.6139890371536234,-0.7662742538423131,0.5131843571346592,1.603399919934779,0.5137759543926599,0.3099212945803491,-0.7299589941448188,0.4481296099355221,-0.04516135010645661,-0.3031964073788459,-0.013344038852051598,-1.0169163628014977,0.8217843422484081,-0.2924032583964603,2,0.7470837843907189,-0.12210880464735327,-0.528768014394786,-0.035701087303605786,-0.6688347460583786,-0.9068821446630475,-1.0201395685488115,0.2789817358498227
0,0.5888240993035552,-0.7089052968719787,1.1010090134129007,1.9193189437826632,-0.35572452099226315,-1.13409557846962,0.6268560471289408,-0.32308504901659235,-1.5773609749976631,0.26771773277286837,-0.119794793225164,0.3043278200143338,-0.8974848947930991,0.35746863994859535,2.6631044989021055,-1.9145333058507237,0.03569786449217702,1.2654652769209545,1,-0.9723701892341827,-0.6668601586706014,0.28429874480964246,-0.03465927903873765,0.28529032967410595,0.9426729924075434,0.45462906945636594,1.4209979612915602
0,1.7491627506749898,-1.132592077192734,-0.3156447841500613,0.4030663210741956,0.15472322735059837,-1.0157074923033071,0.6333630441214481,-0.8836349847542324,-0.08704725474948916,0.9140649861809906,-0.3162648965554262,0.6078276446671282,-1.78526162662461,-0.43575404205088775,0.3438147653404451,0.985031974554625,-0.65175997996054,-0.2267155284434103,1,-0.7676839204503456,0.24718318552932872,-0.7399163436751997,-0.13858845242106,1.1437410148764164,-0.3322475612006471,0.8773305294678057,0.02297675201679572
0,1.9391215317388326,-3.063928372773992,-1.1144142573879854,-0.6284132802021257,1.9180779613005388,-0.4924803087449599,0.9666766854532554,2.6423331793041926,-0.9693469466484889,-0.17573869080200213,-0.684869373280247,-0.1990471410473733,-1.152367805513282,-0.8938878425086609,-0.10615378870853856,-0.2955803827436189,-0.5379538666333142,-0.25117482523146983,1,-0.9329065417717644,-0.3779299588860516,-0.8184806208281088,-0.038798615193394795,0.5695469793028886,0.4349648022160082,0.17614719848165394,0.27908476186793335
0,-0.49631774060113387,0.29086322552091837,0.2570042294668288,-0.37181393163919013,-0.4440677789169947,-0.8740456070732493,0.7215343684949652,-1.3353500703999817,0.2834080127600682,-0.3134900963768664,-0.6155991390240304,0.6439650919303983,0.6505181500798798,-0.0075535488204862555,-0.549044677866672,-0.6814708940952854,0.09485251591439628,-0.2784154453805722,2,-0.2968649476378846,0.1003149107272151,-0.8008796600650262,-0.06257548955014257,0.047329174220531844,-1.00301885354492,-0.21250225851279697,0.13604487829033785
0,-0.2993018276835274,1.3854270280088437,1.1524123816771004,1.7065192256893804,-0.1697575862786801,1.936895263267244,0.5977005360144028,1.5441925983451552,1.2946512421773269,0.1501129374714515,-0.33642334779948035,-0.17390175788241374,0.4602396737963387,1.2298387753235094,-1.0783547933239914,-0.019285501123086468,1.5010851222144022,-0.15998201619151775,2,0.16090143675298527,-0.7224681905239989,-0.382630021011921,-0.025740617051688817,1.349581167225864,-0.33424646739017605,-0.16411244730053737,-0.04856927283894197
0,2.1780056813497186,-0.2300715727371318,0.821206381446177,1.2776136766380741,-0.14666452268286256,-0.665042448251084,0.8459395313981568,-0.17465469751007046,0.5614050062156886,-0.4490172810459893,0.14095098509812,0.237048466206295,-0.7043747658475623,-0.5422957094845866,1.1308637791335703,1.0995394455350789,-0.5463378168289051,0.4612812921233088,1,-0.22869165239396114,-2.5899219957503345,0.935997986431776,0.0405354988643095,-0.5616064306695285,-1.6781472259235337,0.14168372209150468,0.7263583407726469
0,1.0827359292497223,0.41172079108289494,-0.3421915925728733,0.826868787358893,-0.7393081281305979,-0.4277052793692886,0.41759685053503753,-1.3475571413877925,1.5081244098036382,0.21133356390429692,-0.05966375125262133,2.877790812108283,0.7008768250563844,-0.5098758705729568,-0.868109056922374,-0.514872378932816,0.12833442795175182,0.5094885844265781,2,-0.2972070150071269,-0.3133902548337524,-0.39238123250384216,-0.02589967940585783,0.11868565136578987,-2.3507285095123973,0.10624017655442686,0.2095194364137678
0,1.65721825959506,0.17028225247142664,0.5414345941145452,0.17402477780812575,-0.6603667643844221,-1.2916834053408368,-2.061126110983038,-0.9236167578333949,-0.25834760790480343,0.06198574649297611,1.2015198946892856,0.7581860447139075,-0.8655458012380981,-0.8848772976386411,-1.0272936695978028,-0.9177112601165902,-0.4905698580998022,0.23164742443749836,1,-0.5559393512330331,-0.6770922710081194,1.1937420271939083,-0.07826438795326947,0.49623960614962354,-0.5210733470447668,0.3164939784553267,0.7119456348949639
0,0.30949757462925576,-0.8251834818149786,-0.7073662445639641,-2.8133621367175383,-0.6750371729298311,-0.5848793868481309,0.8695511660314066,2.6492095219316303,-1.9045992048970628,0.7206924097457675,-0.4781724981811271,0.5704959655772097,0.4175322651907009,-1.0977999606020539,-0.05209331589410818,-0.5028689991061285,-0.5592692186214979,-0.3917425338367332,1,-0.6126369497852727,-0.44359762133367386,0.41959206147098516,0.16398354607760568,0.9778348277950651,-0.1991043695444103,0.6909340833768164,0.9249560643238324
0,1.1278699619154782,-0.7679438440338104,1.0192102511052927,0.20573286362740273,0.07373353165432173,0.42870892476952077,1.0082417323765407,-0.33728213214025293,0.34888923740931865,0.04876393811246327,-0.1608587152649435,0.8103605548882249,-1.2183302300915297,-0.9114290899176245,-1.1440587458300142,-0.2879090031369932,-0.0751772133465974,0.1566381438072424,1,-0.10994386177698774,-0.2357154457082418,-0.5780430490007034,-0.013545324995569007,-0.24171555897474706,0.18074765119925945,-1.105278560379217,0.464957123310941
0,1.9366412089573286,-2.3839708243780757,-0.5435813543073735,-2.213556539416789,0.40928312362018615,-2.07607465658366,0.6795697028351546,0.6399598350550395,-2.259876092559786,2.0600910393216116,-0.9727629822628963,0.6319926171699034,-1.522849712225591,-0.00554944603521329,-1.0637805554171866,-0.5137801653744722,-0.65175997996054,1.4157442690335462,1,-0.13490276918816255,-0.9596027635600646,-0.37127728851012565,-0.062204959259355194,-0.6470150832358126,-0.2327898318623422,-0.394931739586986,-1.2939270690920983
0,1.3695898293341866,-3.3549064867719602,1.1644689026287178,-0.544008190340459,-0.14977786778984475,-0.03735629346471746,0.5831276956867657,-1.453024228973602,-1.7568966104955042,2.206876148597429,0.13388981192720917,0.731420619412848,-1.6651701354255812,0.8552869923576576,2.2786793366154914,-0.34809556112481455,-0.5134732280970334,-0.405216880244731,1,-1.2752228882307821,0.13265604048373572,-0.837083612328585,0.0457986727148158,0.9535645326264335,-0.2732440657277651,1.3163870956961623,0.4827122572427265
0,-1.1286097740206746,1.485352015739443,-1.514317167621165,-0.18353830216429243,-0.3148090282841405,-0.8102825261621004,0.8083198626089078,0.8529905769064385,-1.065497827972661,-0.35678775529281426,-0.33186077506854433,-0.0270874484762523,-1.4536718900832455,-0.6877598369917542,-0.7308465793258256,1.2160930738404574,0.46489610767630196,-0.3817252019111031,1,-0.8029129522352587,-0.0814179184013478,-0.6380241677978491,0.15289132100757497,-0.0691580291989489,0.014642321846412676,1.3496846077038556,0.2952780893462341
0,1.5375492530091388,-1.9890676867991435,0.7945726659396553,-0.6902372923545101,0.265772794493656,0.022054553532979027,1.0304723280948183,0.3167624616045043,0.40034254559242266,1.0635629583953852,-0.22637787218939504,0.5095544656498749,0.6968482344782297,0.5483809201282,3.0423456742821653,-0.4417952714282066,3.1598950509381556,-0.2624987496109449,1,-0.31902270085310014,-1.466735493256756,-0.6745254469526447,0.08499914008749335,0.31066715090978136,0.27631726774008425,2.3961231938429,-0.935155584009521
0,0.33607322157860364,-0.6641755910879483,0.42402381957117713,-0.9613804989373443,-0.9213769777868079,-0.5265837067669923,0.16627054167937416,-0.26433708700984826,-0.8673575350031753,-0.19739713465355768,-0.4010269982470889,0.16777066370152044,0.35618177987406513,-0.755049572088896,0.8838017825152262,0.21551874989291098,-0.37068618931638847,0.11623699359677295,2,-0.734267958922434,-1.5762821509564922,0.2239707337455617,-0.028267676021319688,-0.37296846464979516,-1.876955889230031,0.3267934063264796,-0.08239637826160129
0,-0.9546448039673113,0.7902026214218538,0.6933223493142219,0.8210196110574784,-0.573471439069862,-0.6101501961210054,0.5648494246416665,-0.05697111567213204,1.6501776955842935,-0.5156348175807244,-0.20577891808335913,0.2711765538214949,0.8467134013372063,-0.8574561613832947,0.44198001572604806,0.13308782541459085,0.3061648206895101,-0.4142768172742568,2,0.46575805215730803,0.2290511130065203,-0.11031613013949476,-0.08881872116088224,0.3213019531678587,-2.8545268262526156,-0.5708051084453423,0.05669133181228264
0,0.5419694126287091,0.44015781568011564,-0.03266005123998739,-0.6621628384500706,0.584008522494011,-0.011843115082477623,0.8626437475425791,-0.6587237867116709,-1.3920677559880772,0.7625835681580766,-0.471461600751776,0.715733966178774,-1.1563264403391595,0.29922236225433035,-1.4066979609552295,1.5732074976556185,0.35063807844962774,-0.23327716365840664,1,-1.7603405547374753,-0.07453878322838128,0.7041521517272376,-0.018855429312876197,0.2363718260219031,-3.375457341618567,1.368573183704521,0.5743359523524967
0,-0.3787683479295938,-0.2504754320015649,1.4039988741382627,1.2683466743704823,-0.15855331872272654,-0.5262074816252456,0.8213921882106677,-0.7746438374614711,-0.0896349186532272,0.051560062684818386,-0.20452590227704817,-0.06018131636980671,2.1024801765133407,-0.169651879217611,-0.24062962213961747,-1.496658681833731,-0.06898184475335278,-0.10729584718115856,2,-1.87737378862638,-0.4520685537793041,-0.2936314370713093,0.011371354364389352,-0.7153107966367047,0.7069421786550846,0.5102565881029134,0.1473093241040758
0,2.055052343721915,-0.7156037309145866,-0.892474690479492,-0.4087723463714003,1.4724043829905276,-1.0517909943599126,0.8175769371929602,-0.9528824277776013,-1.177330119028724,1.6432292986242425,-0.2933277854180414,0.9760603848078053,-0.28421712431986723,-0.3849491699119785,-0.15290291454787275,-2.3104008322977774,-0.6361911108667948,0.6960530209922005,1,0.09383859952988909,-0.6579007142810868,-0.837083612328585,-0.07583321035436887,0.6164945408106931,0.22302156147783467,1.2412751650771616,-0.04530711624952277
0,-0.07759420668297393,-2.702719704010268,1.1040170482440188,-0.6269591103389959,-0.8789484423748594,-0.22171181832939013,0.4341004547780293,0.3485422693434497,-0.30167658584715124,1.319870586401255,0.18306545101691207,0.5110380269082191,0.8281714802270074,0.5182523081188651,-0.32661186847567447,-0.07002381557648171,-0.2554120708514069,0.19790709186806496,1,-0.7811403816635812,-1.6246291095352898,-0.837083612328585,0.005356033633984722,0.11643729303243688,-0.17211451462632774,0.6855305556418233,0.9521692243504254
0,2.2249846744877932,-1.5457876871925884,-0.37809182475224956,-1.0200830128015193,1.0876360510473897,-0.4385514929025538,0.8086554427485844,-0.1174029688115952,-1.291985051596993,2.252324508682754,0.00533816316734563,0.7751452923347779,-1.5422611808571793,0.9366147345266029,-1.9959376757345713,2.7333100650643902,-0.6113945582384258,-0.3777588529122465,1,-0.0997696131696113,-1.5435965717713984,-0.16763591184437165,-0.05865991720300741,0.6839489282919857,0.02689666764849255,-0.10807736025691962,-1.0634538891432144
0,0.4349558758571823,0.04068846078302052,-0.8518342140631086,0.2648166334621586,-0.40473023026219207,-0.4309212325535878,0.304948110196877,-1.7930240633367227,-0.40196491800991935,-0.2217645782788656,-0.3055309170065922,0.7609814635049268,2.0527624368363577,-0.22994253670192394,-1.3754637657575404,-0.09757207989977112,-0.65175997996054,-0.339494607131944,1,-0.1218750275898873,0.09525449832466382,-0.837083612328585,-0.09731647119394524,0.07596037600985336,-1.7991970937362287,0.3727994099691273,0.32468194141452
0,1.121863085275344,-0.09942147222551662,0.8197723723961194,1.485288964123741,-0.3302929363112282,-0.49339063767477354,-2.0213336676825913,2.811185374654024,0.43531682370152136,0.17590633342811343,-0.2959363604536617,0.7006114994464447,1.003527774282039,1.121238102969456,0.4955959805584931,-0.523784662677128,-0.099251218930542,-0.4742306008404199,1,-0.6424555117802956,-1.4696811650378148,-0.8121939957623371,0.09520903460959626,-1.0182535740798908,0.11760792410103221,-0.7016590484603472,-0.4492509945737376
0,0.016383504667388582,0.8932277972437613,1.4148957340309594,0.9979951922240073,-0.4433025244496225,-0.5611872395403916,-1.2020452138837718,-0.47779164197417895,-0.21203732467361053,-0.3880323940950598,-0.4414268836349985,-0.35414800048574147,0.8400959945753363,-0.20036056572468242,1.0493632775242787,-0.1895968258172201,0.9592230464546726,-0.26789747375826467,2,0.6687126297230129,-0.04347026130091969,-0.1570869944677502,0.06004230648499455,-1.09095311408826,-0.1480373419928599,-1.0855344667766658,-0.12204856603028624
1,-0.16963475744016898,-1.248470601085612,-2.9349892563412476,-0.7451022280529449,0.7160639355318027,-0.41200575544293494,0.8550719075082714,0.6367772303572853,-0.741769747876249,1.0100694347898762,0.25679824195433487,-0.19805190827248753,4.151687748043135,0.5156819802206624,-0.7928585659762938,-0.37195934057755464,-0.4407126720417881,-0.3592118678958899,2,-0.7202347557816222,-1.119586281810594,-0.5133254038035694,0.09144008480599866,-0.6795612634362675,-2.269923814232449,-0.699954448989783,-1.209400209289117
0,1.0812742607572625,-0.25382925669663325,-0.9555740164719211,1.5948673971489167,-0.8771742424053403,0.25053011064827235,0.7597603033075914,1.5451884271578338,-0.21499422712181174,1.5964904952315293,0.3989068251490028,-0.6458276803752468,0.10836861965269307,-1.2243994468257051,1.348047147840524,-0.6636809190344454,0.7765380556602528,-0.2351225073299853,2,-0.15608533831371804,0.23110598125852777,-0.11393184894485398,0.0004291035568088214,0.44439322287319705,-1.9502489081472325,3.143115329677638,0.7759010994357214
0,-0.30446713050702934,1.9770089645320954,1.0544369428886147,2.2652593875086895,-0.2210197926273622,3.2276966946942234,-1.819640453001097,-0.04943602596635632,0.72025992081434,0.8549661399656509,-0.34390435588277507,0.4457671780259802,0.48229214791591835,-0.3036554273535384,1.5229177806402312,-0.3992392501642262,0.08939709460248277,0.11586214478161413,2,0.0720178456765247,0.2708312837432622,-0.7704945621765528,0.19447238529590283,-0.3517903834187973,0.9495995340108199,-0.8083097801748648,1.2519837387436263
0,-0.2657415186320689,-0.4105629479826332,1.8588363269023076,1.0888548348139238,0.8296789710909748,-0.652580751567895,0.732221674613625,0.7916794836697164,-0.186647830003067,0.8759434037552456,-0.1540912936193884,0.030995307474688927,1.0580169994624329,0.20049471327130597,2.201182648321785,-0.666170996723234,0.3199593222502007,-0.3026546472003326,2,-1.3095802853625387,-0.003974884308861976,0.7059340617261076,0.021968760696814582,-0.5399544654563492,-0.9760935911831599,-0.6079700965170058,1.0663612753964316
0,-0.01934961956736947,-2.9007126358651663,1.4994955224508715,-1.006179796388027,0.21869633645873043,-0.02863664221022391,0.8521477617780343,0.2015662624484011,0.2635835207443301,0.15999371185959643,-0.15937083872157573,2.1901093106009113,-0.8821466196519946,0.12775313701559854,1.2725517147938947,0.1451996012532979,0.8948180781565105,-0.22098605033712998,2,-0.13444990030378745,0.45254747461145783,-0.6716843225714948,-0.018895157720312326,0.37894093037690146,0.7090747403665129,-0.698751100510342,-0.8858632546930761
0,0.3045475682319,-0.4937392531191571,1.358894816043157,0.004136684630166587,-0.48649061278863515,-0.33623931697302717,-1.8531877104103334,2.1403333087546783,-0.04783618377843113,2.1265246963586715,-0.15681921753171238,0.602039558270542,1.4478645088862387,-0.02139571883927638,2.6784345265663454,0.23643235780628913,0.44753206327462375,-0.49310721839292276,2,-0.35312603488688965,-0.760863197461923,0.16867718960586553,0.05474769347055777,-0.03881951316973464,-0.14341758579254077,-0.40250440204886095,0.11995730259885717
0,0.20152867050006384,-2.9267486435337005,0.5178334302777505,0.34017152122925387,-0.5419749605269583,-0.7767477258013358,-1.7224097696323055,0.3611630164498184,0.5338405760342855,-0.01746416818722174,-0.09401795384015746,0.23814389112787743,0.5188151235946383,-0.12800709622376466,-0.07491110406986212,-0.688859547778309,-0.2975873321509046,-0.3465735464590355,2,-0.2874464175645172,0.3559499994618698,-0.2494952887713046,-0.12048297831360955,-0.08567057312184817,-0.5330602035942276,-0.4934627754117493,-0.457651808207405
0,-1.7958177104687454,1.064705889157315,0.9093745031251922,0.37432569900235474,-0.1870668159256679,-1.1245528333460642,-2.3007631040341576,-0.09638765028084273,-0.6870851068907313,-0.030409836240843702,-0.7109778626629244,0.577094644516962,1.5428043135314562,0.17048266263198575,-0.4168865355736182,-1.2950838976762666,0.5122345592174884,-0.23294189194618056,2,-1.070051949978799,-0.6614749689023055,0.9420121319948052,0.030661829882355135,-0.7259134519378463,-0.13661020611330513,-0.7838581954238593,0.6120638247702243
0,1.278783920899054,-2.917846455694698,0.3006481289764002,-0.09233813237793095,-0.24138538523220532,-0.36374399451843,0.6179887877250699,1.2243090371970646,-0.5880017452511613,0.1100026948824286,-0.28810731906786097,-0.34079176270699446,1.454565107472375,-0.05509868283477204,2.2056796949244166,0.689301239443071,-0.580512423298997,-0.3966164902467272,1,0.369266068552812,0.013583087850113001,-0.7399836735146685,-0.0198472503493677,1.016379828530607,-0.4774852706377605,-0.21187634577747,-0.4291388258792127
0,0.8990858142748,0.12369230828246991,0.1466831416656041,2.3102015940461893,-0.9242487567113825,-1.1208201453049567,0.8105546742535731,1.050136934914236,-0.44129545598800773,-0.166580757754492,-0.33900171023479897,-0.3076168379688838,-0.4813405289502699,-0.03436217315967871,-0.3974159168102143,-0.25732883529632605,-0.17379778270688567,-0.22975018712611953,1,0.2837764359517511,-0.4520948493322813,-0.7881958928776647,-0.07528515610359135,-0.4995435355466641,0.10119657109537772,0.5555684809647483,-0.13259920053703628
0,0.040358043032396984,2.0356913580767966,-0.14030835320215648,1.779035772427535,-0.5329370258035238,-0.43682785675637015,-0.42917699759674144,2.2400061384965024,0.376129789110851,-0.44013947021717176,0.48888100393857964,0.6428630821408123,-0.7798067999319995,-0.7505436437130928,0.3071025938258708,1.0671788564866276,-0.5285165402684259,-0.6816698376314994,1,-0.24225300668833413,-0.8135077865820146,0.25691638900335523,0.11433499297704006,-0.14852589531500482,-1.0028571955772498,-0.532737344737022,-1.0609632085522338
0,0.07178655811793155,0.10790044517032038,-0.7782206027514804,0.8438632836068274,-0.4169318115570127,-0.07249279786005396,-0.9266501733139051,-0.8700090214928068,-0.23466098809653496,0.5050460098405039,-0.33134053440724326,-0.4306043330416674,0.48580006891109656,-0.003961043887121735,0.21551031667077247,-1.5585358538089482,0.37413411404651686,-0.2688723828189231,2,-0.2920936830483701,1.1694012005749645,0.11108253083117858,0.022346552378519055,-0.44907057445000653,-0.13872542236640367,-0.9277519482108371,0.256915014480099
0,-1.6306125448289868,-1.6518514263858592,-1.5481474100425967,1.3060116664500185,3.9509127733986795,-0.4598246291618267,-1.5666128177089877,0.08780612584286562,-0.8722982332124434,5.666198227841334,1.715655270902569,0.3614677604735382,1.3716844322191708,0.4490318272509186,0.41025117989699184,0.16573695317130516,0.48690520439444707,-0.47530725182969336,2,0.1366853669215441,0.44625934855706983,0.7944257007914269,-0.08130287382870986,-0.6050644958781024,-1.4873476359090192,-1.1107190834901943,-1.054473604597103
0,1.7205082637159006,-1.3609461588331049,1.228921113511345,0.33467114820038424,-0.1476070176784719,0.3869877757916339,0.8286825965795418,-0.7904004641175377,-1.2749259000178186,0.5052006522115439,0.2629398792793414,1.217677847273623,-0.9635130336964248,-0.10197273892283928,0.8415534165273504,-0.941032240399942,0.05486886216886877,0.06412085344971852,1,-1.87737378862638,-3.5611971379088456,0.605351822159529,-0.02834248124248975,1.7378646431141185,0.8222613846498346,1.9367667086885332,0.8809814181906905
0,-0.11176934520417503,0.5508626302369048,-0.03294519918793354,-0.7828806523450732,-0.7630791199361133,-0.3697649285182196,-1.8960566717186733,2.8217257604166477,0.6735188365755391,-0.5572051184580276,-0.1513243645688185,0.24956858532399495,-0.13168036313435283,-0.11311672227341428,0.2984887983555683,-0.13261976969221745,0.6210088229994286,-0.3791914371951316,2,0.0594945037415012,0.19647093521951542,-0.6051884188324427,0.12181986242740495,0.14031748719056836,0.06867101249640184,-0.5594136019714534,-0.3792232648943139
0,0.3439710781417875,-0.9788702549696187,-1.7868244355508474,0.2925299409718539,-0.24348981019086588,-0.6915689030490005,-1.6723634944294856,1.9247709765828278,-0.6124435164303103,0.1610710244886725,0.2868193461432156,0.3919614924197441,-1.0473380195774489,-0.3962950218386435,1.66170576422153,0.16175664557152786,-0.3110794219741171,-0.32393665222932405,1,-0.6399213932424012,-1.266258381115318,0.6291912867354799,0.007186451577547395,-0.1873236468759153,-0.5517791179849849,0.28244058665832794,-0.1541498250073372
0,-0.7778983021839707,-0.2088625331565206,0.7946963315682213,-0.7863335227561041,-0.30317727006708584,-0.7500623265974211,0.6025176726511354,-1.2270647038984641,-0.16377049048239178,0.20136490021502784,-0.29314084680431013,-1.0536857278178766,-1.5814917378787605,1.4975272341813417,-0.21887581119187222,-0.3646790958310302,0.13885086041268704,-0.29690349834070545,1,-0.8917230867542515,-0.2583284350286968,2.1690648628876543,-0.0763285402144892,0.7038069817045917,-0.20678852172343626,0.5837406885979535,-0.9986628558143634
0,0.39294096193380534,0.4032962600383467,1.233131253179398,2.363583065471123,-0.6410494427672343,-0.5027722867993651,0.5612129129377177,0.371595803384291,-0.17874640595752195,-0.31022512880311187,-1.1484145346341836,0.9895079109397122,1.8746423960344356,-0.2818201970459683,-0.08249672124693053,0.009617938861717745,-0.051586055338025044,-0.5401302694156775,1,-1.2948732554048206,-0.3942172008169018,-0.29220664544720276,0.0004181738937833815,0.06621081286438829,0.5002718263690481,-0.7457076438990132,-0.6582555633097804
0,-2.192735718977084,-0.2852923046792496,-1.6079243639662906,-2.2586094146735722,-0.032030400077166676,0.4197059623636984,-0.12980818020179719,1.2489442031466416,0.8981560792440957,1.293860737055983,0.7610755088207415,-0.08883241143251008,-0.6366705206871848,-0.06809713261711381,-1.1787714888107579,-0.3973016748524381,0.36616945815466506,-0.12211965670717762,2,-1.87737378862638,-1.1453384393227974,0.7184415825819126,0.03276595139657455,-0.27522118101458404,0.5444108650098686,-0.47649000361261384,-0.6410544922578298
0,-0.7830800234377071,0.7827499201544021,0.4936273359383795,0.7412924128646652,-0.42519768157072413,-1.0103414526988619,0.8280097435215531,1.1064567123980802,0.6156235878218155,-0.5865271692014182,-0.5073957584006585,1.1417404057456264,-0.31415714709333686,-0.19527582822369577,0.3533430875249818,-1.364275872972675,1.1390478090328284,-0.22829529388668762,2,0.1290567028673038,-0.8391739934695733,-0.49968785876461497,-0.12223410704905435,-0.04663715709125718,-1.0684709377610488,-0.7378274584332896,-0.29000617191245537
0,-1.9409619633926698,1.0596930373995113,0.65243361590322,1.2528692994718098,-0.6103659902679434,-0.3925732650838506,-2.58918649994163,-0.005702884106281558,0.2651875870607625,-0.2058498207817664,-0.6752502698315035,0.22490423877197452,2.272734004306264,-0.33166488020221485,3.3060502597300414,-1.0276755358410385,1.20902825286668,-0.22256892356289257,2,-0.8938328098837851,-0.8421988302127119,-0.5701010393434627,-0.11039301527004738,-0.5658543495288058,0.9153794905964786,-0.7927993280117516,1.3416754920718708
0,-0.19942443399119225,1.4734460083262682,0.32877735312548484,0.12584818741878712,-0.6003115022868474,-0.7422645061012236,-0.3239200140430749,-1.3590639489262606,-1.0273644074482164,-0.3382790189756321,-0.10862573715513177,-0.0010815193570031158,-0.6698371133053689,-0.4630187746417525,-0.15799372772773423,0.475675464938979,0.07349579984321361,-0.5814211651885278,2,0.5453693499648958,-1.70721115798607,-0.48784378304717746,-0.12838536705275605,0.09800146721145048,0.326795064159067,-0.5202788783442377,-1.1310502302478351
0,0.46387495852374006,-0.9781499429455942,0.673805672290998,2.115847908105472,1.922803439268456,-0.1755497113690353,-0.5868416455703566,0.8111367538981489,1.429938200776439,-0.3406202332795757,-0.46967664455266567,0.4922512210779629,-1.1962280691786469,-0.6522440905316893,1.8867653242512814,-2.5577983714058563,-0.17389600578333733,0.9205124612044355,2,0.26434171407099344,-0.13570693214171703,0.6124460194662851,-0.08507737789486483,-0.7065708825373322,-0.23604128292656495,0.19115356857842172,0.579749854656725
0,1.2582463264394352,-0.08185594268780719,0.034210495877517455,1.988506728335674,0.9365516303432931,-0.3542683469220659,0.4265787692418049,-1.2876873497231585,-1.9160511430810292,-0.23111596032748055,-0.3809247508146806,0.03736965121958419,-1.5728370614558984,0.01093402431200155,0.9660388368389081,-0.1278246101199706,0.7297827437620401,0.48800626568250827,1,-0.3017929552329597,-0.08129876443318591,-0.837083612328585,-0.13858845242106,0.28981110497650664,-0.9999874354718958,0.32431877827243805,-1.8303883141269075
0,-1.1229333467566587,-0.5816025114120322,1.5006129075166768,1.3489602385233879,-0.189717531841819,1.027455231137379,0.6232263594388668,-0.5624349014428491,-2.144123025037528,0.6891870957753456,0.017330328520116234,1.055620218999746,1.4549266421224727,0.9374146717189465,-2.0711034405173554,1.535093816405007,0.3886778523537796,-0.11090787299657681,2,-0.9679981721287227,-0.3563032311465264,-0.4622636177343623,-0.08005858200641995,-0.7715901715556446,-0.2962639244872072,-1.132569919705372,-0.9601884255078124
0,-1.6117093724201026,-0.030437974188641526,0.7217073133628644,0.9090668048596311,0.01815737878111462,-0.6479356184664085,-0.08215035847625829,0.8698413473234918,-1.7550482280390527,-0.8236012153274346,-0.18373375226817562,0.5686327355169294,1.2313100712503826,-0.05943531565131008,0.1477345405269035,-0.03184346848336683,0.7177016269484795,-0.4895484154564705,2,-0.4862843704019718,0.702549744794562,1.329024387793256,0.20818869202001475,-0.8365875313689372,-0.10039260238562853,-0.010563246097877954,0.13861271282773413
0,-0.342119407566641,1.0523303736961385,-0.5837884312323683,2.0937589310713163,-0.5884355957197905,0.21060616206144314,0.5855688948866948,0.13644061284922274,-0.075466824657759,-0.762050235369983,-0.18295619096353527,-0.28465501346652133,-1.2876012315764835,-2.42873813349781,-0.6289165234866502,-0.9098844566698817,-0.10827224501851111,0.02331833896630465,1,0.26602611262021947,-0.7890902428455547,5.197615086163548,0.1159855555687973,0.03285173285767817,1.1035172992005653,0.24431821213641747,1.4377326476857428
0,2.24867707487614,-3.6072697944984338,0.6929482959512077,1.0565006863593638,0.23703467554494217,-0.8933950475064463,0.9502710684069102,1.8401008227488476,-2.8589877051270474,1.9771775003609557,-0.19578547485577152,0.8511238927902725,-0.5519302963564423,-0.2245505156369174,-0.327445403107665,-0.4105915017808571,-0.14891108240845558,-0.30669019322780006,1,-1.3724786204097201,-0.2626896359131912,-0.6455170167388996,0.021899138680055552,-0.5051892421246494,-0.007170883118655769,0.43672711350065474,-0.768047392071511
0,1.2190460756140173,1.382398360662913,1.1687203119215843,0.35086518819228785,1.9560520792171436,-0.4981018227551517,0.6209077111689618,-0.6021374309290076,-0.7221153793937521,1.243519296025939,0.0251635872725416,0.5570322585136277,-0.5145582494155484,0.24052373088489332,0.06966312038148881,-0.10316332802785144,-0.2045314676097313,-0.5922399963749181,2,-0.4376856838494382,-0.9042856542329023,0.6363361921189522,-0.0995804996258658,0.9620461626442558,-2.8187895188087495,0.40614338236656866,0.6057568926580666
0,0.8616519032669641,0.7083365497855523,0.4638076397559425,0.7595184399854412,-0.6299447594638667,-1.1361354395912744,0.6287193732120884,1.2490219117108454,0.10504131641746772,0.011881162259338773,-0.14637493217100656,0.5135787847578055,0.7254118786061774,1.091104967118547,1.1783894962506842,-0.30152638034489565,-0.6123643503926405,-0.2583381079878272,2,-0.8097861734694648,-1.0973094570688602,0.2197010756085248,-0.040598913276648364,0.3605190293451255,-0.3944030750349444,1.369761192349135,0.26271097374745933
0,-0.47102786550456494,0.9450832551608355,-0.23900135903523148,0.46154039531539753,-0.20697852847273726,0.11292192296956521,0.733145030255879,1.1361925427339523,-0.4492203614790084,-0.1831544761864498,-0.7134607024497955,-0.11794196127928147,1.6476201728710078,-0.153510745873382,-1.7685337461060509,-1.2756369867136579,0.10371093296569758,-0.28483743277188095,2,0.19924127150339796,0.06125242332676334,4.451362136214686,0.14036509346586953,-0.36803636751772695,-2.0507550340938723,-0.08276198856585493,-0.9503746304370583
0,-0.22313185181000805,0.22220590101859683,-0.22741524521884815,2.065153366333596,-0.5352530090449019,-0.9438850071953262,-1.7763974177022546,1.4566211697443492,-0.5957131453694393,-0.058848765144991044,-0.24340758593209433,0.7492050049284038,-0.290292842816134,-0.7219928861732338,1.0210904085123547,-1.2283627211697805,-0.0064717999785079555,-0.32330685628579325,2,-0.250748904691062,-0.24900809354111242,0.07824527095545863,0.06306769218378411,-0.09278577897678175,-0.5126823562926279,-0.25514909304060207,0.6979485216797657
0,-0.298279628289182,-2.191403194847425,0.9923573553124695,-2.131190027647218,1.9106615040535235,-1.2486315181550536,0.574264359650045,-0.249531923590383,-2.505822073374742,1.3398263849766079,0.3742068550115278,0.037401896165029036,-1.2180005106044116,0.39431292936346496,-1.1441437196992548,-3.0253707729643375,-0.149267494330093,-0.3768090858006502,1,-0.09968310750748582,-0.08882958721014286,1.484417024307648,-0.09344953458019549,-0.23152956482064058,-0.17466359111341634,-0.7650023413089537,-0.5992060243520505
0,0.28047861217500847,-0.07414259107721222,1.0055886004882781,2.2557959683411797,-0.19940878379771765,-0.8250619027017712,0.6399385281162544,2.329762557090031,-0.997158182898937,0.439611185791488,1.8783794942917544,-0.15956320075915964,-0.9542591931283209,-0.238396284817608,2.635305491925438,-0.4219754881729901,0.18444821561454325,-0.23930389823602033,1,-0.6974826210610403,-0.5254049224614481,-0.6136086806133599,-0.015837057624761,-0.008024828843513743,-2.3168057242668714,0.3184389946716718,0.038590394111231885
0,0.5913216774553989,0.22880658611554072,-0.9685153368556149,-0.6955440394475856,0.08892053428369934,-0.2784215861563465,-1.8398640337307608,0.9746304530263865,1.1602884191393272,-1.056912499138354,-0.40161217032157676,2.312297938151645,1.5918489740921913,-0.8032603206664009,2.452997738007063,-0.3161533147280923,-0.65175997996054,-0.32735724134215727,2,-0.219632983176546,0.7488237953292466,-0.7355714896666197,-0.13858845242106,0.290242822979087,-0.8914673771952849,-0.3389380575935238,0.6558550206240376
0,-0.2176228167847184,-0.8736706251246333,0.7375343517735493,1.3715363270376542,-0.04540673810212638,0.6946770903580861,0.7513448080593418,2.6747381113294715,-1.8973362867233055,-0.2926175909826218,0.7366473889011175,-0.21960739555805595,-0.3859853208971537,0.5474058829146509,2.045850978440969,0.25658496225824023,1.3681199174936136,-0.0447708367446897,2,0.6995689800102506,-1.815335781465087,-0.35539199079434847,0.3891001741676361,0.21611326119278862,0.32814048607407675,0.6990096835831793,0.30566664406861155
0,-2.222487264286227,0.5864735425583383,-0.5895195353252332,1.107607912077457,2.221759181383106,1.965644475300003,0.708446328669476,-1.4918376672369513,0.11786593310748886,-0.8585989121602233,-0.13168708989634462,-0.8487517035420449,1.0231687183821783,-1.068711741691911,-0.8579241415372567,0.10503118265569511,0.25727167862071815,-0.2866083324598965,1,-0.877340854423659,0.20028196170588253,-0.7843570040306842,-0.0912207598478055,0.3589653706577771,0.3707679259772677,0.5324276466065818,1.1972623141235958
0,1.1375404098533153,-0.39705352040248537,-0.4898941473049713,2.666252473737196,-0.3765289378093893,0.22773485068322114,-0.36712791826513275,0.32503592243074453,-0.3663963147061514,-0.16706999868195713,-0.2736630776029423,-0.9639127221705099,-0.703193787100752,0.3583770378573401,0.3702593039992631,1.2913649406088834,-0.2774462323861415,-0.532258809574722,2,1.2251329783446763,0.9869935223134121,-0.837083612328585,-0.06918084551020667,-0.36531732088359875,0.6787528287143797,-0.810472257384674,0.7883724335807019
0,-0.04727695373807872,1.6108020353544399,0.7180394924670574,0.8803835047507891,0.3756795407415384,0.007438315506401394,0.8027249206387785,-0.4834864842575014,-0.28609014789039955,-0.27404680072012183,-0.055284245324875025,-0.14680101123232597,-0.5191287586804065,-0.6234022841361342,-1.2214211595787088,2.2099833194010112,-0.5111168095433437,-0.37076573965341364,2,-0.12411327601341154,-1.3213586309544358,-0.837083612328585,-0.06497560193933372,-0.3422838222226604,-0.18386122204871874,-0.4565535672690184,-0.29547510406265787
0,-0.23188639980367465,-2.168981245626188,0.8594028668371793,0.9534762575803862,-0.2852778470656869,0.36970146476488946,-0.3519676621927345,-0.4435805929355633,-0.14800966454410225,-0.7405876217383285,0.024125774366988123,-0.529457856295413,0.02229642066127613,-0.4352556652669454,0.577117026723626,0.5774467201644804,-0.23653064161621093,-0.19353513807250614,1,-1.4340229433220013,0.023462625539771187,-0.837083612328585,-0.056645927927974626,0.21846600827761137,0.7895135246255811,0.9556314365046794,-0.4513169661990658
0,0.7276181841297639,0.4014943609267158,1.1228294214991532,1.194764369676394,-0.643413809546031,-0.5081608247005607,0.3604865197188215,-0.22500087099754465,-1.1650878050389306,0.26041539010108017,-0.1176007223848934,0.20542266619728253,-0.47128384985083654,0.09824647569379308,-0.3476981703314232,0.184841970031892,-0.3003360096097053,-0.24862673522399215,1,-1.0107388992005228,-1.795910331241402,-0.22995947588990515,-0.11702283367895872,1.1468039077263232,-0.4744934936703139,1.8597397171687247,0.35340762064892217
0,1.510781216626645,0.3869696314402562,1.013252310929552,0.3961974569518304,0.42618999163876936,-0.845712562214202,0.964215261885303,0.15410719615812593,-1.014005659627602,-0.42788457132022367,-0.23825308507974302,0.3889127477522012,-0.4050310857117706,-0.4581997454833294,-0.7638729097080016,0.702717163389631,-0.4998754300446375,-0.05379407666054152,1,-0.8326256307172091,0.512962416446799,-0.72630588896059,-0.10099404933627609,0.7760362020675559,0.9222981293703534,0.35759704232706613,0.16600361095055685
0,2.102411725817114,-0.36921155792163857,0.8292383528184625,-0.8174665779832806,3.2293931685995867,-0.8030153701062712,0.7102924051619955,-0.580689930156638,-3.337489425627128,-0.4313797805030014,-0.38687224581592505,0.00796205232172889,-1.4599178068122953,-0.6473314721272972,1.321731825576572,-0.08511118558071687,-0.65175997996054,-0.42017667472046494,1,0.9423084243082732,-0.019500849959617095,-0.837083612328585,-0.016159792790258275,-0.2891928989308143,0.8391797978828389,0.594948763605619,-0.024857764942170207
0,1.0071963261224717,1.148501118758058,1.8877177924698483,2.0892848722762105,0.5288874767753852,-0.5123242176179684,0.9097115104050428,0.8706520091666119,-0.4913158514270945,-0.28912736187163773,0.10783153429005443,-0.012653194350892905,-0.8594398804768089,0.11725941623138386,-1.0887359283025406,0.21466863400639555,1.3021021043543284,-0.15010710719789347,1,-0.8488562799355877,0.4534838350924584,-0.7769368897392025,-0.00822429101523637,0.6576244163302983,1.6739085032670737,1.7703654608635353,-1.2623317059193326
0,-0.48861528158052425,0.5986196861059543,0.48298828674364236,0.9427996707432847,-0.20378702636736,-1.2135072139442822,-0.9036665030462813,-0.9367953506149486,-2.6401016234844037,-0.36856662379766786,0.3661159959092578,0.40340270464006694,0.3217133573993076,1.9546787848302118,0.3867213777806917,0.04623447850602669,-0.17916233993582198,-0.2597028720015562,2,0.2454544876454241,0.30780899401301687,-0.11425243210575012,-0.060021061071510284,-0.7390292721309399,-0.38620539268180076,-1.1415830489425307,0.11989434083804751
0,0.5725064628305275,-1.776101387401043,-1.7529641059719259,-1.5428328437806371,11.51460106155529,-0.3981838533392934,0.7279754143469186,-1.063375280734526,0.6372358646811324,-0.08883256619834284,-0.6502412852327799,0.45282191220737344,-1.120669237058421,-0.5742902795884051,-0.19217315449123668,-1.0634516193815275,-0.15879107184798813,1.1406664284103878,2,-0.14522428995109166,0.3748922252567559,-0.6829564553413651,0.0297072089380834,-0.12113290445962221,-1.1988672620739396,0.2540734993576589,-0.2674321727664971
0,0.8147219237949176,-0.9234815236587246,0.20749863210703473,1.663087394235472,0.1989809612083023,-0.20012521505554548,0.6537597130137929,-0.6161702606885089,0.1828922958741076,0.15537318929200827,-0.9351835744568329,0.7241797407947843,-1.123647113554797,-0.3850523120601129,-0.13783124182623802,0.011116478193098023,-0.65175997996054,-0.272400414741032,1,-0.9116274999908238,-0.2881792791424479,-0.8305546115782423,-0.0935745991637955,0.6385523908968609,-0.19109605138067068,1.573646627340481,0.2927360941872148
0,0.11313290723892944,-0.5252596733315963,1.269607320287024,0.6084219678389298,-0.3681036701348884,-0.36479143019105237,-1.3260413035150205,0.4101312794319556,-2.5913827682214556,-0.19835020582313043,-0.779457396679762,0.11041626252596387,-0.8804877525531358,-0.47320420693270204,0.8732280324979562,-1.5846581474764339,0.6465165536435917,-0.31648889781344924,2,-1.122526705548399,-1.703208248041176,0.3662872612360034,0.06330456272675815,-0.6932754785673108,-0.04055982991469966,-0.6015440958337361,0.3650828806011708
0,-0.05330694111595263,0.30344934436265136,-0.13110021371281472,1.791992532719356,-0.638894208621267,-1.1826173056687432,-0.6861441769403104,0.738249468271049,-1.6833004994808758,-0.22560790804490077,-0.3752002284411512,0.5212513736823488,0.5842203352894964,0.038345133564057776,1.1605259631297076,0.46967769640255885,-0.029621603671784125,-0.4734345947528569,1,-0.7664474753959181,-0.2358163335767498,-0.00994811789024741,-0.02902994258154827,0.22046883362860473,-0.6594480290383269,-0.522977182823068,0.9975815923138547
0,-0.2850868328567602,1.0771217513713829,-0.10296397359894272,1.444509885182137,-0.8950824630839893,-1.0416699396888336,-1.0223528575710121,1.8921390711937751,0.9739639078080817,-0.5697027465020171,-0.6487584187509583,-0.5534511899341386,-0.2828023901947717,-0.8575418868758333,-0.19635452562937983,-1.2378573645438509,0.5719250396490518,-0.42829453538810475,2,-0.4802046127057985,-0.1564793254870307,-0.44858721926179684,-0.0607862410075978,-0.3567408013763832,-0.8397521697929431,-0.7328267785927478,0.6612183073379441
0,1.1156545806550733,0.228435785623736,0.8236957961303129,0.1835573575313182,-0.3643623950659133,1.9301922987518925,0.8969461785483551,1.0264879613579017,1.5011213320415067,-0.3718742151081692,-1.0144369411222744,0.7594727296600172,-0.5656089651798234,-0.8960899440821612,2.1236726274313718,-0.38419661652740256,-0.12333127840454483,-0.06512738353181384,2,-0.7783663093222697,-0.8726222815806383,0.8771966655586096,0.15843507880148483,-0.2750515931020978,1.4029836782127312,0.07753123746070878,-0.03733631596779485
0,0.9394163230276182,-2.384881613225366,0.2761852894039559,-0.6139538968754139,9.4787527606101,-0.359743832148341,0.8824458103060552,1.8000004135412668,-1.207448497570612,0.4854568197036059,-0.3753868601832142,0.5084699432803212,-1.2772925251827463,0.9364953589706043,0.34028583733451534,-0.30237240272060734,-0.46318497674876985,-0.1962264012470193,1,-1.33144444542588,-0.9910259030419049,-0.7948767506718227,0.009364625197766041,0.05593866166636535,-0.21025204872646241,0.7730505263899707,-0.20858421047961606
0,0.961986690973571,0.2831120789341892,-0.020521687889910205,1.0954267677976226,-0.552872728859847,-1.2426066453406563,0.45035564375624526,0.18745066877766825,0.17682907531009517,0.20537933223890734,-0.4975516621391149,0.665094766686064,-1.4827297164178117,-0.4869872036744548,0.3549721822196895,-1.0000224711003993,-0.5047927333772668,-0.3543162874364179,1,0.7502276341372379,0.4828326808435107,-0.044521837903720454,-0.08573519868179114,0.8391692358179357,0.43706308461298093,0.25772079249371704,1.304951187953621
1,-3.980351351302904,-2.4160152596264504,-2.7347683184889866,-2.1117079931817266,0.32261957987692913,0.10306752191402335,0.5458647888115268,-0.9265665497545367,-1.3765135126137165,0.6992648533039322,0.9367510221052349,0.5997410841822455,-0.29353896206928765,1.3383836907056117,-0.17854112757026247,-0.5887577968279326,-0.4578959276625242,2.144972792562376,2,-0.4143460347758381,1.2110623121200434,-0.837083612328585,-0.1040174270252327,-1.010867332496015,-0.8594289833775677,-1.1065116500086647,-1.8250295828672811
0,-0.8325873321486346,-1.5365712433725436,0.6301701017014437,2.21352213573288,-0.5025788312551656,-0.6643130542138834,0.8784705489107657,0.49817319404253324,-1.0412206500882757,-0.3489930567339532,0.8207915595598957,0.1259568542688651,0.42927514520477883,0.412287841677052,0.8832073312754058,-0.5273472814172284,-0.3711697110169261,-0.11492866890537104,1,-0.3721096641517986,0.411015041961462,-0.14401882278292943,0.0587336496079074,-0.21834257068318697,-0.7947753830029138,1.3692440633990381,0.6174447344611301
0,-1.339886665020146,0.09848958344078404,0.8057636288921475,0.8922983817459066,-0.1263161065305874,-0.6896666374800844,-1.355882677555455,0.32602621987694735,1.0289074877203577,-0.6730182335404686,-1.043029534400826,0.36770327509970663,1.0341938950873826,-1.1103491197115125,-0.0584632985076417,-0.7483115492313271,-0.2570538205182315,-0.31422574495823463,2,-0.15077318448381702,-1.2606029757151798,0.022533133994916854,-0.13858845242106,-0.13340319225139058,-0.7047302345702391,-0.7687217800331628,-1.052851509222757
0,1.652665529140939,0.5970855205752832,0.46942982683448575,1.4482481521495316,-0.4694858944670549,-0.7009170559069695,-0.6085839998988709,-0.3043990834823212,0.5223986372235073,0.21713076431195721,-0.5148376401616541,0.47053158772084636,0.7419412733707592,-0.5259366810383264,-0.061311530551338034,-0.11346178382012329,-0.65175997996054,-0.41092045716529096,2,0.1329763248182126,-0.4902721967125109,-0.7613358467082548,-0.03243142473928469,-0.07717320046565801,0.007740827965073541,-0.08250586393305726,0.706874979494739
0,1.3554628948255016,1.0747445029353546,-0.8533156249286231,1.1766357967202732,0.2892344201524431,-1.2407999185427763,-2.2312841237660708,0.6306744388305715,-0.5000338683962222,0.9910588495495911,-0.41529662426811653,0.870675642040652,-1.1007299265349004,-1.14334651154901,1.4791001056161646,-1.2861295897796308,-0.3234773715249679,-0.08894836833384587,2,0.17879331973875773,-1.9416089297384755,3.814594406799405,-0.06368118603055314,-0.16047252359758057,-0.6826741979160835,-0.813586991945835,0.9795108067680158
0,0.9969557711882002,-2.2637548874762743,-0.8881355904280415,-1.2935559716762541,-0.6500177567413655,0.10413260523393497,0.43183759767065627,-0.4656828696266172,-2.058485807762736,0.6809896554116264,0.10990087829296616,0.2241231901657043,-1.3338228850403893,0.6071767453729113,2.7259553417910705,-1.5915050488527978,-0.5515307991087646,-0.14557415235627968,1,0.6443057626211928,-0.6342150540309968,-0.837083612328585,0.041725604366492974,-0.13665399232073475,0.07420809172164064,1.8437956445121748,1.7355530689419914
0,0.6880569883774388,-1.5680771396048065,0.6234168790453427,2.297867330624893,0.1618853133006881,2.388132768727212,1.0722999359927545,0.5717423883044402,-1.8821568654637635,-0.0195948095412308,-0.5825565286924014,0.5777985021875396,-1.118837588825467,-0.3793405669759852,0.34195897098681927,1.598320346780211,-0.15189849561215735,0.41168628319195555,1,-0.147045580027905,0.6214040130072505,-0.3683739431520051,-0.04889475613720521,0.41295896127490195,0.4535402231519693,0.9491320873554532,-0.2044341358167836
0,-1.414406587457106,0.08549696853259581,1.495767121578345,0.3000567198117963,-0.6913428963932597,-0.43668906879191727,-1.2327666151625012,0.1474450781641829,0.574728046569573,-0.13240584478430673,-0.34303278902795215,0.07171438289306037,1.8654167585630477,-0.40560453823858755,0.1229463322611043,2.28710590032916,-0.2753416530324725,-0.22675660874040104,2,0.19553799428679752,-0.3173888038219141,0.2615742885181168,0.003798585132004713,-0.32811300913769875,-0.3108663643298515,-0.6054885753754654,-1.5587786650788207
0,0.5188781450749027,1.3376063449063467,0.945263801494163,0.4394762275896178,-0.961170152360161,-1.229330504362232,-1.3281222421207604,1.2479124457593305,0.2850095056235179,-0.7082979215579235,0.006119748555288629,0.26452600092298545,-1.4796038994639442,0.6015421803787966,1.1101883595267876,-0.6318872187649015,-0.025060769686543027,-0.22821776573259012,2,0.11201928068012626,0.18537336072907995,-0.7760019705653551,-0.11769830837150719,0.31896093123546665,0.4752961562132271,0.31581916657328235,-0.18879047499211077
0,-1.9251832170980427,-0.47510755823720924,0.052410876837667854,1.4847238447659028,-0.23789376692804726,-0.5650081428931122,-2.187336615813204,0.9446783174477457,0.5422587536191048,-1.321090742936177,-0.27279295597374853,-0.29245137735069476,-0.28784668163522,0.39452748206745725,-0.15185089904407137,-0.3834248069152479,0.2829474420191488,0.5573022785919534,2,-0.4139017593849697,-0.18993084369474034,0.3690249464864891,-0.014646882506889461,-0.7034248530312162,-2.01200152099268,-0.9623070760674888,0.11129828185846757
0,-0.7295899164060731,0.620274170938257,0.5968122698561108,2.0551633904775946,-0.47541928299363373,-0.8379486546508437,-1.6296124413805573,-1.0032386825457822,0.8205493858276103,-0.5616188072282611,-0.7445474020217355,-0.2506344497864642,-0.759769608178003,-0.062233913782129946,-1.057389859327753,-0.43010437551125635,0.5098094553476221,-0.3924195986571386,1,-0.6635067180455338,-1.9155045469482177,-0.837083612328585,-0.07799443888324378,-0.014781428253762857,-0.4977839303360103,0.058542765649695294,-0.3526645322888716
0,2.0533061349114266,-1.257653520397705,0.07446915697468359,-0.9164508129088108,1.0917038442548352,-0.031169907251495044,0.8883112441956662,0.9240300240026527,-1.1264403643366938,-0.302917565764776,0.5916643293221172,-0.12437676944730508,-1.7100433850673253,-0.14099274793456176,-0.8352407058429102,0.07552211615066473,-0.4779470610754576,-0.236313523365463,1,-1.87737378862638,0.245338950916261,0.06623799955701762,0.05772650021551474,0.9048239574439157,0.9695561691360146,1.6979832136825053,0.4462626031916406
0,-0.5453232355601547,1.1322689933979984,-0.2310992135258563,-0.12584677467329547,-0.3238031893277018,-0.7608145183324628,0.8416701497149301,0.5593378570261069,-2.112164418627287,-0.07009822629291532,-0.1737512338526126,-0.09406770139672876,0.0204756675347183,2.0673109219801393,1.017475486776071,-1.1241326843480848,1.3168896226455233,-0.31501584131180965,2,-1.224819455012104,-0.9396743145748001,-0.05288612250861591,-0.12019937221034652,-0.4241464987641944,0.10452227415867874,0.03663373067236364,0.1340417271343497
0,0.20907553817370653,0.12570928128525544,0.12968116145692116,0.4673352771861736,-0.10934495820487888,-0.31801713430066286,0.6210204925455594,-1.3438196511139044,0.16212698733400116,-0.1566241048744949,-0.6624421151509929,0.4191839088448071,0.6140492566624906,-0.3374894779554991,0.8359178423515533,-0.11489557573762421,0.5084396480831895,-0.07632276044480832,1,-0.903467036636425,-0.5363266005884513,-0.7463139309961169,0.013544857404809055,-0.5332990661397832,0.46756948748964544,0.35279785247977485,-0.049664917789270846
0,-1.1760868930432289,0.22129711202096697,0.584995531103542,-0.39831714313286554,2.6905995617443175,0.4309330819043756,0.4359557048964361,3.6951448373717146,-2.3892107958696216,0.18919066626029601,-0.26198425284149734,0.16641575979387452,0.2438518077866394,0.9863158526554386,3.09431247105391,1.6181205147169244,-0.6141081469629801,-0.40094301819283673,1,-0.262565675198937,-1.0079869345921262,-0.14857858868183316,0.04759329553731774,0.6158835400020668,0.8741124151683668,0.5687326826091984,-0.44988829107575895
0,0.41891077872001825,-0.23802615729754062,0.5582886539931338,-0.020472112044082058,-0.4409991948091844,-0.4612079299421642,0.6958895832885725,-1.69036527146538,-2.460730649702458,0.7122984091803269,0.7549407013863558,-0.21849712047065092,-1.5430381102571058,0.27088536715637673,0.15941049375332306,-5.369187302709251,0.026276944303529143,-0.575400839149816,1,-0.8493013631726594,0.8919885591632922,-0.837083612328585,0.03389826954896921,-0.22749003370443804,0.30405049024116215,3.49103186848327,0.08007056216013261
0,-2.2572121980913016,-0.10760921127537948,0.41536529525472893,-0.24976451193331312,0.23192460306097273,-0.8572854500722358,-1.6515539433715822,-0.6241478033883852,-0.7591181199434864,-0.4822203090791962,-0.4232064667672762,-0.3088752143831171,1.940865926974198,-0.24253142445387108,1.8797357810449367,2.1010247126579724,0.44320822174533003,-0.5554173929931179,2,0.5789150000789485,-1.347980219957891,0.17533200490272804,-0.03532555180306436,-0.7131782121285433,0.5053033985882,-1.0494614478679574,-0.4409023407238799
0,-1.7055909069941797,-0.39012057898682745,-0.625745790659089,-1.423347951849288,0.7126624860336412,-0.5043701401694247,-1.5998209986198768,0.025906083154583537,-0.4964494762436885,-0.3272661917207088,-0.4807049253949376,0.7719926111576159,1.1311744909813735,-0.015950587835816543,-0.1465023470808955,0.07998348304705238,-0.31709286992470875,-0.0654314288508112,1,-0.49884138008670253,-1.320649332868858,-0.619114085954307,-0.027122390364849102,0.04112596259010959,0.6710687295472264,0.20696001515753437,1.6008251988390267
0,-0.9063572453348927,0.5853900033423376,-0.5367733146552598,0.7284852324635983,-0.8844955890290683,-0.9003997115493614,-0.7597574398016761,-1.2016588258174143,-0.30310529332062175,0.39874837346570324,0.11814274809337333,0.21297834909672764,0.8852938482647458,-0.15275029174359847,-0.46970382703625235,-1.9855938899610484,-0.23180418324423935,-0.38292879074822717,2,-0.12162460176854781,0.22492847098472735,0.645319104393729,-0.08959305013047608,-0.8766055310375872,-1.0845745776660825,-1.1920130149975487,1.0304998270552268
0,0.941712433244019,1.2265427097310924,0.1038615775470711,1.8468913298440695,-0.5812705024873888,-0.0349719059740593,0.4806221554656224,1.2155742801660177,-0.6373244220871702,-0.7283349466096378,-0.20777525911914013,-0.12022852012383721,-0.5274057481804721,-0.9615356575273251,-0.2228920556091965,1.762160290832169,-0.6407950217174254,-0.1840832156735336,1,0.06269940901788029,0.34178663805788523,-0.5736755070118722,-0.08933754473354814,0.16559880308880154,-1.543864365881114,0.31962142763670376,-0.55428009847979
0,0.03287578044186412,0.08244694907991001,-0.06075964597841331,0.527667677437004,-0.25074530386272914,-0.3193704098646708,0.7371377721253407,0.02019643789319009,-1.584817277294531,-0.17525897898912257,1.474160385476059,-0.22185790292371832,0.5228829092349877,0.3781136251675568,0.8131886242219348,0.4693430594190957,-0.480230341760978,0.4269469260572958,2,0.36667031921221205,0.02748973357464901,0.8803021654984623,0.007124658161345665,-0.1935930681159661,0.2214122540750229,-0.9000167860568277,-0.5160136357802224
0,0.1700484620897849,0.5382015869763078,1.3965430680828976,1.6566187986177725,-0.016511680859175037,-0.042013265948576684,0.7978873736763091,1.1451323269893083,-1.5154778135440643,1.1760988575713125,0.4101069641704269,-0.28457386225837455,1.2425358980685695,0.1760207567654698,1.3560200090958379,-0.3301502498208285,1.7248448640908123,-0.49916420929196104,2,-0.521681775405171,-0.7473922832210638,-0.545065638016434,0.028769422332924385,-0.4778903706211175,0.19781267693961654,0.13416437107521176,0.36339452546247214
0,0.8457164713031218,-0.3795076199268539,1.6364915331388294,1.5788834922997868,-0.033984531762911774,0.33224991647258956,-0.6026087521274266,-1.366863701503011,-0.02829745982509857,-0.133833532106303,-0.660909863970101,0.2721895856170122,1.7074670942281975,0.22564069492941163,1.411833266712835,-0.9439827748475238,-0.502849462903356,0.5863156696639852,2,-0.1418571695791101,-0.20895463397641387,-0.09332098567283215,0.14892212122777465,-0.8598812191937132,-0.22334293578613745,-0.7386572183174016,-0.08314477957245664
0,0.6596151429439352,-0.3442292873239195,-1.8785636429204429,0.9182214929995185,-0.00659661083169949,0.2977195999505116,-0.4291485388333757,-0.6376426166340874,0.03658985402352655,-0.33062687927476514,-0.5082755705905376,0.475631510745312,1.1312836665351511,0.2416513026677335,2.437819378774946,-0.41462116303703644,0.8111748093389803,-0.0703782336850779,1,-0.7048524516552054,0.14098618217045175,-0.7700235619596942,-0.04392279736725224,0.47852665380882137,-0.5221820931642024,0.613269356471058,-0.7174582503171841
0,-1.1426994014723773,-0.5646037159957542,1.16015996416759,1.1151734180171402,-0.38477635996587156,-0.7550837892314148,0.6801424615397574,2.115917851143846,-0.49672727290826146,-0.6942668351889476,-0.5767487674674234,-0.008440886665932262,-0.2455574264262116,-0.08891082511724019,0.6260276117589398,0.8927890433571234,-0.369357985010295,-0.4297722207458994,1,-0.0429032238940992,0.32499635573867947,-0.6649151437937633,0.12817081152765072,1.5899507763833731,-0.6923052870661641,-0.2283364083655141,1.0903788983985074
0,1.765371378222981,-0.4674992426637094,0.05336620623191135,-0.5939951867526854,2.9102857976951313,0.4738080113717871,1.1941743450618603,0.6826748333949993,-2.3466548577090327,2.2908886629348704,0.2531628158703833,0.3954235036712692,-1.002590825044048,0.14873449436660446,-2.276072852226716,0.7036792823921423,-0.6447890938178391,-0.03592515822887088,1,-1.0777231411108752,-1.4582622487654138,-0.7236572265351653,-0.015786788769282675,0.24130982509461932,-0.27549272019767257,0.9891851676063674,-1.626027622127409
0,0.8283348565798678,2.7615416795637864,1.7225506883336843,-0.02517472398845555,-0.40079103263021104,-0.30567388682051905,0.7739077977368098,0.7277986912332276,-0.5898588641130427,0.44658843944222637,-0.13980237241348312,-0.20875457959581534,-0.20293972601183408,-0.4741494597618491,0.7179251104982043,0.18772307836476287,-0.3620537554295492,-0.5839977480716351,1,-1.5289872992130127,-0.855127240226942,-0.661986995188191,0.020191465851940704,0.5197315069435916,1.1683537876478256,0.36952698682341656,0.5653930624644996
0,-1.2670870747118017,-1.035773473250813,-1.6845935311921045,-1.6120055010101682,1.8506886043844963,-1.0294354423267966,0.7937858226254376,-0.9200035643042948,-1.852801434764755,0.6660205786754074,0.2597117660177676,0.25173845796008876,-0.5101729940859803,0.9237921340946911,3.04470631518886,-3.9802966415045753,-0.5772004524583555,-0.06659988978528059,1,0.12868565521285646,-0.25846384264811784,0.9918616500475521,-0.00782180791471676,0.35348188651605267,-0.3763387739705345,0.13007254072607277,-1.7745625276420236
0,0.7128616778655681,-0.6438631290939978,1.521059215498179,-0.19155430238236196,-0.4367174038954944,-1.105485434210469,-1.3879060715332012,-0.022357605673682945,0.6278585286929634,-0.08808113822016683,-0.355802413443892,-0.379752753143834,-1.4115119026171405,-0.4181413135463029,2.1735668242644395,-0.6615582176137814,-0.3322164457260942,-0.11243612840685269,1,-0.6853348729151095,-0.9515445535062331,1.1491223268627604,0.15317269830812827,-0.5922221804166405,-0.7070683382439236,1.2439958305939742,-0.5142398614348086
0,-1.7092091199251218,0.5167482013756259,0.8363262274024945,1.6539286802993707,0.671829978734108,-0.5328447402359151,-0.9423467335244344,-0.2685358089127837,0.6665826417968743,-0.07179297049390104,-0.5259288433934851,0.583063029278281,1.318716146332852,-0.8267378139679642,-0.33766440260449015,0.1292466312702969,-0.16902201946284304,-0.29638906364282974,2,0.24021646957055764,-1.4125773174924847,0.5379755258157158,-0.0511091504834866,-0.5534448052437372,-0.5425242141099255,-0.7226174160121016,0.32261686610501183
0,-0.767931174418457,1.3990867067454216,1.3060967350021992,1.3481152041222595,-0.8180771934393087,-1.1113492734011314,-1.1084416253321328,1.0424319263232171,0.8039827466603735,-0.7712799021027499,-0.6260719648791473,0.4784991379064812,0.012328853438566878,-0.6046248440185577,0.045230620465645965,0.09822717023567927,1.3270651711622254,-0.2894609034876908,2,-0.21109122558200163,-0.14892041072740914,-0.07715381587721318,-0.09968204043560042,-0.8595962581778255,-1.1281025519144625,-1.0111196053249614,0.13256451691535942
0,-0.013594041470501361,0.1387692309734075,0.07959909830749182,-0.36187704268189336,0.577785094599044,0.04925732376301839,0.24507495381374134,0.6189867586522609,-1.0207388624993428,-0.06061823560272428,-0.443719274518264,-0.6241196079493263,-0.6555955461791809,0.08737453266967737,1.9891236500894345,-0.8216128303373016,0.47727387613480265,-0.3999344325872569,2,-0.9208119732658705,0.3479358430582182,-0.749668442159741,-0.13858845242106,0.02880048472291616,0.2123487794400911,0.5875597348648023,-0.1990440727064126
0,-0.8558323728620201,0.5343845929396913,0.8013819700134786,1.2543021293990257,-0.9919798572726324,-0.8128438950357635,0.5363455256047244,1.651608758563031,1.425356066025673,-0.46358628964292464,-0.617902235356613,0.37044993544217075,-0.0805188015807291,-1.0621501079090647,1.325571166390708,-0.1538714998735088,-0.6319330867438553,-0.20336282780381693,2,-0.2642103594524841,-0.6470521784748113,-0.5365356684100212,-0.09907991852782111,-0.5054735623902924,0.23514175202884297,-0.9200725887103562,1.0615535377761944
0,-1.329511997318552,1.0649983752034982,0.3201158354117553,0.04222899131069402,-0.5311241160401824,0.9884181191168154,0.12584894886366604,3.0470942050206284,-1.3075322211545095,0.2783144293952081,-0.35572646760506904,0.6448003636029647,2.3862475606264253,-0.37414303277428984,2.4616688926121038,-1.4407172502386871,-0.045457125570468784,-0.33727689624895163,2,-0.6322523406934026,-0.5208942555354427,-0.5017555625704041,-0.007500889085807962,-0.6086005041536674,1.3426731014264761,-0.7489435672329661,0.6262570972216739
0,1.658660879603778,0.08064297693779574,0.48451880831997934,2.2888380277257725,2.4243917491238833,-0.12394139803383818,0.9147468744208829,-0.1134243409958951,-1.569307069466611,0.1870292313904699,0.850572484370792,0.7313459423040714,-0.8112733036604871,1.1775780275322407,-0.6160816033304686,-1.001050446559812,0.07230128160339258,-0.1400148622115906,2,0.09706902203437134,-0.6857639310464698,2.287633703178746,-0.01386924463563538,0.26614679711238,0.1339186580434652,-0.4647293729720874,-0.49023053296086766
0,0.5241985883462681,-0.4446141860752463,0.004955978196476973,0.16430002054280024,-0.19213379258974767,-0.09839770437898193,1.27857860419384,0.06307472750800469,-2.049800123557781,1.0418350433166745,0.2862760339846274,0.006917555767751714,0.692517245405649,0.6156779063477519,-0.2428046553047875,0.5579779262341349,1.2889287108032346,-0.24988480919992664,2,-1.87737378862638,0.0597564744205612,0.27439403980840565,0.3043650151478168,0.1905455988849259,-0.24693811230495583,-0.3214247012807947,-0.7808106464596558
0,0.3301965573796749,0.5715856563488246,2.024559581491965,1.8167666622931196,-0.40442255731717114,-0.38534729802757306,-0.08371312528175523,0.917493595319742,-0.02529577401961164,-1.1057960816247188,-0.8723792444232152,0.24883374645613868,1.8266599039544285,-0.3593778499367307,0.9987105827832163,0.4971410149443486,0.007086773016412307,-0.17983183219886287,2,-0.39653159100042357,-0.09728876283906052,-0.493297483158347,-0.10546755173081121,-0.5541240424132722,-2.3840413908358,-1.21975314077183,-0.9635989580131543
0,0.05347198494803998,-0.5360773510575008,-0.061934665388313936,0.2227248632961909,0.41029882239604404,-0.010033206720889642,0.5210223277790809,2.8673321766138473,-1.1865240837594049,-0.43806861368015104,0.04106504062372729,0.08067012988495273,0.3272455242991089,-0.24049054719652754,0.9194185580345277,1.7737128145764327,-0.4446290940050246,-0.35837141875815187,1,0.39583732082065626,-1.3430352999604405,-0.5372049562981138,0.1712347668963929,1.7400114889532827,-0.5027927993300324,0.6951833485136326,0.7935886425505327
0,0.43435113971283934,0.06719816116289229,-0.30449869355571324,0.35688532061997225,-0.5353310455744283,-0.9166740822868773,-1.5127688995145525,-1.1471298168518358,0.8386617894099184,-0.8040069327082361,-0.9990758953038071,0.5207845743883882,0.6742344839228616,-1.2105207181916602,-0.712777865365738,-1.0256735017192988,-0.6245748734477816,-0.31514038648197257,1,-0.9008169791651663,-0.6130748937001906,0.2534622313851037,-0.13858845242106,0.2732247325080277,-0.3278315007740773,-0.09922836294267653,0.22892448610328542
0,-0.8860526150176626,1.3935137025151292,1.5062839076693704,0.5096230493957103,-0.8808387987724715,-1.098397345348868,-2.58918649994163,-2.0062363673955312,-0.024527737918658976,-0.4923380042368781,-0.23596926391836318,-0.7756986464137776,-0.31499902351643116,-0.7568423481737576,0.6122643561553667,-0.2850696030212324,0.9982452682044299,-0.39537389896428854,2,0.1484792300899973,-1.7213492049346644,0.675984047296338,-0.13858845242106,-0.13279523998688228,-1.2314962310787432,-0.8032257137072378,0.018952235423279395
0,1.1963179687839327,-3.0407593981529373,-0.42402268510041946,1.3067246141190392,-0.01339030627311888,-0.9127286908234357,1.0182794022805177,1.2598797072753742,-0.04168964063451286,0.6398141411636586,0.82026674445894,-0.8268729331201468,-0.396329294458365,-0.7112576366972017,-0.7186150614998873,-0.8401388004370336,0.2667793325587949,-0.5249210967586928,2,-0.5653751614519046,0.17824339079624033,-0.21655129089131997,-0.04828445596825358,-0.6503220426361903,1.23814264775957,-0.12438049764958928,0.18110419863306731
0,-1.0616616054882386,-0.11160645285282668,0.19992213657398972,1.466165352759071,-0.18837287061458366,-1.2124767993953633,-1.9752873323655666,-0.18974540349887942,-0.12311919889646,0.8417686604632696,-0.040312882863886984,1.3621303902587276,0.020280556678200723,-0.44598864589331055,-1.0665455477229635,-0.42844320040316725,-0.3840519921859261,-0.4003140138118492,2,0.2799292338884593,-0.20037330636556416,-0.7344918250369418,-0.0059775016413861,-1.09095311408826,-0.4260744757224343,-0.9980846749199241,-0.29804110961682756
0,2.0714940125817147,-0.4491435633958905,0.9839649610011573,-0.5621576834151218,-0.3572448690510549,-0.06610705435492392,0.853491413636605,-0.06587573867687518,-0.639124322759547,-0.018849461636074927,-0.3285233231272602,0.13961276047518592,-1.0105416096919702,2.21413023153655,-0.24217135255029726,-0.02527760388955058,-0.599809682285956,-0.12216772424441436,1,-0.6186202051746161,-1.619390421394849,0.5852852164894681,0.004804126787742974,-0.3422594506150384,-0.3318285999208156,0.9613567947639747,-1.0226257605206281
0,0.9824989123874323,-2.573150538534793,-1.1648081009855726,-1.2381500925021505,1.7430910588187447,-0.5742213208935228,0.5347211388877533,0.7292003256185157,-0.8827808454726109,0.4984715098595389,-0.19992261676083695,0.8638354611828067,-0.3738545908607035,0.3069137266413406,0.5336008960724299,0.12025099444258308,-0.36390623662510974,-0.368888378176462,1,-0.7868431100677925,0.2694089324737604,-0.837083612328585,-0.12176597833965588,0.10763885208405502,-0.04602593809716027,1.2714150362889747,-0.6129198883599497
0,1.5739152079005072,-3.37830795494503,-0.18505049273706314,-0.34219862646016547,-0.2906053715593675,-0.7573431530773569,0.8008079766740036,0.06012413802590855,-0.31207445305597337,1.8837766073312467,0.35838709716205325,1.2993457064854714,-1.78526162662461,0.15939802507541984,1.5791835224812234,-1.3239567412198499,-0.65175997996054,0.522057334213692,1,-1.8453384307890195,0.03712464417336789,0.19075411282418045,0.3117949681057507,-0.7496591464451146,0.17710932118339187,2.1989548974455433,0.40638795539687017
0,-0.8906371395967806,0.3025417047512657,-0.5726879951230089,0.9931384293876102,-0.6040338750535104,-0.0836626991650539,0.4609842481470236,-0.9442550506467304,-0.24750645518051556,0.08711795751383003,-0.6531187416360165,0.8604323153819953,0.24150505929847244,0.023092996240344305,-0.5450700535660028,-1.408289733890784,-0.33093026675213316,-0.1791114743043571,1,0.5619070911538148,0.0651809865756765,-0.3136399934964475,0.09072594665278863,-0.0023195676439221047,-0.33983687315723277,1.1224674752957071,0.8111540659054415
0,-0.36779798431209687,1.7391389109198052,1.222780232596837,2.167355129743884,-0.3955165763703138,-0.9738363440641125,-0.07569315255046594,-0.13431298979493422,0.17192193021329216,-0.5871582531494138,-0.786152209865588,-0.452542586195535,0.6348565658565817,-1.0041565538936252,-0.23240228641014582,-0.3405718865227876,1.6425328254728984,-0.2805943254398508,2,-0.4659477803739731,0.48033769383978997,-0.340313449718524,0.10952413012912111,-0.8722481515539359,-0.9250244920464087,-0.9797537645125753,-0.5794709767692507
0,-1.1876968726512374,0.986361217705167,-1.019659642318553,0.39196937586291936,-0.4893667864095739,3.414584494242371,-1.3617589483360553,-2.024032565502233,1.0281901538296834,-0.46480373305687017,-0.7619678883025026,-1.1931541944231818,1.1836075786624947,-0.9505427149475669,-0.3951713498337719,-0.07466923917785762,0.9734892788644783,-0.30708164789054165,2,-0.3146782957792187,-1.60052408174919,-0.837083612328585,-0.10869813274243885,-0.716688160395913,-0.6377790781623381,-1.1590845891229034,-0.22929668237864248
0,1.000178884034407,0.7406696222704177,-0.48601827080213006,1.9700376992532127,-0.657253157318014,-0.9858304734549037,-0.9511271062167105,-0.6025937633523292,-0.6769710360844434,0.2297442781286585,1.3808700651975223,0.7095630003653906,-1.2216492427111247,-0.4153282808768868,1.5529488039012276,-0.21506153024210029,-0.65175997996054,-0.36516497591319186,1,-0.9588331735588086,0.9032300525493784,-0.8176233713581491,-0.03071079587507207,0.2779063541760794,0.37677249785967565,1.0840660901577939,0.7990650227769166
0,-1.8916835324364674,-0.2547439357431599,1.427074886126938,0.012460895985372145,-0.58323124085088,3.782555340820161,-1.2926417063711428,-0.5388038398597972,-0.6044578234071746,0.48965737911814,0.34351463870609267,-0.7544480693659333,1.9161167418330791,-0.9596417062076387,1.4785378393595363,-0.341208379730255,0.8959038045212057,-0.020224956872886835,2,-1.0276848011165658,-0.20903803795226442,0.9508486606346893,0.29378872241093473,-0.9594860200592048,0.025783252480741092,-1.21975314077183,-0.010894835394876845
0,0.4331077475525792,-3.2233191055906554,-0.03902222677458575,1.3892260818701447,1.3595431583869246,-0.8692674459340379,-1.881240872145638,0.5098547955538837,-1.1759758437553214,-0.18821756975005044,-0.7577509795576158,-0.9940760738451532,0.44906396724734804,-0.6459580225260051,-1.0845450949725897,-0.2796128801883621,-0.5140844087766752,0.2127258464676974,1,-0.5228993602579862,-0.14051570613815453,-0.7042722054813557,0.014230372207671475,-0.07717121996230805,-1.8939487429348572,0.7679566285300635,0.9951495734759243
0,-0.34689639129203886,-0.003553617153987665,0.045954307893803614,-1.1186006985533543,0.6110892422317291,-0.5834420382916785,-0.2856551547771856,1.8302071528848525,0.6055113643092955,0.09164271935780346,-0.43706647433983825,-0.6713949909820631,0.021080535735392147,-0.20520155902691622,0.8839207816918884,-0.5108079470704181,-0.4468081764204418,-0.1625972398892165,2,-0.2820206346423838,-0.5389352734431254,-0.4639057488363004,-0.03712545908915995,-1.09095311408826,-0.7694429372231896,-0.6360833643082426,-0.19034572580852765
0,-0.4066298420392268,-1.2041986976180588,0.9044410770979899,1.8031108358277144,-0.16800877827225316,1.640976117370458,0.9723941334605815,2.1866422271440333,-0.6534154950580153,1.0719597879731377,1.461597068425169,-0.6058167123038749,-0.023284000774681797,0.4503200163579183,2.546286728238467,-0.21965080114426672,0.20062502558744197,-0.5194120013580009,2,-0.36593776332682615,-0.08658667966274747,0.22783847696336257,0.31619873329656956,-1.09095311408826,0.44623400839960514,-1.0351784314268717,0.6026423809999281
0,-2.82536770937868,1.6889536279225166,1.4263252609323558,0.6953522004219697,-0.35923792919412467,-0.5599870784703189,-1.38577781773814,0.8992552644374248,-1.5071067025038887,0.41979751198990845,0.27964714384047185,-0.14737292731715443,0.04785004975372553,-0.4142461819294612,-0.599326422284322,-0.03262679223189141,1.5830396294934965,-0.27659957560775555,2,-0.23764228906181403,-0.19480310946451362,-0.2503569505632598,0.26112535108947654,-0.21940378044359635,-0.46916670310756803,-0.7669945539486007,-0.07732847516704824
0,-1.317766820600732,-0.31492306473941467,0.42916902902563653,0.9173748559248665,-0.12598421675196886,-0.680964003486264,-1.254554244250048,-0.15603164255077917,-0.4318957641099301,0.34106704509803176,0.010750147391578813,0.49563337822396075,0.7130273374316429,0.35135707627322366,1.4120742767303658,0.24298663761420225,0.3503210747877289,-0.3499122673163265,2,-0.7809151940944944,0.31673376322305097,0.19492290008406893,0.20402548439160803,-0.6744944372140571,-0.32884007491041484,-0.47227003097972103,0.17505139181461904
0,-0.43120273262703923,-2.3308715355134266,0.19290474413808628,1.2598826938672543,-0.6112093245623431,-0.8209735865058738,-0.7107060457069783,-2.095110106872239,-1.0499298239862334,-0.406831529863526,-0.6075436456938512,0.36457232022380187,-1.214085413967138,-0.22573174679595764,0.11528258544020498,0.07701751100612664,-0.5066325231927018,-0.4300189543886531,2,-0.08234138011671277,-0.4326830570507079,-0.837083612328585,-0.13858845242106,-0.49743678014005654,-0.4194488710061712,-0.316013077329827,-0.027362083920989932
0,0.3113178059867955,1.6054841761500813,1.6637909500720722,0.6601036741200439,0.16928655596565223,0.8820203221965702,-2.58918649994163,-0.2636920346589391,-1.4851684176971496,0.09177906682520676,-0.21742586337064035,-0.09997404717638676,1.1645615856602576,-0.25705292799831264,-0.13456528930518216,-1.1904457290760324,-0.13778557954974574,-0.3224260970686936,2,0.08467584870616679,-0.630093615306309,-0.015590760064081333,0.18602886049221107,0.26510886904822506,-0.41317248240635984,0.2666803884354384,-0.5387161588522007
0,0.4271844574086715,-0.1051505270359191,0.2887951186552367,1.9431467442383976,0.587190114381395,-0.4096030459230256,-1.3117508632657098,-0.8666482258516802,1.2166339427022304,0.08865842288975667,-0.19691198845489039,0.9543418982247532,0.10983302112028079,0.6678949767089093,2.492150327121492,0.014489589976092176,1.032832548852681,-0.43959977555177665,2,-1.4370168055753791,0.1541528191156416,0.45857723760891583,0.025724216961411472,0.40731408603992425,-0.4643601878857471,-0.21353647516478386,-0.5044485281310577
0,-2.078671617300445,0.7644411231692071,0.4046246741800039,1.8566803563364558,-0.8381565250457308,0.005398942141302571,-0.244014848796678,0.7664444856790522,1.6173043920660914,-0.8582564764365673,-0.7359506706313177,-0.4962911664900665,2.0092054351111663,-1.1422476822545335,0.27187733504600176,-0.9558895286950078,0.2500848385963618,-0.2527708394864754,2,-0.16183197492825963,-0.2944131888227013,1.8862023816714941,-0.015536248236653206,-0.9893748414221958,-0.3913108092670765,-1.1804966683720388,0.8770923773928896
0,1.1344539674363041,-0.995254656752693,-2.2867709288961544,-3.069689028346474,0.46546084622534534,-0.3139089460253496,0.8049342171721342,0.08010093401260224,2.0030696609447896,0.27420276642946895,0.20659471688189912,0.5161388182551365,0.10288126032173273,-0.5826235645428516,-1.7069175219712203,0.17519516852450034,-0.08310175873712908,2.8635955121557064,1,-0.18377802768177876,-0.6937000447622766,-0.6019904398052105,0.015311304859743385,-0.27937150025537916,-1.0574045100021177,0.5263355526726683,-0.8247998592844697
0,-0.4643690399214614,0.41961957378881914,0.28152238137637153,1.882676321842822,-0.11644722050431117,-0.9228643586651005,0.7653602641018785,-0.7109403456311929,-0.12358858274978474,-0.520370333227753,-0.24116005971226218,0.7997780431026227,-0.3464110789161148,0.0340292390401461,-0.3039547537898509,-5.529353458073454,-0.24176419961571927,0.12462523172993928,2,-0.22452625288390213,-0.6757873443830458,-0.2817551742272395,-0.1203485774242391,-1.09095311408826,-0.05333472670455355,-1.0244302930877212,1.1915318593041466
0,1.6686801931941695,-2.113673515049636,-1.8751773735332393,-0.7957068733775177,-0.5239809187383183,-0.22063926225737826,0.9986815926558499,-1.1314262422921122,-2.0671130579436645,1.0522770170446427,0.07166389473372309,0.7239981074548187,-1.78526162662461,1.1579390109881653,-0.7262694094207228,0.3530008858577874,-0.65175997996054,0.13857848541470522,1,-0.44663444581022144,0.2924463379721533,-0.837083612328585,-0.1189339488623809,0.9293718155995473,0.7268128056821314,1.605542896842129,-2.1511358761941732
0,-0.46887821674732155,-0.06874599108285373,0.36970392370056626,1.0766336770668725,-0.3641102448438195,-0.6651073528677988,0.4881333845671498,-0.08750819206252924,0.1196764104687997,-0.785638360070082,-0.6142848441516751,0.6415958033540653,0.6674861755746415,-0.2531837772926889,0.527935437631293,-0.8776198572722785,-0.3490755160819234,0.4447349359335682,2,1.0310253574880033,-0.6756273423467227,1.2489904607297346,-0.08720033361705397,-0.2459268922210668,-0.7238580689751186,-0.7438568013248952,1.4649441357148418
0,0.39696136400972337,0.09724912584917089,1.9333167684825718,2.016969135412528,-0.452579410113479,-0.9592902967063789,1.0347841350426,1.3339114551557072,-0.2451946583687496,0.3393623072048755,-0.693198097390828,0.18397757945462115,-1.263629344542313,-0.9239060237778212,2.4706535933188776,-0.18455884302301973,-0.65175997996054,0.035990726957130015,1,-1.87737378862638,0.0724248441874259,2.364976823899208,0.19492867897747232,-0.00037659432094394596,0.059263474341516686,-0.01639015822628051,0.8695722786270401
0,0.053723650068846864,-0.20333951068164513,0.689914411287211,0.9957015984463796,2.142364911732412,1.5641632317671144,0.45170669270479136,-0.5132604963944967,0.23487344905576824,0.7252751005090678,0.4141650664565684,0.11330923477193772,0.5081368278032213,1.2801732910411447,-0.5403405497675287,-0.22062490202111262,0.10631883645686588,-0.2883915434993255,1,-0.6128438306962323,-0.5361975972938451,-0.7078219974760219,0.09591835045218886,0.5958298913817486,-0.4383544257055042,0.08771128460095881,-0.5907534569195091
0,-1.0633142941499982,0.573443161366061,0.15671809184754895,1.9099995888461492,-0.26632036604623205,-0.7188028418308846,-0.8423529478135684,1.6805874851324853,0.10862334699780568,-1.042042816885251,0.5424858568927575,-0.7893525044306511,-0.010428443640242258,-0.6578991342136977,0.6059002188261019,-1.1211279045375329,-0.5190760551845924,-0.6057941782834404,1,-0.4896889721726171,-0.9981509788389629,2.0463333507488746,-0.13858845242106,-0.3206895412553235,-1.5485199079300984,-1.0096531157071431,-0.30668308724566923
0,-0.8227080379489936,-1.093464797901439,0.3196287458803712,0.8778903079646048,0.23207757350621572,-0.6146639646905309,-1.3417404309469472,0.758496603567264,0.20912503160499718,-0.5116663579975291,-0.9006164228134368,-0.1683480186165345,-0.06250805186543562,-0.5035331324319888,1.8146006416864977,-0.22242907810006055,-0.41203200871097045,-0.31258143568507835,2,-0.20728106525219778,-1.0909490294014967,-0.7564643719462837,-0.08274698007965434,-0.7309830784774387,0.35083382708131,-0.550566603147413,-0.3164686906988889
0,-0.02780838268389993,-1.333855693066451,-0.13306870387469336,-0.6974139197429454,0.017894129974278528,-0.16268808712829566,-2.4671207604525867,0.13320023801726805,-0.445004497830368,0.3373258564848781,-0.45040574007250656,-0.08568153376832055,0.671268641879234,-0.06633783954314959,-0.34062790660385744,-1.9706635643452364,-0.06835281935571365,-0.31641934466625793,1,-0.4204411932269854,-0.7362061235962183,-0.5325118951214153,-0.04144851579113194,-0.40117919012220304,-1.2898442308423537,1.070911196735906,-0.17441548523552997
0,-1.1641248661020693,-0.21666171647154334,1.7156748279959513,0.5510059999689669,0.09338817250471537,-0.8640536254034114,-0.32036915075847217,0.9367352488985936,0.04913402136271139,-0.8018803794626841,-0.8033982832872206,0.2627676738146571,-0.6272644373675673,-0.7895797909735152,0.9100672320706131,3.206959854654318,0.09973113885928372,-0.3892147867950964,2,0.17490111059112676,-1.1692637169761944,-0.3010341412326121,-0.0890383016984217,0.17724935588347812,-0.5833167015144414,-0.803590647197945,-0.38433147374653276
0,1.3858215627767676,0.05836435387448424,0.22030210735834424,1.5106690958030509,-0.7716933034408482,-0.12196633262687104,0.7354311189867145,-1.3935472678495038,-0.5095579514616209,-0.5515990056938764,-0.3639136606092578,0.8991928547061692,0.916394940501487,-0.9420171786697245,0.3657295485959017,-0.27313855411040144,-0.27730686027839496,0.04552276767417546,2,0.20974394522854603,-1.6343510410454904,1.5589246808680817,0.20759145614942237,-0.49105953960175197,-0.374718589077667,-0.026193633754308943,-0.2922639873307799
0,-1.7628876180481425,0.48600300787892076,0.30887628718524396,1.2288387549185136,-0.6534288885888955,-0.49855256536153636,0.7752368141134268,-0.510384952411031,2.6330159069317376,-0.3774223317870013,-0.9017613221035365,0.31915961220475164,0.9358719211109533,-0.5114236414992982,-1.4870726658350444,-0.2881613931039907,-0.2612761133001511,0.003041045180644464,2,-0.11347815420575805,0.12872811881529544,1.2965873533073253,-0.07440025052438765,1.4724538965562701,-1.5412521612535408,0.0882468686455451,0.9905555572360396
0,1.488027476329796,-0.8848157569518986,-0.40003618302968413,-0.04193820121837111,-0.597002274275913,-0.9948254516925263,1.829412593498739,-0.8672756217024461,-1.412879448668899,0.780281140871528,-0.16651533684919811,1.1248338520056143,-0.8623966255990358,1.2978538752258806,-0.17946529639552267,-0.14557654784328694,-0.6403285741051956,-0.2568444114785889,1,-0.936645378243844,0.77784692105803,-0.6519675753268565,-0.049287637810384075,-0.7465337243409216,-2.513946888917794,0.08002169981574414,0.7406003850382398
0,0.0620102667136396,0.44186414891644943,0.08609655885482137,0.6722163059871468,0.33589618750701644,-0.6709219427269639,0.5283210073631743,-1.4088912395435178,-1.445778339519946,0.24190493465349597,-0.5073215048661353,0.7068587560227391,-1.434068763942486,-0.922426854341077,-1.0047977722051402,0.4160631152578575,-0.5914725488865931,0.2160489450589334,1,-1.4917409443550127,-0.02256406336451386,-0.837083612328585,-0.016490552745979214,0.249399532862828,1.4217567300774145,-0.5395955760373068,2.3757726515479516
0,-0.24806238274989123,-1.6005846685614715,-1.6273469660212028,0.3410125077036274,-0.07043310814432754,-0.6955550640647572,1.011935855408456,1.5952718418618643,-0.2524087023017839,0.2810849175104495,-0.06649915325901457,0.27256797664207694,-1.3846227466370222,0.007366436903191359,0.2972275396145141,-0.07051497978660537,0.4481401771240491,-0.38993115089677016,1,-1.2202722016916305,0.987304917781217,-0.7489528511997356,-0.0716328054195357,1.9860511690475833,-0.007995554041530031,1.3580945037844487,1.6257463795517713
0,-0.8597392955456434,0.9612547563840775,1.0441500172357028,1.5465317358643689,-0.4525579570474685,-0.869861172985966,-1.4630938233440847,0.4328797415414016,-0.1227826285608366,-0.5610345481148586,-0.6451315793774088,0.5445862467160107,2.623429853548826,-0.004935494344860902,1.631705990761574,2.6072504975873905,-0.293325695471986,-0.42300401918970654,2,0.6954816310821865,0.7013367477011865,-0.3765667541145841,-0.13858845242106,0.10707864230584752,0.10509202178193894,-0.24065417493212662,-0.3424785689558466
0,0.3847844363039879,0.36718089369589413,-0.2998161763566165,0.6468529084133192,-0.5075511162842864,-0.7331779344685618,1.0015515225014184,-0.03449939236553974,-0.7132966409689336,-0.38549247135599,-0.45180437398670426,-0.03315620492996829,1.5006853028322853,-0.3046651253891116,1.0713755246831869,-0.20722775694315426,-0.01695692561219568,-0.2558740581189741,2,0.40732137158221193,0.43205709213455956,3.4591864969222086,-0.06923905732819051,-0.2297122415005291,-0.18404527442565494,0.9486341003729093,0.7891907094436179
0,0.3714186107508619,-2.9772805423105524,-1.737223206470502,0.8423518990467199,1.504659964897448,3.5279866829847304,0.7462296126140671,2.138629805590068,-2.5341445572814347,1.5384301006065604,-0.39693139021501056,0.5070867641359307,-0.9637340891249898,0.04087507509927232,-1.6972008539905095,0.1061032777594923,-0.4845618885913815,-0.5389809745729998,1,-1.512801795128068,-3.0977344217668294,-0.6938888935849924,-0.05300746705998513,0.056462021635217685,0.2545545375343411,0.965982003611687,-0.4432998119779031
0,2.009208405546914,0.6673762212985946,-0.9789654526017684,2.683195248903519,1.1707555953155175,-0.04129854726537749,0.7687922273124135,0.6606892225332892,-0.31734722823912104,1.3036237577471546,0.32516071823047243,0.015166401509438515,-0.6025161797245271,-2.362796579374685,-0.16783568365292129,0.013096805927818755,-0.5727936342623596,-0.2676913932891762,1,-0.7934232841383132,-0.4289129540133745,-0.7571942860953462,-0.13858845242106,-0.4186680919354286,-0.678695610490245,-0.11213201439244953,-0.5014610264909674
0,-0.6014337667974984,-0.0417450065086189,-2.7118942949609015,-0.05061271696873402,0.7808082625517613,-0.47226494127597163,-2.2415342479096703,0.5624522304031108,-1.1698673253840304,-0.5336853159373479,0.2286194117527628,-0.22839144266790928,0.8179777595652498,-0.4733756046407117,0.5157239500326393,-1.8536606945232934,-0.2978077752708463,-0.022737682216258964,2,-1.4786842340348116,0.2900964359864351,-0.1349009746467823,-0.04258426963594985,0.062134957541215896,-0.3325823297038256,-0.23329506117754262,-0.5556751646565983
0,0.7703645148548176,-0.9217893567336497,1.004452311787496,1.05296245838604,0.5805185232226417,-0.8173038938894803,-0.8266050950116606,1.9307922739016317,0.1842197320136647,-0.34838949152240156,0.5497384757021909,0.25516696024728946,-1.220015339544402,-0.0847397843970335,-0.37230591285903963,-0.8977607864462317,-0.4043665395223781,-0.4739382624011381,1,-0.9615448729898914,0.0163658921364285,0.3613037942872886,0.028230553588986948,1.5671710703024733,-0.06215602039015526,0.2731764570004467,-0.40652782864861786
0,0.15097695709132658,0.12245196412186887,0.6643878653406208,0.3853768132847959,-0.38195643923486244,-0.9893141075722565,-0.1780586860450238,0.0316208738639084,0.8276992257905782,-0.5297566365673458,-0.6820382582557445,1.095615811325018,0.8542998557358271,-0.9893230816947438,-1.1075505092556899,-1.078059607040499,-0.65175997996054,-0.26226812550276346,1,0.5666819275971356,-1.6766172664926469,-0.19476399668816924,-0.05656687971273539,0.46951691067008683,0.9044846910387024,0.6755759658606417,-0.11173563435060313
0,-0.8670729251500762,2.0046855931962826,0.2810159526535505,1.6599541621130882,0.47645917700438145,0.882535733804821,-0.8495092101040543,1.2207918663273818,-0.21086604473501458,-0.9389354087339867,0.1892650713194442,-0.967397805075904,-0.2514196576057558,-0.3391261732853014,0.11579321342798932,0.001980128014800464,0.05030412677301896,-0.3240057025686824,2,0.34661365472980393,0.40842980122131367,-0.5794768114947298,0.1036447409122015,-0.7085180857029784,0.24531844413745293,-0.8747361008414786,-0.3724009925561254
0,2.24867707487614,-1.388901201816283,-0.43613311730141063,-0.20889352611923345,0.12502611841629274,1.0180930724218384,0.7543424297297829,0.8568853332428867,-0.988039802220744,0.5506331361998748,-0.5799352187749811,0.5038579802990538,-1.4469338841067563,0.4820370549339221,-0.5973211746896665,-0.19076955404922813,-0.06713997428263285,0.9297006783939747,1,-0.8967104539582462,-0.8711273331973599,-0.6648139567849045,-7.015484316272996e-05,0.2698318059905978,-2.14532565473487,0.9922096928636497,0.7882634732454517
0,0.336280472190307,0.8381099016473521,0.15417754413073115,1.3056722488620782,-0.3198333569096128,-0.9142116893457927,-0.8119744900191842,0.9246810085156308,0.6061173793640936,-0.008358209705472741,-0.4451743515112183,0.824130466838118,1.3763173279553926,-0.62569403756061,-0.9378788462617429,0.2472877622048235,0.2060204838844164,-0.11226739965472818,2,-1.7953219513847558,-0.47048361477969447,0.3569564928318689,-0.13858845242106,0.6589848174286268,-0.2354772495946459,-0.5601552940236801,0.02559269762598526
0,0.28897746422314763,0.5266157863250638,0.1974844359500822,0.9732755582754469,-0.843257110514989,-0.3224082756826713,-0.6315113181472133,0.8475799857719466,-0.5766045543420235,-0.021602232952726452,-0.8499038546504709,0.26983531772655855,0.5266788840373396,-0.9571014556241968,1.7208527043191995,-1.6691401857399102,0.665395820077062,-0.4096374961931447,2,-0.5987935231795856,-0.35735279033259537,0.2460005564734119,0.2367384098610147,-0.6408764178434511,0.5021098805833545,-0.6168373414686595,0.5020272338489087
0,0.104998555175284,-0.30287699990518047,0.34329690649576855,1.2801661134385844,0.6535293605996275,-0.7520080744525994,0.3201509903895105,-2.029295344607682,-1.4409515266223412,-0.5890970810260613,0.09069801606447273,-0.00933742107084512,-0.024067872882686026,-0.4446463457813976,-1.2152501093040082,1.5794136088422928,-0.24143463302993629,-0.09383663940680109,2,-0.7077732222699269,-0.573509395404493,0.16798638964054535,-0.13858845242106,0.12228997720005902,0.4065785386591366,-1.21975314077183,-0.3999254510800909
0,-0.0807590530825168,1.3649365694816733,1.2425641525233915,1.8011575508142368,-0.0499545008686846,-0.2349767081448823,-0.007656758539677511,0.4406573317957206,-0.151939553359431,0.033057041029813966,0.08934436943684287,0.013916625968256269,-0.0005067085287473461,0.1990043314524906,1.9197180136345942,0.30897597455606407,0.10306778903133543,-0.527462156443103,2,1.7372144534349823,-0.18315947693328513,0.1651526094493218,0.11516093664289317,0.1021796223223081,-1.6573530474464446,0.3017731996284774,0.25333684112721233
0,-1.0046083916170705,-0.017325906426743143,1.1212413997053674,0.4229160064148629,-0.7531907211693303,-0.29347384965415413,0.45610216876326015,-0.7695601943310999,0.3584421168661527,-0.5147758350966936,-0.5596705366125918,0.2584320230727996,0.13483201678467907,-0.28301670051178873,0.24144202997873473,1.630634922586835,-0.37558964258247574,-0.39304004876564125,2,-0.0256683525196173,0.25882800250831617,-0.5187943103109859,-0.05507683885037429,-0.41949466855242934,-2.7370777110442033,-0.9055369088331662,-0.15658258690471427
0,2.24867707487614,-0.4421055885728687,-1.5374656277649672,0.7991622006977052,0.16348547877239028,0.9135583984872648,0.9982997300086336,-0.9171141147163749,-0.6297502617793843,0.8969076836150245,0.8801354209434633,0.6991724517939841,-0.9578090927317782,0.8012985065340528,-0.26063101909636055,0.1560264244067754,-0.5962143693491634,1.1214370956627173,1,-0.5890451412643425,-1.3839182258971983,0.9667487739853555,-0.13858845242106,0.9573119333764404,-0.3396909022010129,1.7752566589222374,-0.01182199507792897
0,1.1653822093624302,-0.37788829704596105,0.8256531109648724,0.5127191344151144,-0.5483810278733117,-0.2281346638941204,0.9678521967839109,-0.775329909199614,-0.7509942079585166,0.35626467463327427,-0.4994966325654779,1.795124039592453,-1.78526162662461,-0.5741688749255762,2.960991168148402,-0.7067505983943706,-0.2055750491627919,0.7273942081255932,1,-0.600824107166321,0.5189531569135787,0.37149827277965475,-0.12825607173393164,-0.27031113125165723,0.2019941740955265,0.627903257610696,0.4895290664210735
0,0.22899567379434677,0.8825851458885475,0.35935559336342904,0.7301784429415147,-0.20197030651768325,-0.5944200997874856,-0.8402983020312739,-0.5934856464559877,-0.665975384279225,0.6810734610400849,0.20373084827246418,0.7631643855325683,0.5553357029680419,0.7524840254106452,-1.3248057242668783,-0.18505630958311947,0.23007397118596762,0.0037232275259461572,2,-0.278466446424789,-0.3564784395177458,0.36990050891804127,0.017912406442325113,-1.09095311408826,0.28521071644878093,-0.8606615651978277,0.9234165291610654
0,0.591507690595764,-2.0665449297397176,-0.789114267022935,-0.9312550441824429,-0.6381865253978898,0.5198334521319239,0.5378829672493,0.5197619935900829,-1.9386348688288115,0.8083192113991808,0.012214215647017801,0.9006397218160721,-1.2521974549920774,1.3632883661373394,-0.7629512286742197,-1.3568327473185426,-0.5904784699794693,0.0410178194199435,1,-1.87737378862638,-1.0959425119399342,-0.837083612328585,0.021859533727743637,1.762189113067551,0.2485153195244939,0.47569897725377785,-1.4725800767216088
0,0.4594151500662672,0.37660116488070144,0.14829786294091607,0.04349499701157533,2.928037713878761,1.3865328830103048,0.6792468229435228,-1.4106104029852147,0.3288840656204055,0.08119519150244547,0.020564105620781703,-0.5295930849333375,-1.6252517451106885,1.0183407720447122,-0.3506455943313294,0.1816779285584072,0.16026106100653556,-0.6274207352366784,1,0.2840379357812704,0.8981715640702144,5.400631109614865,0.07286167018900638,0.45515353713768736,1.0405214928158892,1.1343524394141502,-0.30219011147351776
0,-0.8852360008767062,-0.046094397643980864,1.3938786500699991,0.5930459223654623,-0.2577412352418561,-0.6981062858912968,0.5712888956364126,0.6113790548761708,-1.300149713581325,-0.10637412559232784,-0.1327649349471377,2.3240731687807465,-0.5575644693447013,-1.2876550343374373,0.6898004580671271,-0.28779640159987413,0.2770133952702757,-0.042062987646450015,2,-0.3099869073769773,0.033528465519634176,-0.655774335523617,0.11441557816964229,-0.1971440160918996,0.5999622205406592,5.047752864791942,-0.10754922841471237
0,1.4689730740814637,-1.6223769255884501,0.23243286024732052,1.4267837807632553,0.36421779712660185,0.5954855065142786,0.4587865277509,-0.9640742310944721,-0.5931953721611329,-0.20896817924110397,-0.4270364908551372,-0.3172618200460239,-0.9530679708594216,2.457275007825934,0.020309959621528872,-0.06280554352816872,-0.22053547619701752,0.5985602120543593,1,-0.8053660477000273,-2.1157159444223357,-0.7980723881354832,-0.034251751965183146,1.0647723867743712,0.18821347025697738,1.1965950007376158,0.6118963234047357
0,-0.792214293566099,-0.4762949944173665,0.04826830579869684,2.316513825433562,-0.6642461078596076,-0.7602437288600418,-1.23677712747606,0.6117709472717803,-0.0477571378505615,-0.08997602963315911,0.052736487691826595,0.8064433202276753,1.8731688342926518,-0.7405186679602459,0.3530105611215897,2.203848488784408,-0.020767769260194663,-0.15132320348080214,1,-0.13227525826735262,0.19834622969443333,-0.761901488834205,-0.023435002421427736,-0.41480244730063615,0.34646203107920037,-0.6036649846376931,0.13917906803659097
0,0.2955696297885557,0.5688359919586585,1.7240525365244261,0.4777773385098167,-1.1952865976102132,-1.276531480378835,-1.5720804939695547,-0.28128814275396335,0.4450298148559052,-0.5125896666809117,-1.2813955084679034,0.7667982667842554,1.4508441566997505,-0.2986279664672933,0.7765517637786569,-0.2160101450859645,-0.4911785478510155,-0.226088233117914,2,-0.5570123698202224,-0.49928867520154474,0.6532508837418134,-0.0371459134440518,-0.299398725051843,-0.29151545195610334,-0.7182837252036012,0.2564688481313842
0,1.4548381961038641,-0.3699502820981906,-0.0867318025357133,-1.985716870285466,-0.5547614383161528,-0.9808223611409441,0.7012473070192762,-0.34001146091931655,-2.5039726753761054,0.8208844523005179,-0.9200465983939696,0.1398038086750497,-0.9835325627548884,-0.8272661847116505,1.5266539921439173,0.4840560064537846,-0.5504987726118667,-0.26222518998106187,1,-0.7384659733696487,-0.7208161688388893,-0.8250869181492546,0.04724048323022903,0.7284003186495129,-0.8096372954760463,0.11610795333578205,-1.5532064190840722
0,-0.16848695900177926,0.8988695429122278,-0.05622771283645833,0.6681611198679382,-0.13331630218736917,-0.9638523640339172,0.3808064933957956,1.282919998993034,-2.724470886029863,0.8875456966214726,0.25630655649501033,-0.17285931479038974,0.557967145590879,-0.29836535828768196,-0.218230526658328,-0.31987871810244606,0.5433828244721107,-0.3415430360685344,1,-0.1036134932199338,0.15100741616825872,-0.5150438190537991,-0.024706067804475686,-0.030344235147172327,0.49228550772650737,0.060080892233269845,-0.5701260787530344
0,-0.7634464119351605,0.283561789541271,-0.9937744231396579,1.1617082346732717,1.5157157753061208,0.6622647746248738,0.464254678837911,-0.6148528821193663,0.5513662065039043,0.097512420541472,0.3530260583730289,0.4374299557667315,2.220424356395229,-0.11449477820276319,0.15594001343165798,-0.3319031329699613,-0.46676043769478937,-0.30019971993519656,1,-0.6017234438103152,-0.8662419162324109,-0.3615364312588338,-0.0532778257154937,0.0138379250584868,0.23781598742566185,0.2297294545481171,1.1212680612309376
0,1.0679211304820855,-0.24904758008170297,0.08167437043559178,-0.5832836942239014,0.9147732183147226,-0.14286533750045682,-0.34556997694861624,0.8609738612410626,-1.4058535802925671,0.15798471487710755,-0.12068186471620188,-1.3810611228701128,-0.7866820315196682,-0.24116522664188697,0.7544382995139178,0.008843382650143547,-0.6245281378445021,0.6443270632516083,1,0.7524576845693907,-1.7763600669641861,-0.16226795405976702,-0.03940779043611437,-0.2444649097155441,-0.2759157407116356,0.137022574003465,0.19191840407505045
0,0.1751281517452117,0.6709703210762075,-0.5018345513933976,1.1003046531652443,-0.4021411443305834,-0.6680859985312648,-0.012114189841057499,0.8162020989792884,-0.730831715310053,-0.4274135249801615,0.3824516529098295,0.30892308218318765,0.7609706264666052,-0.6007987035784926,1.2888690235307978,-0.7071001712568932,0.7387796300198107,0.01876388795804823,2,-0.6234539956242898,0.28585558537925837,-0.7457782007935588,-0.018531472708488414,-0.23362261759257907,-0.39825663145862633,1.1618017904781972,0.47278905453871606
0,-0.37888606000662983,-0.23054885629977828,-1.0274416090311485,1.637326515124323,-0.3436484762917962,-0.6812738242877225,-0.5982875216698875,0.4827453861437736,0.2886262777553754,0.025407669727715826,-0.3314523317974687,0.18550652181251845,0.5219277722649053,-0.7012395805636809,0.2159592154153186,-0.4358965648797911,0.060007224262720274,-0.3697804331826296,1,-0.5114493263136102,-0.5081806362314696,-0.24807190670745305,-0.043303811850127744,-1.0269486457266632,0.05150082402606937,-0.3179807587741257,-1.5135680895247599
0,0.19439266965357815,0.190980299809,2.035040621961604,1.856917626248081,-0.14437814982962432,-0.5468377972265049,0.5439861924544372,-0.7077804261434708,-0.6376787659943693,0.019297799715359165,-0.3966553037925814,0.25520373217371556,1.2076650112609233,-0.07028597637705986,3.0755866059794483,0.7307144362674929,0.5854771102988594,-0.405849653542828,2,-0.02665039794725943,0.4421050384558448,-0.837083612328585,-0.03920776557822089,-1.09095311408826,0.25169638072302564,-0.8570839819465353,-0.8880465767357701
0,-1.193739323808081,0.3150060191992469,0.8241110826570155,0.7417647647683238,-0.29874172972690327,-0.8221267759890352,-1.080349399030636,1.3678497851495752,-0.48856475561580665,-0.5288616902729814,-0.19003480284357865,0.274514749583689,0.08665354142797699,-0.7837817650231613,0.24017503294364162,0.009589112394192245,0.38055563863404174,-0.39181506075476175,2,-0.22647258012758628,-0.40144252677109105,-0.4752950765566874,-0.06097489553885625,-0.4695758530198746,0.11882009467106447,-0.6074668093655365,-0.27377664431973825
0,-0.1611889797389104,-1.3676030463678306,-1.26468843011892,1.0937901131561287,1.1934478047108836,-0.6549340553692258,0.7552967138483584,0.319772661135022,-2.4691578675713917,-0.17783286390322434,-0.8368329893599273,0.3093787967667001,0.0719608436226927,-0.028285789061194166,3.922559910784134,-0.7762525563891185,-0.17059006393452214,-0.6235328789977843,2,-0.8713724173338377,0.951047800862711,-0.41836523904313966,-0.1175685884566395,-1.09095311408826,-0.7362203255754959,-1.1809519081281732,-0.5697681015838536
0,-0.7828769966243609,0.45928249690746975,0.4180371967608307,0.8192659311256413,-0.5199756012331767,-0.693011069638561,-0.0006034343613819937,-0.05074212275464901,-0.1572522273523162,-0.2033018440248761,-0.41896736490057124,0.12965655336043752,0.3932768448558285,-0.2809040745075333,-0.510391404654618,-1.2302700914563176,0.3648412095196461,-0.45907667565094507,2,-0.15770720832988652,-1.157359406655677,-0.26212883228205686,-0.06459286833486434,-0.6361222061687726,-0.7095551139884567,-0.9863915438492133,-0.329459106889623
0,1.4945262198030633,-0.33423107013346615,-0.6757156772306032,1.9781121768611327,0.0011093629584100206,-0.8935164971849416,0.4486744324413121,-1.6664344252165129,0.2609595988938429,-0.40555651759178246,0.0016482775325799004,-0.2150834331657118,-1.3927976682763943,-0.49858680005948885,-1.110111263669204,-0.37777385118184226,0.18339239642895327,0.011085423553631908,1,-1.165060617755305,0.8199272506759436,-0.837083612328585,-0.08302493337163222,-0.23862553556885438,0.6762280003663772,0.679526562182927,0.9852863728461929
0,-0.48132672930645304,-1.3980595177406832,0.17053894066975533,-0.6371151925741593,-0.18833963256622052,-0.8597806180975879,-1.4191775773561748,-2.176163023943029,-0.3664109946018617,-0.3056297503941744,0.34392956963035415,-0.7694047425964421,2.0290490325763852,0.37228032348268747,1.9098632966256401,-0.4039779862567855,-0.6497106013516205,0.6533271782167456,1,0.13891196518796645,-0.5293025296223215,-0.818240221479759,-0.10481264847239144,-0.40411282027526896,0.6979591477137566,0.1508749176596004,-2.2401896400898518
0,0.2329294541052147,0.1187786426832747,0.5158018464014158,-0.9445060110091169,2.5746313223516775,-0.46523052112146634,0.632581086190461,-0.7355253821955471,0.5943761377957517,0.15112535409797778,0.2084870331177176,0.629118413781935,-0.5801555259045823,-0.04784542618017523,0.7833200298204783,0.40482808736944287,-0.5626858246572902,-0.3545466591216008,1,0.9895160536008869,-0.44911320227641516,2.301730078586726,-0.10817843871312896,-0.24387770289973323,0.16860847032279702,-0.09648959297557752,0.3426733562728844
0,-1.2083674431110978,0.1496131324808978,1.6351159888342202,0.7285606906644774,0.022497895538829582,0.35023485332527365,0.6479435284026115,0.37572779168272213,0.2598983554666833,-0.6952267534400114,-0.2480221705428738,-0.211598184154429,0.3474976647864484,0.03382561946927898,-0.2698257039433539,1.1855194924105485,1.0138179629691675,-0.22922674711944152,2,-0.9748080958776177,-0.5698615871064372,-0.20548286257337692,0.004608886426228899,0.28496058794808954,0.2937559259350773,0.153474993619229,1.516180781627492
0,1.1602777822576844,-2.283890963571555,-0.12053988077944158,-0.5340964952670687,1.0432946546083972,-0.2577954065017273,-0.13540986888016737,-0.7161219025044918,-0.5476636437695483,0.7807290057461497,-0.7963839392074779,0.21715774271562324,0.768514786379767,0.12289945174673056,-0.7396385959167004,1.3516608609884442,0.7865800790167561,0.2348226616191938,2,-0.6563117491126562,1.4838906453170333,0.24480395931085086,0.08375614564848091,-0.9509889882546173,0.37311539605786953,-0.5730584656886966,0.2554364191701469
0,1.8820061971286224,-0.40449773916693244,0.6545277151427747,0.8247210075201757,-0.04537171682861535,-0.046919446079346755,0.6574277968026069,-0.4375126150981086,-2.1891752336150905,0.0559960438325412,-0.4877392938557925,0.4519746741843901,-1.1648772733319472,0.06683991018800706,0.1671970520951057,-0.490815549684826,-0.2839774872281495,0.4735906689942428,1,-1.5913584083796104,-5.982973286118371,-0.3220846068126036,0.30208816114515047,-0.9824868618048838,-0.3472411352078293,1.099380319871504,0.2962502891646414
0,0.7822321839710893,-0.5748629853661915,0.3448236346045657,1.3630405789733424,-0.2969842665350831,-1.2269362277961546,0.8496890360760326,-1.960302206692837,-1.6844774944815466,0.7849920656160715,-0.597978045049498,1.0923550405892086,-1.3634421427927095,0.4584664812704329,-0.20217218889543204,-4.133929349660918,-0.37065618283225565,0.11688589374093894,1,-0.017575709723092414,0.27229498864050783,-0.05532820301695218,0.015933498236130203,0.2789602006055948,-0.7616263202149139,1.0049632069952785,-0.6419753318520376
0,-0.7906988147721734,-1.0609135732972512,-1.6924782297410437,-0.6623395441155707,1.5277142270375688,-0.6923284666550007,0.6908998140889515,0.19581290539419127,-2.4578445600466035,-0.6103259189664156,0.9801336717457807,-0.3326255736601727,-0.933555950609707,-0.4107742779555587,-1.0392040393989765,0.39257339850696943,1.0966199183741212,-0.3405022212744025,2,2.0282817127446187,0.33596617646428206,-0.6440288864608165,-0.13858845242106,-0.5586711467658905,-0.4797262370854364,-1.21975314077183,0.3688180218527505
0,0.8146703807615989,-1.2336655700415415,-0.18546180296785045,0.14971156594696056,-0.29271750304296557,-0.1153329020100763,-1.830569732033883,-0.9814911919803389,-0.9479477497726526,-0.28046230465003147,-0.6263515261481926,0.29448032166923616,0.05916990522075494,0.03537804499667527,0.25943920010111,0.14503674011053191,-0.3631262999095112,-0.10700178265308855,1,0.13473722535635876,1.0516741399806264,-0.5143379953292718,-0.10891364392657625,0.14113663934639775,-0.0921058707749578,1.010048988284706,0.018993543973885862
0,1.0597760808279062,0.20669873173801445,-1.2989036001889251,-0.560331102623658,-0.8080751747189836,-0.3041578352166937,0.016773627904108468,2.2365162896995594,0.013534558066418012,-0.8976662191779948,-0.7977015071975074,-0.08826700646987334,-0.07305025634328222,-0.17796093439011837,2.650679121814063,-0.5269509854375238,0.3993793177253855,0.4781875654317038,1,-0.8323695329250411,-1.6356306211005838,1.86331345556666,0.40227062464807684,0.7638983132105429,0.43263320374055325,5.820018381344962,1.602024434592369
0,-0.7459117573425644,0.6334583265937298,-0.8517112284011612,-0.3564703714404561,-0.15648856880253267,0.09771251681507198,-1.1603248847579675,2.2262105109643056,-1.4927788568091103,1.9786728179733304,0.03140660329646272,0.5337828178011785,-0.43310098196312485,-0.24530983526537792,0.5756428150308085,0.07177981437224412,-0.4516146395134451,-0.5196801971397125,1,-0.5405973417932645,-2.0987319448565054,-0.4822552243660952,-0.03662750756551425,0.0016178014582935718,0.3994930160436446,0.15042661592411055,-1.4033423203213702
0,-1.0664135529985193,0.614349027819442,1.661959704412022,0.9978143108796108,-0.7785003043165721,-0.31325467375760085,-1.2694310073252186,0.14390886334595254,-0.43237609908001207,-0.2092818196989762,0.05364351725259209,-1.3354871724743396,1.6469432664817318,-0.1389313964143586,2.7012483336788167,0.15510588595773206,0.5167260004235377,0.20325964584282635,2,-0.1984387523478683,-0.5285473401187933,1.5552381403873692,0.2859136568301396,-0.7384431344133193,-1.2860721489385885,-0.7676494177259399,0.1201104777664041
0,1.4809948558798642,-0.41029403089864336,0.36049021286814986,0.41458449605209424,-0.40131026933516,-1.3283483730729706,0.5802399916655232,-0.1601842245602525,-0.17506204485640614,0.15060671001460735,-0.35905114687203954,0.8845382051825599,-0.970384652595965,-0.3620155046493804,-0.24810682173946852,-1.5082995847978897,-0.36071520251544237,-0.17184859113375506,2,-0.8161494710488064,-0.39982234263431005,5.934230601414898,0.07116281956717843,-0.6624039651581365,-2.5546454129315572,-0.021650801048463952,2.2016477363058975
0,1.5967817539076359,-1.0104008325324831,1.2226959591853306,0.07960172432349283,0.7937022826567355,-0.5502493311583622,0.5460616272272488,0.8047200847460321,-0.5277437790928213,0.22778597427851924,-0.42022941408024483,1.0273362575099343,-0.6401362979412972,-0.26651083663795244,1.7099305568512275,-1.0137143365187355,1.6093137104983013,-0.03357142487294145,1,-1.3502330152093902,-0.711526618159735,-0.7660774423797307,0.014887737698789927,-0.09668861870262074,-0.2705946369821387,2.011115532733509,-0.20643907287127167
0,1.0233313770886239,0.14787344724395335,-1.6816848556711073,0.18128511436538575,-0.390182229067494,-0.8322816510844728,0.8257656833102797,-1.1786268951041614,2.8967548572389004,-0.9256398617132526,0.29070688562447433,0.4950872941043056,-0.5707676334444082,-0.4285808146816208,-0.30389145892784614,-3.164133141082277,-0.2998914497653239,0.5961330266564173,1,-0.4578826085250307,-3.11087256859786,0.17288947631776225,0.028747452538605646,0.35388185580951614,-1.7674964089369203,-0.10102787423270176,-0.07043538789383397
0,-0.3954249566845258,1.335225417480332,0.5064891070176176,0.5899071162494539,0.02156096647949929,0.9222759326034502,-1.0308360018106606,-0.0023806926444807086,-1.324601844290677,-0.6690437243515663,-0.7441915675140234,0.26579554661252,0.9793744180251007,-0.46334833581891766,-0.5653568754054822,-3.952999440848098,0.7082555669961099,-0.5908972950398399,2,-0.2616208102963806,0.03877966430738951,-0.1427779092724889,0.0680406966792619,-1.09095311408826,0.37857800258013247,-0.8589837315442157,0.4740220437636242
0,1.1940036913445067,-1.9812964934473296,-1.9946063827790304,-0.7251321030029437,0.1359946455111246,-0.6558888909324934,0.7570492742398852,1.4587403548668751,-1.0554099095268428,0.9233943500498112,-0.024306845839164593,0.36330201576792703,-1.0138815020220364,-0.3879365947538933,-0.42724866177542853,0.3760439828230244,-0.65175997996054,0.046993415238325446,1,-0.053395846568182775,0.23281615064547054,0.9846509555942318,-0.10086179222088007,0.4971891247485838,0.4676538220571888,1.2589464370385426,-0.6052304027963097
0,0.32315043661536347,2.2001989869190686,1.1530632738334854,0.8238689986676889,-0.41906099268748376,-0.04822939147429106,0.7716065467348356,-0.9526967023026015,0.6920057110166143,-0.7952379813921336,0.150595368061568,-0.01553124715344062,-0.5128234122178826,0.21627776986100805,-1.3285734300379295,-0.1701333676342478,0.05849626834972246,-0.01974829230136632,1,-0.7371882112698975,0.14693340260316556,5.003202409056458,-0.03683587206640239,0.48822937718712417,1.2978222199046896,0.6071079074252055,-0.6636492963020212
0,-0.1589521656989642,-1.625063688009061,-0.04824766248185741,0.7289557825865443,-0.3447095498418943,-1.1745950777848932,0.5994536287054616,-0.1513484603528601,-2.0551253214474925,-0.4127365357004694,0.33867836897812087,-0.07726532711525816,-0.8627273366227026,-0.8042599629846546,-0.25922966248028984,-0.5228616709424442,0.4322058725993934,-0.44897950384878993,1,-0.13633717445410232,-2.5007530616872726,1.170855564764309,-0.04944886299740713,-0.43701445135679307,1.5535735077981623,-0.49387474536588094,-0.30033382686884885
0,0.3386216633773871,-0.891682308265066,-0.07491451062203702,0.5358819497728204,-0.12218956602342895,-0.8208734308587158,0.7330757012725397,0.9170344103643546,1.149028762912932,-0.7025912631508623,-0.29835575263860387,0.6833397851834504,-1.006511355977853,-0.6453443594015124,-0.3604481694067312,-0.8214156355273419,-0.25782502309421423,-0.21986768490132824,2,-0.4583478988056954,-1.5445392956130053,-0.22373374836350424,-0.08868328067541181,-0.2856642576996427,-0.4096446146885633,2.162872675792565,1.2599419085167947
0,0.42837743360545844,1.076831509436556,-0.6983623476839406,0.16411658831405906,-0.646583290910647,-0.8063031328519895,-1.5058017923487979,3.3827637990471553,-0.5732097569243247,0.06547884048455965,-0.365361150795239,-0.0885226052020815,-1.0438939614503777,-0.15798935634246516,-0.02767189134802861,0.6034722916059483,-0.2582971803235513,-0.45304333183937645,2,-0.23865933651677707,-2.256851875816957,-0.524962982213237,0.06933858251733196,0.27582093719885303,-0.15445039011483502,-0.22984807072012103,0.3020270242305263
0,1.4069717880361805,-0.07690138115117928,-1.7981246017276056,1.88228056303203,-0.8271047224237364,-1.0159337283564427,0.763210894797604,1.3205385279198787,-0.100532511705206,0.18280811521165577,-0.28096764543614905,0.4393244673036023,0.11794701890435555,1.5277184875210787,-0.26886853052060444,-1.4006623192346528,-0.49768735395999253,-0.0601848015247551,1,-0.6048407244523063,0.029316329393661744,-0.3809815040478402,-0.06093122514308372,2.1571018509427526,0.517804693901674,1.7350912575778508,0.7349378016851402
0,-0.8447760470737306,0.8083687320324597,1.1538825323189235,1.372157142167782,-0.6107739681885378,-0.3368201746838493,-1.9773636347405472,-0.21185590797228865,0.9142538164800276,-0.2129260680327001,-0.5167446765531516,-0.0009214500038300377,1.7453491763854254,-0.014958867482893323,-0.52301687718821,-0.77840865211787,0.05999275749933955,-0.1635100464270587,2,-0.29351026518563095,0.8687305987131977,-0.20916792077595495,-0.06000820497466709,-0.7387662121785564,-0.06441883901630319,-0.7782142815728041,-0.21696764546265723
0,2.1656186534411157,0.16674467202236007,-0.29425398137574726,1.422223338453597,-0.5732996292433626,-0.8639621068916685,0.7257391821347654,-0.2675143128256864,-1.3396873237389257,-0.2902856096948082,0.023654787592205073,-0.5177257085554021,-0.11591040311035072,0.44995925890446886,-1.2632281738763562,-0.9041129755179695,0.23037044799028017,-0.06445270442638634,1,-0.9893620300649719,-0.20810561430627625,-0.7600066968699749,0.19463509378628857,1.0453150265796318,0.12321591047897601,1.056502160430104,2.31482057837023
0,0.551351523084521,1.0721137988519918,0.2809562542303232,0.3547895366765963,-0.1487842401579059,-0.7944169918485045,0.7214705300214975,0.97469916208754,-0.047007145696152275,-0.10591349900649027,-0.34616202718697686,0.09175399939457246,-0.12258421192025415,-0.5615972607202655,-0.9134058556115107,-0.8563026237167566,0.1777506135932704,-0.39886283680422585,2,-0.4857763268621431,-1.3072070792804316,-0.7592007297007564,-0.022733561077232844,0.27620050861287093,0.19180596090542196,2.1156359591418106,0.5743797806407147
0,0.16016688844815652,-0.8110322221875894,0.40583387666221177,2.65234212971832,-0.6384077178986338,-0.4954110035783524,-0.9379097600816666,1.8545250376077234,0.44338669059012725,-0.6479294835087033,-0.7311365007719066,0.5901899512684718,1.1117067106838576,-0.6470211727671169,1.1900853158688411,-0.8706443744146025,1.414617750716923,-0.27167423340859675,1,-0.6248251409041604,-0.2209335771399602,-0.5984434219889663,0.3217198437419734,0.0958957997128716,-0.4933435974097381,-0.3377284704346999,0.9684487697215187
0,1.0616149037981786,-0.6872073838412636,2.3701281691681264,1.645253877056639,-0.350893973941198,0.4884291286518525,0.7536973984144087,3.819887574964875,-0.6820531528861393,-0.4042476414204798,-0.7203305584050379,0.8199345792104611,-1.78526162662461,-0.5241295160675842,-0.9551330978457622,0.03496649626953485,-0.65175997996054,-0.027350135146043814,1,-0.3255233430137586,-0.017728922743502906,-0.6758737421438864,-0.07651647251093169,1.0036261363974306,-0.07208478434746923,-0.0735476372915184,1.926337456554271
0,0.2289033208080764,0.7288086185661723,1.359692170432051,0.6339707660536519,-0.6848543335585626,-0.607318152830529,-1.4923776910700906,0.8040668192530496,0.008360575642023083,-0.7826368900010428,-0.33359763108426543,-0.06805816186870406,1.3787768444798978,-0.8861284627521208,3.037176677636849,-0.7113068328140618,-0.10389834307136622,-0.08440689874909837,2,0.28713100470200026,-0.22212676963411104,-0.313179979315954,0.1817512688584479,-0.5634331202170253,-0.3060541793777371,-0.6177322816507038,-0.2876046025089949
0,-0.3648535527031811,1.4689608303840385,1.4836925188442276,1.0021430424598186,-1.1799528873815333,-0.7417038297171874,-1.2025033800068603,0.19368171061636957,0.9146422727559363,-0.005339918532245358,-0.005296847177931996,0.5021565150637887,1.3455061468520373,-0.26945221295415894,0.3345203304109472,-0.5984977871572086,1.309101303881317,-0.41503133828852845,2,0.41803261049262874,0.25752758048261587,-0.09508780294170993,-0.013242313039392176,-0.4263148998074975,-1.0702886186963703,-0.2305241558245545,-0.5824356309507716
0,0.9012614200747868,0.4180674205656468,-2.4911268132868436,1.1247941369704084,0.14950081028185402,-0.6865748506693968,1.3724023039727558,-0.6294653430617387,-1.5547381577230088,1.2620704263504072,0.5693507140890719,0.802090096612627,-0.5052947687917129,4.061929436331768,-1.10127691488878,-0.5240402246155259,-0.11767198801306888,-0.3073098517737594,1,-0.5453968036173864,-0.5608882059404217,0.014160499472708143,-0.12118539615863227,0.11282649233897632,-0.5158296837291247,0.6812988040886209,-0.1610590905133516
0,1.9985353821395597,-2.0539198266233507,-0.43600754078606113,0.8994461869324993,2.6332564385560855,0.45109026036884325,0.6945363875087881,0.34023722293590386,-1.3910473862892034,0.010262347394419502,1.6429477142464188,-1.0354259561507986,-1.104487131885209,0.3309746624835085,1.274404481283104,-0.24434965334677605,0.24194446720892535,-0.2828129958261266,2,-1.5927511195704742,0.0887285889351678,-0.6827394184542176,0.11378430682025342,0.3224324970557516,-0.5706109366179645,0.986352752235097,-0.8904178298152059
0,0.536370747895971,1.4332543089948013,0.7737284755017371,2.2346190811826867,-0.42669220306578404,-0.3748147429237608,-0.7942398213436094,-0.7345943717915832,-1.1392135259501912,0.24968934302685028,-0.3103011910190092,0.6604666867784724,-0.56540268391997,-0.0707778117923717,-0.03774202430807738,0.5672655760870211,-0.018958822203870462,-0.31292450608736155,2,-0.28270582323923743,0.08012893236103175,0.3863897129145035,-0.11462805875493434,-0.5402759095975833,0.596036372496889,-0.7512274376274248,0.37269619672650994
0,1.2083321541859626,0.4271912239269564,-0.37108224167652587,1.5253513283797189,-0.11983034291716443,0.07245400938321778,0.689765215983601,0.3464563497786676,0.11136958645863032,-0.07677302607541374,-0.7041864207549806,0.5534236336912117,0.007603644011627386,-0.628772354237738,2.02180577393964,0.2733810813825406,-0.14266521120401904,-0.0683310550575047,2,-0.7859746429421297,-0.006170356790261344,-0.1099416187047455,-0.13858845242106,0.2152675742758116,0.43736442517393537,-0.3579130577038902,-0.11686582988822086
0,-0.6384093649169607,0.49829130918297526,1.111387283071506,2.4918436357292486,-0.8933990983683309,-0.604046808651181,1.1598494243060693,2.4743484666562576,1.157925858013519,-0.48125887290447766,-0.7143352181302056,0.48019829949740495,0.5128453233053529,-0.7576424813498013,3.1923389558492636,0.636868870560475,-0.03191316179706971,-0.0739603780144871,2,0.2515560267016555,-0.42601675117802196,-0.3678857730084826,0.0002332682975967823,-0.6321896225349736,1.0581980063653496,1.165112411233287,0.3341898005552634
0,0.8480008700215591,0.2581258855133871,-1.303740427655414,0.9147192556185619,-0.8576941760480865,0.09702892714065209,1.093003429829359,0.6227542059723816,-0.42503233471699886,-0.48259352029691116,1.0418900454424587,0.5444418072051347,-1.3971804075038297,-0.6234653929772759,0.36997878428907394,0.6722635957279619,-0.5176755984469346,-0.19242956806531603,1,-0.09185890182343007,-0.6910490530985626,0.027626148103602755,0.011744937461315635,0.28010234516212495,-0.42002336575253113,-0.2612652119651191,-0.9969730397751042
0,1.7041081185815043,-0.8715601257150236,-0.4264572923006469,0.12122749483125467,-0.5780832291046214,-0.779954122137911,0.8213885985863623,0.13700991846385005,-0.5162881211847163,0.12081839897659373,-0.5886232954468985,0.36835320943043137,-0.5021243541655267,0.4324732366049484,-0.3964335601200578,0.8490631891401534,-0.034712029381111884,0.14190205968354305,1,-0.12347566202464647,0.5919354813329748,-0.7136073581026271,-0.016406352571270495,2.100598580004889,0.6793453759177529,1.544617892993343,-1.5253392742347804
0,0.738427874811407,-0.2671651540602357,1.1187118808584748,1.2812007758119404,-0.6640462465944177,-1.2224484955123542,-0.7865243041097882,-0.05409187846881108,-0.16729381678173327,-0.08387295298184165,-0.36421590895532985,-0.3196186552343641,0.33978854467354136,-0.4277691378747138,0.5872101038399152,0.10836101616593247,-0.06064020786061683,-0.541988750326966,1,-0.7832440429459265,-1.4111293660362558,3.3226683186964228,-0.0715521255835982,-0.45527445791120913,-0.29501809666882345,-0.726922177161498,-0.35127513731782734
0,0.8897670378061879,-1.0339472272461814,1.9413432905959476,2.709121549631481,0.016462079557090892,-0.6008275368387086,-0.3492100518233596,0.627524176154118,-0.958828740052426,-1.2245889865932837,-0.598361765921633,0.1926237762586303,-0.5744093574792093,-0.3507514668627033,1.2611479772712166,0.6837995802696455,-0.44515456649528073,-0.209914087252976,1,-0.9185929769473039,-0.009439665731824087,2.9002635557941305,-0.04115611407953214,-0.4329009294017929,-0.43190148222204805,-0.6775934241125267,0.019356934374782586
0,0.11767336008884208,-0.4338646014347058,-0.8734174916131217,0.8126192671800111,-0.1717755240485821,2.062165415468858,0.575809760745692,-0.6424835114787966,0.5421020560170499,-0.35182969826575816,-0.14274689169703642,0.5079977346492107,0.6268148187081426,0.7476975433310965,-0.7615470989486373,-0.3973148730689553,-0.45560819418929493,-0.20929250377083183,1,0.32596608597854326,-3.3267151548866023,1.0326185550685647,-0.13858845242106,0.46203784796821995,-0.2702750564686629,-0.45384749915992556,1.274329695008566
0,1.7604315585882286,-0.29259604352882007,0.9274519531904396,2.0903387765528985,-0.3337161888477367,-0.3999372563215521,0.7744506440731005,0.2794919417914767,-0.01791185395784048,-0.731732645101351,-0.34088285383917244,-0.09880293597256606,1.1997721777752464,-0.36681291765264534,1.389394635649087,-1.1886651379520943,-0.39998014564463463,-0.026590712875204543,2,-0.02026209904058157,-0.7732581710497799,-0.7603070924217561,-0.02542257778078614,0.24286772810542856,-1.1453503608332087,-0.4415244053698796,-0.2832138708405901
0,0.025367870336326342,0.9040592577731548,0.7761964766007141,1.8044804884492327,-0.11323933751100851,-0.9029360717515234,1.0037881591730504,1.5384477903977558,0.6026829097915622,0.056407149939319834,0.28130376820941044,0.3676400988657676,0.004583220420968592,-0.7635801686810242,-0.5631894140649509,0.7911681909301347,-0.29296715086702985,-0.21615889056499327,1,-0.5478726980939943,0.4063178629953559,1.3720590198697757,-0.13858845242106,0.8255474113999974,-0.4455114492918633,1.4011506639150204,0.3489897493584947
0,0.5420826139820348,-1.6779855544529363,1.1532922786050073,0.7076263757920525,-0.12349143528723605,-0.24060112040969706,-0.3460959942132472,-0.7063091517440575,-0.7075036311123215,4.77238997703478,-0.0659155480258503,0.24244595204048297,-1.4940972517717395,0.1068271908930088,0.719192443979488,0.4811089183262903,-0.20239484236057437,-0.3360860983429248,1,-0.2820771669224448,-0.20495839053856796,-0.755753440976394,-0.06890210157623222,1.5561747857219665,-0.15549582606334628,0.4675029320328282,0.9909596056342139
0,-0.11970283288619055,-1.2447722193758561,0.9054038224863752,-0.17534676281625944,-0.12515570463545395,0.6069482278373249,0.9359456294401787,0.5264639889984197,-2.0559425498899255,0.24764183592483616,0.45973933295417646,0.019528982824698282,-0.08759677550282874,-0.0299172716756351,-0.8591146120220046,0.02858200986088122,-0.65175997996054,-0.08547680346669612,1,-0.8473310564381716,-0.09921641436032225,0.5221072781972211,-0.13476071480701196,-0.06938020530789557,-0.9674150019862224,0.7114497143656924,0.7423870498590374
0,1.2115391163243152,-0.00938191692873909,0.5084714090361442,0.7397032795205607,-0.32176470915084754,0.2214930598678565,0.538013134873134,1.5064024545350678,0.6919176474019765,-0.6107961424239234,0.4817496986779298,0.11092070505064122,-0.8385600962662559,-0.4093218439200129,0.9185923857000455,1.4223920074853051,-0.5128181949261826,-0.25463034583105865,1,-0.775853920565178,-0.5601726892681254,-0.6454481465432953,-0.07396771559707226,1.112136200989903,-0.22657919513145205,3.102888298369905,0.5823728994980593
0,-0.848694649241021,-0.32968075813934106,0.7155039476267634,-1.8668895560556054,0.28598700350614115,1.044257809464325,0.5001916992136978,-0.5632427768570012,-0.5999368402681292,-0.005735936082494453,-0.38933572006053485,0.2746489696000317,-0.014138158788051414,0.8269522462949638,-0.6683150258895661,0.2913272284406333,0.8139461347425052,1.0904396510906516,2,-0.5360277713942851,-0.06815394766108315,0.5807214972607407,-0.12870889646996708,-0.15970173914934133,-0.20096931653346511,-0.814939136922642,1.5760883403989299
0,1.3997935429511175,-0.8849749050718196,0.31261024366887524,0.6295968982072782,0.19944593340533887,-0.28956649118652106,0.6323519879985531,1.033503917831481,0.7499215038910798,0.043842179683007465,-0.6934966008316492,-0.0659652668387739,1.641018804045706,-0.37376671734886835,0.258429420422688,1.8130595340628028,-0.5325272833630037,0.10405483075447558,1,-0.27203321874974484,0.15730181438853416,0.6905299097445213,-0.02283112306750225,0.24828805480345262,-0.03735623916380248,-0.43183764511890316,1.0204378193281778
0,0.4735484506195123,-0.013915136029194128,0.28392325774829696,-0.6418840283899301,-0.3567696017887515,-0.12079748136509239,0.3435988663228758,0.580541282320629,-0.23278248014647313,0.32548158976659336,-0.3531975895541046,0.21721318777731374,-0.5544773578068898,-0.6213781258158282,-0.08668062865988324,-1.1067898538375223,-0.6120044578130819,0.14889947045033347,2,0.6152258835666737,-0.6216365489752815,0.07419857915595823,-0.015250997954826845,-0.13868893729912893,0.3664026685723969,-0.043227606124064205,-0.04895763169195422
0,1.8624671870405876,-1.4410974885817862,0.48958442114226636,-0.22955578733262905,0.4995481618692925,1.6374631535894597,1.0817462050390025,-0.9841384836809525,-1.608776357670703,-0.1234164395344168,0.20041177769687965,-0.6591329067343205,-0.11593831574809388,-0.0209755984865298,-0.23133165899753855,0.1710590513196602,-0.31465508130284026,-0.15223531740141893,1,-0.34474219057714306,-0.9527886114605473,-0.837083612328585,-0.01414608939743113,-0.3017705132535498,1.4686510909742339,1.1407376979717188,0.4744452019620655
0,-0.32919877091161,0.13269681628718072,1.8023343117227575,1.054257166163371,-0.25315389903682395,-0.9656729992670099,-1.3991681440797716,-0.28060062090385646,0.5023666766660069,-0.3989579458111655,-0.5587309895742172,0.6531734277731935,1.2904682997767738,0.4917465007832943,0.8490090425978172,-0.6706080127031222,-0.026118928757561555,-0.2953179715814171,2,-0.5099980320181623,-2.207060835006743,-0.17766323947278317,0.035856590497595084,-0.7528752925677293,1.3659383298633352,-1.195071343936446,-1.0461784660589948
0,-1.2304628416847994,-0.7316553203221312,-0.8342953318338326,1.0726434166516743,0.07279455317993822,-0.8584801982900219,0.47098019415585357,-0.48481776337708604,-0.2772540051037236,-1.0215891221125122,-0.07500721289569998,0.566522616239204,-0.4771262879064348,-0.4718615484114252,-1.3682962197143917,-1.1162722729424335,-0.4677046704598746,-0.4004023360006279,1,0.4904716519397232,-1.6391207603465705,-0.31122650008184544,-0.10206564995128448,-0.060179202769710116,-2.7220183029780207,-0.3928907325236839,-0.42077236627983094
0,-0.14657142483997876,0.0019685898373913435,0.8496471128337422,1.7450712667993042,-0.39635902345060614,-0.7680726638285034,0.888541638421217,0.4090266686376969,0.4265082121074635,-0.05445226170108569,-0.48664331171324876,-0.014760455897438352,-0.19556350596792255,-0.6223501922837527,2.0961322899956647,0.4494529275961232,0.644018880587804,-0.23691232693691544,2,-1.1462156429304073,0.06900287118451853,-0.08451216666396827,0.005248603969910122,-0.49226457616068936,-0.2752822653741416,0.09529675529517864,-0.5156736558837669
0,0.8051950791729504,-0.6821323938258395,-0.43955019062505074,1.2486268165621497,0.3120390830280902,0.9407901327905209,0.680672014714653,1.8034483823208212,-0.7864321007198829,-0.2173263101265105,0.8349003748951771,-0.7743691601169894,-0.8343137494647987,0.24035287608403993,1.712490829428478,0.6809232808349162,-0.07601440611532853,-0.13620300065467705,1,-0.6340559504036335,-1.087612323442515,-0.07118055276876503,-0.007356034660702129,0.2062492276064809,-0.0029485437252290136,-0.18082630243586262,-0.7206957640779402
0,-0.9552261706588131,0.6268199976960916,0.7424710392301941,0.5721725570358913,0.7071292925281332,-0.3474953735647094,0.6757370888978591,-0.23559343536153227,0.6948823797724833,0.11856638909541586,0.00858861596708399,0.2668469117648721,-0.29223903994790523,-0.5311799212027766,0.8830068561346198,-0.11534023385684766,1.589786056420237,-0.11823160753769393,2,-1.0323890987127688,-0.6723326910594423,-0.6922773413869748,0.14019460767444353,0.5108693627476576,0.4977430603987876,0.5770077284026287,-0.23305355330486688
0,0.9450862955109202,-0.4433477707487023,-0.5615786972610735,-2.800393466485777,-0.10779414793283204,-0.12489418249848394,0.5421097120706422,-1.4567446534056392,-2.7383592474502096,0.10493171993493719,0.2731891815254395,-0.5771900148574791,-0.761982616543964,-0.02683633093280463,4.0856475320474654,-1.18992239439363,-0.4163152897515751,-0.49518099461391507,1,-0.8252615184699574,0.43321568551732137,-0.3969806768672359,0.3157625198837005,-0.6004333773162354,0.7557178992622182,1.2864308964042315,-0.8429313800302237
0,-1.8453469119463173,0.37356360678796063,0.8083302165481181,1.2534366790126446,-0.35099670087074064,-0.8894477953757478,-1.197543122692152,-0.19314391986084872,1.2348375180322047,-0.25886932187641165,-0.34209407736272957,-0.28060199859384083,1.2607024362626558,-0.3510819023022238,1.1219823973685699,-0.3148715671628873,0.3663962414403572,-0.5037959115835939,2,1.2775878492405723,-0.14909135784370547,0.23204393334950266,-0.010647546802842522,-1.0667844194132208,-0.2640989938671302,-1.21975314077183,0.7188817368650184
0,-1.4296472121092951,0.15410070844226492,-0.8600019909913358,-2.2499520558057373,0.3397541094042922,-1.0997245604971364,-2.58918649994163,-0.37333414950989013,-0.6925765549262705,0.2139914936625663,-0.09614208697242047,0.5039448401523512,-1.264843649087061,1.0272602703423057,-0.6565978229670862,-0.38889813820782776,-0.06066905056365646,-0.5864997333504994,2,0.6204841558015343,-0.14893093906048352,-0.1628880645114326,0.023567674834082772,-1.0235881203249533,-1.0758362649134203,-1.1081251689410578,0.05237962962358195
0,0.34291352521670304,-0.3008352935529266,0.17710195792068667,1.5200629166610085,0.09178633815311882,-0.44979230107688906,0.805094581498192,-0.6226414264347235,-1.1492751810579942,0.16856115438117425,-0.6064748990355242,-0.10194544270360212,-0.4837425831534133,-0.3606990783100391,1.472407174540706,0.07231822556912965,0.7668075393483405,-0.20235638751263005,2,-0.04667615515719825,-0.41244375552461854,-0.5015126350160344,-0.03512062853221101,-0.5278695998173131,-0.6414004202770637,-0.6885643056849474,-1.082482617627867
0,0.5546291259049503,-1.0315258304390649,-0.6992202214095691,0.4900267009413368,-0.34372569738505143,-0.5732002908842778,0.6232411359857069,2.003144738467537,-0.340148924969404,-0.21839050474155497,-0.30203738249770545,-0.11390851835765915,-0.7393717924948818,-0.8489627406103603,2.516030468671115,-0.30537583783372574,-0.65175997996054,0.7457318058415572,1,0.13949095890055163,-1.1699237196062957,-0.837083612328585,0.05538856714426729,4.153471984186401,1.0696928312794802,0.15209860915059997,0.5455184360990986
0,1.3681605305462516,-0.5946728789656769,-0.18544561833113038,0.18806737677093743,-0.33731304521040206,0.1328483240114559,0.623442611909566,0.3599879464821531,-2.0114324988291177,1.8634441075840253,-0.4000477644049256,-0.2653359027304249,-0.5856158491905997,-0.09582501715812342,-0.9330243456304053,-0.5574975229369554,-0.1879461067612636,-0.128521110331051,1,-1.8557549555479436,-1.0216814980325015,-0.7518808759635053,-0.10241420937270261,0.7778691355319032,-1.5584444919751346,0.13491158850709287,-0.9432547211282946
0,1.394764188785227,0.3332198298751534,2.548091622186141,-0.5245582039492183,-0.4020534614786189,-0.6718258136013837,0.2317399482831135,-0.5402888031090923,-1.8439068139499324,2.0874976237066463,-0.3396990959261137,-0.31366685278188566,-0.6325845417008386,0.49354123104553727,-0.6485718571496615,-1.7584888410465491,-0.4786709182950116,-0.2704050020480051,1,0.7189875098737294,-0.115252859094365,0.6041262022639096,0.06856712902216865,-0.2224137738702857,-2.870978048465764,-0.7473870068695003,-0.49649671208274765
0,0.0642086651837434,-0.5875484877195911,0.4557432476450072,1.745490078612542,0.06849915241839483,0.34277066409248064,0.8412046179570267,0.5021636526022327,-0.5575154438560495,-0.13871005785253268,-0.5600099900580715,-0.4558320901580487,1.018340740722139,-0.5887219827449326,-0.5711129872403815,0.7811040201792456,2.320170963811769,-0.09138451029302047,2,-0.448350198043889,-0.08914374543029618,-0.176369201539424,-0.043339745411477226,-0.4520626527573114,0.09872765828029123,-0.3845936642828155,0.0029225763353699086
0,1.567968148982117,-0.6907066445431382,-1.1355099934181052,-1.0861476958463583,-0.4435883059976687,-0.665699870498149,0.4982042712968271,0.1488634989079971,-1.052193842256488,-0.13126948777735703,-0.15185541513390471,1.3629194951507126,-0.9850169865713583,-0.43225142846879056,-0.07918531163297904,-2.508635860910625,0.9814284158293319,-0.3109515454432503,1,-0.729903812434765,-5.140482759958034,0.460101895455187,0.027557577749969406,0.21226512448575063,0.8100756849701266,0.4433759537343374,0.04806110886343945
0,1.1681234564054916,-0.23962507489411883,1.7909276845428552,-0.47108930568311763,-0.39026118363934903,-0.5074055592660678,0.6530906510746235,-0.4680308657887551,-1.7642669285683188,-0.4174262611978218,1.085923237108874,-0.23975736168976783,-1.7848568501299402,0.537215486038269,-0.0682949757420375,0.5926427679632924,0.13816576333795696,0.012344189801594851,1,-0.48152648733628467,-0.003774934252932849,-0.6978200900250232,0.28374691470495605,0.5134735225140308,-0.7799545585965642,0.20745875264826952,2.3972320524509727
0,1.2011583847874139,-0.6515509644868693,-3.201904956957128,-0.3886688808035125,9.458368562489499,-0.5832493656785926,0.7754294249908376,-0.9699819959650509,-2.396993614344211,1.8131486059007138,0.527183428249265,1.0151089554496109,-0.7876428133654922,0.34437164183964053,0.5415666737757509,-3.607308898728844,0.05131902070210259,0.0254449151449389,1,-0.14366728998482206,0.5188406300998469,0.2109867192324034,-0.13858845242106,-0.43597052500015865,-0.32405290381615215,-0.37767556433451543,-1.1714585306041294
0,0.3732755612107639,1.2151185491553593,0.5625250213306683,0.22029855332208154,-0.9968789293274501,-1.1997488438557218,-0.8622654469953408,0.836740773222413,1.4293775058469445,-0.2960849977978557,-1.100425474636376,0.7891004565997177,-0.25798599445289105,-0.795050103761352,-0.09013825542383624,-0.9814475141504113,0.18689091753047543,-0.006045463164254805,2,-0.5270537120550369,-0.5494239361591906,-0.837083612328585,-0.01957836608293439,-1.09095311408826,-0.5204814568383562,-0.2542500373932278,0.5055052521756791
0,2.1327707887982985,-0.8285438674749169,-1.752280923970282,-0.6247599381214809,-0.33554650355640336,-0.6539649859406012,0.6234534386395896,-0.22629353292447507,-1.7723403241574565,0.3976555863813801,-0.7079652063527728,0.16024804152719757,-0.27872045078403684,0.3654892032632957,1.995974034551804,-1.6744786527276958,-0.5494213270046217,-0.5072329481067726,1,0.3784426948351811,0.529591666180204,-0.837083612328585,-0.05581734529997181,0.28823426974658434,1.377634953084355,2.663816831330964,1.5241760885047637
0,0.6986262894724956,-0.26521048866287655,0.7385920492405833,-1.872055214458293,-0.45618868343675156,0.45826240455355427,0.7501167131392135,0.1788542630735664,-1.8378849113832598,0.09293747268363023,-0.42110989845761476,0.5127614897573499,-0.6500012368772066,0.15814916792784073,3.4601677841329503,-0.33168967866155646,1.037920568141581,-0.37445014846639807,1,-1.0191033781111334,-3.0733938829727485,1.2920012463049209,-0.03114769760463849,-0.8662181905706204,-0.1915164788574843,-1.0064796880450226,0.46104541483550326
0,1.9588004493590292,-0.49708180087191894,-1.2604551100142016,0.7825420058328104,-0.6599024736818118,-0.34429961449785373,1.0263147579670957,-0.5294446816815697,-2.1495068689247505,1.8891826410926937,-0.4380880546600525,0.39049329278905676,-1.78526162662461,0.5602718264973696,0.47402633840555297,1.3100282577989077,0.5022801334839145,-0.22416890083611038,1,-0.7769296722038793,-0.13626711987092566,0.7467517777391339,-0.006699001796790678,0.2639697681855053,0.3249117677168825,0.1793650698719025,2.0404486303307414
0,-0.6342212938014591,-0.03864534117732603,0.6396817128147225,1.6389207236751857,0.05084808900003024,-0.011342473104260509,0.4703823611677107,-0.03261551251025341,0.8969588049581867,-0.9556894113434091,-0.8644432875746055,0.14524501819913238,0.023790131970939987,-0.4044598944889087,-1.420356213150447,1.408021469911378,0.17876567612484112,-0.09444130323958252,2,-0.22847464383137672,-0.7528173455471232,-0.5208427599347106,-0.13858845242106,0.2808836147616792,-0.6537169495707164,-1.002502667474148,-0.08810878518939752
0,-1.5669081683711747,-0.46982513495895745,0.1979451835110579,-0.31497459725135274,-0.6881088328442773,-0.32459133995024636,-0.3622955397612417,1.0933850136995436,1.2084106190651815,-0.4226480503842285,0.1831187207500085,0.4625162993219648,1.3286855989975486,0.19146716762198054,1.9436794615515713,-0.35088592794083995,0.5932660948798435,-0.2822500194547868,2,0.11273162081651172,0.3142649014520822,1.8809734931038413,-0.0559078756568839,-0.9322725396703232,-1.111364874422276,-0.7171736950821138,-0.6954818904502538
0,0.07529252580724743,-1.4037006075636405,0.969467874713912,1.0246073340621593,0.6027746002332889,0.11003988207638904,0.8427957240758353,2.4579720206455438,-2.499524341135935,-0.5932253480082392,1.5509715665252317,-0.6109995666019504,-0.011144578084139767,-0.6330167284775038,-0.3156138752274985,-0.023419391617027677,-0.5527320781174545,-0.0028012816637791524,1,0.3805607400268112,-0.9593717752728081,1.3711459498845064,-0.059283650035405186,0.4871040407183297,-0.6449378788242627,0.09900499327997708,-0.7925450128934306
0,0.580128691302173,1.6181694220351126,0.45321072030430054,0.3959249553179688,-0.7658623502929178,-0.9975962685611207,0.6841516358153692,0.8315508816341421,0.21063747802310456,0.5454682544225428,-0.39502240345031114,0.6079908903523829,1.1200681851901713,-0.07759950427628498,-0.2736888596280796,-1.091250307716113,0.29769280763449063,-0.05623255612918132,1,-0.6153459329080346,0.10644845027993444,3.4721705857425116,0.016151040932619168,0.16774118520360246,-0.19571527324813465,-0.18704222806414417,0.2305495952516685
0,0.015484656438676137,-0.9190708952804727,0.18983970539805056,1.7488332253593586,0.6236729202009149,-0.5477138449681663,0.5503295591608318,-0.47993578934746733,-1.969891701688106,-0.3982139814995333,0.10771384007104902,-0.3940838529740689,2.1169950556742156,-1.2349174515505077,0.24522797740602298,0.7572977631430715,0.17201234195052081,-0.4119426162694823,2,0.04650308112051127,1.347987553219368,-0.5192110921208398,-0.13845724455601538,-1.09095311408826,-0.7839262222993688,-0.9271086449379999,-0.7170912604157329
0,0.9054031905106067,0.5364788561933951,-0.34768410748879314,-0.1621307447506981,-0.6659209187313531,-1.059847892186901,0.9840136657782907,1.513728184899672,-0.36143694806416327,0.47769341521314934,-0.6206764144057009,0.2891179134335077,-0.6972400583193061,-0.677101099189476,0.6338407128658814,0.2743208665849943,-0.65175997996054,-0.5256588772301845,1,-0.5549221015813505,-0.2534114086943291,-0.7321883179715325,-0.03606909481678834,0.8597319014559713,0.12386409075945592,1.9782389872760229,-0.8623852352452971
0,0.9961865916576611,1.1480850087735865,1.1966432124826472,0.19713235015524877,0.11074209960536396,-1.1127946311510999,-0.9156092706728809,0.30339798789179495,0.12518451005517772,-1.0560293090443196,-0.25367827866776727,0.7692582922898836,-0.16758213098420288,-0.34381365315726575,-1.4194003498859775,1.944726527031667,0.34851632474204275,-0.23111153399275094,2,0.525661052946194,-0.8244953271349453,7.688513709166395,0.11670099120287675,0.8178557884401636,2.0824262143698316,-0.5892591449643757,-0.18028599102746254
0,-1.707281751664873,-0.5092358849790308,1.4191060209152724,1.817961901843014,0.07946614966818694,-0.955341299186947,-1.5840661757642738,-0.8288625597028886,0.17073457690144722,0.3761889220498002,0.17886070742595445,-0.3891350438324559,0.643853429538906,-0.01888963446258357,-0.3853426449596875,-0.046965711604425864,1.3978614705778294,-0.0657054061213097,2,-0.8768734697836931,-0.240657955715337,-0.009297528339810965,-0.04665506439918762,-0.6390804564790058,0.23191818454669788,-1.0373090009548833,-0.5323245030316099
0,-0.7929440810398971,-0.2389321446317274,-0.6352408007453596,2.110883674008324,1.0571104607180168,1.9234452274255327,-0.7296342081720251,1.6938069754409024,0.3150625964446015,-1.1922053692440329,-0.016006861728575073,0.3158516311737619,1.6645368025960174,-0.5467822406839505,4.194478273356401,0.3504822885671641,-0.3683173522648564,0.11908163139838318,2,-0.17054835066700139,-0.0716080930498606,-0.37002449535350757,-0.0866703525482017,-0.8054826853042454,0.09901849835295429,-1.2178065189773841,-0.12362491979732898
0,-1.2785375285177174,0.03896073643535081,-0.618362473309594,1.772631748833974,0.1741681461332747,0.27251671314077885,-0.4036520556168182,-1.3217349296526582,0.6217594461129957,-0.531913755604732,-0.05322059926415154,-1.1353295750686148,-0.3221523730215391,-0.3093480769351028,0.1884506257888645,-0.6616502665350261,0.5724985587409931,-0.078644477962033,2,0.31983094816462343,2.4354836048905213,3.035021193125882,-0.13858845242106,-0.331621956251558,0.10158766162756644,-1.21975314077183,-0.5174437739991675
0,1.9044062939179764,-2.864175564701295,-0.6351713260913038,-1.3457165637481772,-0.7611545191230471,0.35265468698203006,0.7612249601848031,-1.0565420956821203,-1.0447087580710195,0.810870878338443,-0.23624384948951854,0.5640011894599671,-1.6689949144507432,0.6003571664558016,-0.20934639143790168,1.3775236879382458,-0.017242422748907305,1.7371380471514286,1,-0.73878080239223,-0.51820358624286,0.4912610624000713,0.17968211379668386,0.9637055749671306,0.42101922348438886,4.334812419735625,-1.6549285533495608
0,0.6206606957551744,0.4585830558424436,0.7587586569853058,2.489321760760868,-0.8613934568141498,-0.9825289726875547,-0.9538481916099526,1.0528278939784554,0.2520999325187004,-0.5110688294098175,-0.5320752976550434,0.7276552537902103,0.13620811442157832,-0.11042534532776799,0.33795178200586495,-3.413895844344615,-0.38167156247776945,-0.016592368421400938,1,-0.1969995777012626,-0.5934118996059186,-0.5907355649444305,0.09800059762096074,0.6118404356448717,1.0805214430175267,-0.3289304918838165,0.1825980825753973
0,0.6105294425063246,0.5114581770388053,0.5160896787252455,0.5645378747941975,5.354027665900617,-0.5320905380342833,-1.156048745605088,0.1678020965776321,0.8971811798811646,-0.03764986776836278,-0.6928507287799868,1.071586704760547,0.09891330529936407,-0.26081658453681345,2.1034704446932633,-1.26775735695084,-0.25071616447772055,-0.3111289633932932,2,0.48367955480685165,0.1275709761942555,-0.44978271802995823,-0.04661059263191503,-0.13606106213266556,1.0169949815813668,-0.6265383677534914,1.9035550058160844
0,1.636274278575335,-1.4673031717758853,0.12533354677596684,0.45208419929438837,0.20845047352266477,1.0948940412956036,1.04157967144348,1.3074034432462727,-0.4698297032556793,0.2559690494303639,-0.04429946281099982,-0.18860227941326718,-1.0007753172191376,0.33102575168354664,-1.072736340977887,0.4660383455159684,-0.6163081016885115,0.19120293634279625,1,0.2765401743462529,0.6905510434601441,-0.7558770917088018,-0.12652345750339453,-0.37020115545561866,0.13790944794883164,-0.09470221070335125,-0.8135138340907492
0,-0.20423404823349556,0.5229299462319439,0.7719008073810549,1.1152378761196093,-0.8575329938839009,0.8439375399198138,-1.5526454557968878,0.29608468348732897,0.6317873329691014,-0.0044092360916128115,-0.6667400146939694,0.8067072730571605,-0.3094661612456164,-0.3182643910658335,-0.38572918858169347,-0.4179167321422562,0.6293855772371694,-0.21501331066925164,2,1.0121744390401408,0.6276384077531729,-0.837083612328585,-0.02407575744962631,-0.7006637805484749,0.3782589709128132,-0.8115433948776707,0.2014308070272454
0,1.0397577077433307,-2.302952840286863,-0.9701719207644843,0.0537103883041668,0.23183399313759606,-0.6600794787296055,0.5802116728895983,0.33174827634451626,-1.4969986762147065,0.1334691908422493,0.3453026221577972,-0.3621078821222373,-1.78526162662461,-0.5533315104266227,1.9951154027392173,1.1937477569290218,-0.2514935933659307,-0.4252555648739099,1,-1.3039560982735647,0.1391264057466374,1.578862589279289,0.05220858149384412,0.7016359602676692,0.4290724889944412,-0.186818754645884,-0.3217628267326982
0,-0.18275677754206532,-2.3320380385344834,1.5563307621762714,0.7689959586364123,-0.7664245446579876,-0.8286890943191618,-0.44455344816634546,0.45219084478872196,-0.28188460561807244,-0.5020708790638895,-0.12020992545978602,-0.17079157171216197,1.090110697699597,0.013753430384129628,2.7251477502688166,0.28575196015347304,0.6669766074036605,-0.36299210075175636,2,-0.018054076084847465,0.7260592421178045,-0.691626806295053,0.197666187528143,-0.8614064329864185,-0.6840685918744297,-1.046684751117447,0.31140077177397096
0,0.8133903271672052,-0.5510731048997022,-0.9878630377577841,-0.6546819464808247,2.209322415315519,-0.3048150222400037,0.6180525666867887,-1.2042607385106945,-2.42400511290412,2.380145864554439,-0.12594495279290185,-0.07813022011942161,-1.4426938485235667,0.6573327850450259,-0.7112868822832057,-4.894975316069758,-0.453539659380042,0.052503582820714594,1,-1.7866780982275592,-1.1352466280324294,-0.25320225242760513,-0.09492426698736224,0.3527745295675284,0.3003045944911945,2.0827958933655664,0.6923986586907271
0,-0.6541098668903671,-0.22624820429794068,2.1682542548400083,1.2542781048909355,-0.36325478510217446,-0.06650890771851262,-1.1760850405053374,0.11250924795987993,1.9408564808805775,-0.09579702479385534,0.023411698692698046,0.21816818821833434,-1.0984258510022944,0.11971663901359197,1.2673162933783981,1.2289599304071144,1.2352348210667716,1.8378877573436823,2,0.5160285626704808,-0.5188585826821603,-0.018749905489456542,0.012604425403503747,0.09191302473283572,0.03027956644547225,-1.21975314077183,-0.04598875690562415
0,0.6736095436690309,0.3792302573810162,0.9951567091070348,0.2813061889507021,-1.2115992641355553,-0.9139305621536684,-0.9616330019559497,0.14296627482933544,-0.43670551714383743,-0.7317748258484835,-0.27189949279902825,0.4412558678172702,0.6167540226548596,-0.07283218114715356,0.7161402328789036,-0.8306786926057135,1.557985341305403,-0.4885662122706573,2,-0.45186435371403044,-1.053715173386567,0.2836300253083853,0.28564807499347566,-0.5320868893696721,0.03558140234885143,1.5646339227607509,-0.2124929288453905
0,-1.9367264220585314,-0.15984925206478953,-0.5403217571506412,2.371824483755325,-0.6820919234380296,-0.3285239907122999,0.6574819216361694,1.0018382271521715,1.8613275139959264,0.26734351813689644,-0.11835019724468965,-0.01770415709961637,0.348890655622307,-0.2829949981421367,-1.1715648766992364,-0.11261652549967205,0.02652391762658049,-0.2763712379234829,2,0.0264668502305154,0.7080408537522536,-0.7319523737167797,-0.09774548388254171,0.13217360378099852,-0.6853342618185154,-0.6477755512097394,-0.24794011924957898
0,-1.90277954298677,0.47676409954670307,-1.8105433311154908,-0.3282291733087157,0.7145769036893541,0.5942277696591177,0.4215565771597231,-0.9771543719264268,-1.0878952420275803,0.2024185631880998,0.2439428366167279,1.1627839663961852,-0.34619646056665104,-0.9475714598245184,0.055716525996573174,-1.011498332045797,-0.388902229519554,-0.16489845612301107,1,-0.798940444519258,-3.2220586708271126,4.5803886384928365,0.16064994891916928,-0.8012251632514468,0.25306110025422934,-0.8439723102777027,-0.6661245921548568
0,2.24867707487614,-0.5372216366964544,0.4515399941662338,-0.5530703678721476,-0.12551487183978083,1.2926668737380576,-0.5427393005175579,-0.6264426863923811,-1.237126801424219,0.7394626273308558,-0.33506162992027183,-0.13302524049508146,-1.375253706354738,-1.0104634565624435,-1.6161488051643627,2.3980158319666622,-0.5812825454638173,-0.45984486910914624,1,-0.7262773821197557,-3.635340652293726,-0.8097653660162375,-0.13858845242106,0.8447725425731684,0.20444225212800343,-0.09455199991781485,-1.2126960255471646
0,0.31320192236168665,0.934432607542878,1.486042506180966,0.39209140372090945,-0.7332734331475111,-0.979454969697608,-1.3130317155464017,-0.9308819892695848,1.0008046118721214,0.04557763698032574,0.3598274978696853,0.603347013287286,-0.500584710017641,0.25797500316998306,0.1864660496399685,0.49991021964579957,-0.3016886445006457,-0.4428232341087305,2,-0.3655424654827863,-0.3597499444134037,6.3930412023836976,-0.032118086502255845,0.058528507852855405,-0.7218511918253089,-0.07010334863011058,0.5474202075468667
0,-0.003871671572988067,-0.6461543690949845,-0.7270900719866401,-0.37009503291698653,3.231712759129279,-0.8459339049618491,0.5873245011569705,1.496914232427509,-1.457084851379976,1.3752154978089688,0.010625453881661029,0.5424272635285224,-0.8949564559625298,1.0043307303256461,2.660947981249032,0.08459593524733595,0.19147365643570727,-0.6739025829133737,1,0.8526979848339602,-0.35827257981086347,0.4253006762817373,-0.03800457232668211,-0.5663302650769396,-0.15222181521790407,1.1635784002675569,-0.3705522329958827
0,0.9330332332650956,-2.069121270869729,-2.095179331880094,-0.858609888641183,0.20455011496231368,1.4415256101499438,0.5908861057353136,0.9960514173487212,-1.0044200618091093,1.7446411968936277,0.07697964251788059,0.17047640399392783,-1.0387459015411276,0.7465982749909081,0.40133405636878394,-1.287014822441056,-0.5245656199590293,-0.10617265429572958,1,-0.48169724328518226,0.23084184911860706,-0.5640102529820566,0.07361665528048153,0.3034750130222461,-1.591859138396075,0.1965088286817899,-0.934340807332394
0,-0.39646418976961084,-1.6546564291286825,-0.4662350977245418,-0.4173408780271485,0.29917766310181476,-0.3845252321239523,0.46805027646738556,-1.1748589963097071,-1.0225161382132537,0.9446922742621287,-0.15171787682644572,0.5655987328143651,-0.715332269128652,-0.5448491721572932,-0.6891502806107591,-0.10143667402696227,0.24430740313485633,0.8369690487566983,1,-1.09423209073052,0.23896756065323088,-0.813393100503134,-0.11460389736593359,0.029875425530916988,0.13926607329682605,0.23564578633521643,-0.21284160799158738
0,0.45455024171871067,-0.5962116709632315,0.32873467824567026,2.1186301419112556,-0.5723796492815103,-0.014561096455226852,0.9687683074217699,0.6011050793683536,2.2945972872457236,-0.4352831020768914,-0.36306767114468586,0.38943482585796335,1.185468490029326,-0.8900604696344753,0.18137947148445788,-0.7471416898588406,-0.09775017758196836,-0.2955210478514,1,0.008148323091617282,-0.10612421663153263,-0.34471210199644403,-0.13858845242106,0.422210061813913,-0.5219941474231049,-0.12652336239687223,-0.0989810293497293
0,0.45500744117475267,-2.489069310239581,-1.7421215658637526,1.2549856428146304,0.22034244972147676,-0.5911024733683709,0.6099181217341397,0.9760957212674235,-0.28534616332627283,1.7490747196358465,0.31316188056716043,0.25925833728464137,0.5858916419800589,0.25148602164765044,-0.453279890223215,-0.7948062435649461,0.09194596566936278,-0.06864397412291187,1,-0.8310866412408404,-0.6275836151559018,0.10455003424847037,0.038351838262131926,0.2290953720655186,-0.4504682928936792,0.3413591632386429,-0.29082912920639203
0,-0.9602261026256185,-0.04175687418412888,1.271265417020445,0.7980778465797677,-0.08194029557323185,0.046784360960931526,-0.489821509985865,0.4644551513231491,0.8358825517325358,-0.5178971281073596,-0.4966789546709429,-0.8491356507606254,-0.8977105057442353,-0.06754261159134123,0.42298970285156956,0.37691266498695264,0.10064633630006478,-0.37890832765550225,2,-0.6780837617944917,0.19903153203547552,-0.7275175009764235,-0.13858845242106,-0.6619954452911363,-0.26755098216483575,-0.4689884148478445,-0.11595190713605485
0,1.4991950762045674,-1.097108474474223,-2.9510831452745068,-0.16378528043449742,-0.30349370985405316,0.5663690934904942,1.0146757763281877,-0.4009191020533719,-1.662328102404492,1.3069863524285643,-0.0462773480457198,0.31473915669654906,-1.5843375626239231,2.2205006110212535,-0.6545833565280688,0.9843782450095448,0.6011820683107644,-0.7095587448383984,2,-1.5665695084885178,-1.51656722532424,0.0801104631923506,0.07590795143933476,0.9374224701525264,-0.21799461564774042,6.337146736706835,0.37229337291464526
0,1.069195847612132,0.9662732542215952,0.7603169911035765,1.5849054069747994,-0.2732418396297196,-1.012258148016493,-0.2619252844638309,0.9915343903495544,0.7638780219606313,0.1276076896372692,-0.9049092766906977,0.7326845373640187,-0.5927855402990456,-0.16792249053486702,-0.4722798182217748,1.648234631579157,0.10767656411063309,-0.23907261355540396,2,0.32622524312316126,-5.213672439680053,-0.6817955316180381,0.030281475077590284,1.5193455319215663,0.3676306645298126,-0.7029797218198017,-0.38863766360413876
0,0.41377515834118495,1.6658140571386069,2.1331110970269798,1.2303256341273374,-0.9117110016484895,-0.4541535598144639,-1.6735398159851265,0.8079155615346442,-0.5992301769798549,-0.12858094509764284,-0.6261087428019059,0.12442644095871738,0.4108374367389855,-0.6340150932240687,-0.1861584880223477,-0.41407611662218724,0.40934049653809434,-0.3415191227842012,2,-0.45921789330030904,-0.19466314247219518,-0.2543870537721464,0.12341953979279612,-0.2073854278146438,0.33539996205506273,0.4765619935958413,-0.847783107475429
0,2.24867707487614,-0.6608708562164907,-1.139886690102451,0.6336927979405602,-0.35365729209189056,0.7548059115812598,1.0691107763094871,-0.30691760470050566,-0.5949918686937643,-0.18788632592979396,2.0360678159277925,-1.1321518597771731,-1.6044617355627793,0.20506284716681802,-0.11997021628141658,-0.4907070494934066,-0.65175997996054,-0.4970504854405784,1,-1.0382605235887117,-0.4841266056064283,3.060176229969153,-0.09460434176418303,1.5066090860889554,0.8395463237138227,0.6116544559878306,-1.188931141078826
0,-0.6365318730436755,0.47442197034495714,0.12491939209385117,1.769688871868556,-0.5875777216386753,-1.1847824683049564,-0.9072296154543846,0.6815752680061812,1.8057557085485803,-0.97887788854857,-0.5646635197019122,1.736356741712123,1.7849163658817702,-0.4354713824992245,0.23084388124976463,-0.2951476688579197,0.2982764039103659,0.025859238715369548,2,0.5293551434441888,0.38739075804820333,0.2881972138686721,-0.13858845242106,-0.8428211806091308,-0.48112004334847447,-0.9512256782589059,-0.10154604501287406
0,0.23846902639637113,-1.4109906993945303,0.31422706089320096,1.926300276320819,-0.5714740775740285,-0.5935946141092692,0.9364377519291499,-1.2704678293232052,-2.7000382253779796,1.929351900886091,0.7327815498326706,-0.2031809744120527,-1.239571270538977,0.2953008711525241,-1.2142844888788273,0.5854548749203305,-0.5274145778334691,-0.34744852890034905,1,0.5616068834647411,2.1815632085177463,1.0287560011197785,-0.0780580549647329,0.25554254410079225,1.2666413936685144,0.7310096049062155,2.0487802037227016
0,-0.2847623077300425,1.1950532807953569,0.5630879443695954,1.5183189083737207,-0.548244756204773,-0.7973449584002547,0.231007666218066,1.5765779334749452,-0.24227301502406062,-0.44926940220060296,0.11755208319877986,0.5079621300592027,1.827065582248641,-0.06856146357315956,2.10024644916844,-1.0255446044044314,-0.2893873625443302,-0.26296393933653434,2,-0.17380455134751682,-2.141822112125275,0.634466465932261,-0.01591091986979279,-0.2921872650408006,-1.1138993989629655,-0.7077299241373439,1.0923938053785742
0,0.6150814573298936,0.1510300239238817,0.2732159374491632,1.251671945941681,0.3219841418309185,-0.3269737452835431,0.9732542413385791,-0.15116375578836605,-0.8666839660665933,-0.025451413537609657,0.09209746442099409,0.28941618972795313,-1.78526162662461,0.2777506327760283,-1.08974400903152,0.4367186252160974,-0.2502863314882423,0.042168557377117,1,-0.9805615078924628,-0.9359984251653797,0.8120290530592487,-0.03542153759732671,0.7619426889171387,1.17931792505635,1.3508079763587524,1.2270613064844547
0,1.4408093206157193,-1.676162276491233,-2.8213927842914455,-0.9298276056083086,-0.023801987499130206,-0.1235215673443615,0.520083611493192,0.08132423370909711,-1.1587561367852293,0.01776076820965311,-0.10182797831845307,0.6905775344927672,-1.1061170644237905,0.036297827211894396,3.7745572326128096,-0.0725979839619586,-0.44171320215272225,-0.11334725496919776,1,0.22701367030925568,1.4419226484304877,-0.837083612328585,0.07855068725131344,2.1506272348314797,0.09754231182090378,1.9809458120523007,-0.23240184976095618
0,-0.4313367810616906,0.2648137319362392,0.16699068870652162,1.3979541180585149,-0.665575370009126,-0.6362153035501873,0.6497873258155618,-1.5612729089625728,-2.314975703009826,-0.8814454090037169,-1.029613347900303,0.05425032244897077,-0.8624796941445392,-0.3539973696914359,-0.12379638246133273,-0.27875414885420424,-0.5633982399395618,-0.4022660160386212,2,-0.6617759439306169,-2.7748108266527884,-0.7428301879231262,-0.13858845242106,-0.5604100653989571,-0.7898692673230356,-0.7644987999930832,0.6300904862327485
0,0.810077371843038,0.34728439792373333,1.2006777231528338,1.2374201229944823,-0.4224186278529324,-0.281596645257095,0.8162252887186474,-0.9173122767717377,-0.7583911193590127,1.1107969977157328,0.09986926426782158,0.21717734506238656,0.2974689465254681,1.0301572841939826,-0.944550012939287,-0.08376908223817214,-0.5402103495295643,-0.32446059917026254,1,-0.28392566908664957,-0.07196413168393295,-0.6005064579507291,-0.13858845242106,0.35444441182750597,-0.6103697267493609,-0.20577576834492653,1.6006190902851456
0,1.70176862442843,-2.2714562555797393,0.05763370986006078,-1.5725517039880246,-0.45084524861986774,1.1851882495235786,0.8464831161209616,-0.8498934970395859,-1.3029707428203279,1.9396314756054431,0.7388559062280586,0.1534575616102515,-0.6067587588066073,0.27516749083725445,-0.8548408317722053,-0.684683670150977,-0.6478219510652224,0.1463006356026428,2,0.32642043690508754,0.15742423850919193,-0.5081817105906028,-0.023359858614865753,0.6365651921128003,0.6531457180840018,0.9042592399674638,-0.1354968625122429
0,1.36171718140481,0.408490354737507,0.08404862042942074,0.056060148090082196,-0.4417757839255036,-0.1040480254002909,0.8490806232214172,0.20294235635077096,0.5610620006505902,-0.514065431615323,1.207971515858279,0.3105953253337114,-0.2410749524416649,-0.44329880162128643,0.5561285431834306,-0.8360778809476599,0.19765145034728626,-0.10544780050339517,1,-0.903799463413516,0.07961205236873808,-0.7461912214614088,-0.027740697920102378,-0.35258818677024584,-0.3889735881036982,0.5143539468208407,-0.10524045143544203
0,1.5696704699567718,0.6403749803286822,0.4892816537491961,1.673174612347011,0.3568134713993352,0.452588659433969,0.6912256431183625,-0.3225391161430231,-1.2744117583299954,-0.3845730151740221,-0.4776586913332231,0.015251104829539952,-1.3264888617192854,-0.2807523069772515,-1.488149764905689,-1.5420204655857566,-0.5769186737741935,-0.2675128398572819,1,-0.3217928305640434,-0.5681507101966838,-0.837083612328585,-0.0760155211840005,0.545027877120341,1.7070393715343095,0.5700153028112855,-0.12264596987781154
0,0.4483768964167416,-0.4814778383209303,-0.5664076371502587,1.3887885950039593,-0.83732893660924,-0.6176038858082367,1.2150908885592755,0.03630062449783933,-0.46243560788332255,-0.20088923523690064,-0.142942852526804,-0.51056328661711,-1.691145914396051,-0.1516208014803123,0.26478293187943125,1.715205329253635,0.1925899495429781,-0.08535416524266021,1,-0.22204612055281583,-1.5708436459074377,-0.837083612328585,-0.02570696735956012,0.36826643033199236,-0.6000520951314409,-0.2806137391775986,-0.5967200555490755
0,-0.01624089718783961,0.7823703246276422,1.2827810163617013,0.4933913244992658,-0.7377613113014836,-1.2806096809334455,-1.624167571960977,-0.22123643962029638,-0.8626228705881736,0.04328097091291852,-0.10936150189333832,0.4544511006139566,-0.7489862315260376,-0.41735959904555403,1.3500685698345167,0.8006156523020774,0.9145700630637501,-0.4540845065711344,2,0.214406613760213,-0.5217904661517861,-0.029371792598272918,0.35316366834024593,-0.3286053165462242,-1.2741951475236244,-0.43174894004658304,-0.2576865520038745
0,-0.255609668766019,0.6053867293601403,1.1391582648504122,0.9877596448471953,-0.4774548119156289,-0.31536270555358514,0.5690534227500927,2.2297098662739376,-0.1322766977619583,0.3873119586539351,-0.3386565234790383,0.6989612439833539,-1.0039578386691377,-0.8903089667934412,0.1573537066914148,0.13435074005612163,0.13982460884827672,-0.4483011167591361,1,-1.0773083880408618,-0.11003447072639386,0.35359446221549967,-0.011884285185406074,0.48249123363774654,-1.7704910382134034,0.6186947212311483,-0.13540640900869416
0,0.17475784686938048,-0.6173001403142937,1.039553329957089,0.9710058595747123,0.1557344149220484,-0.8592356336750989,1.065679717381435,1.3246740406847526,-0.9149121203762658,-0.44767004384573916,-0.2904704851725096,-0.6463966553453034,-0.5405187515716098,0.17635515188591716,-0.022226313081400884,-1.0800865781641666,0.5090094546995759,-0.4081678703812454,1,-0.12373901886504046,1.443425562235869,0.06669844734370867,0.16901031935257,1.3868852206378115,0.6284360062257034,2.757618365256519,0.5414355580679685
0,0.47932225651781396,0.04318919431347512,0.7982185949607284,1.5663883459448436,-0.5663117245353384,-1.1222560420388654,-0.9499708065350356,1.82508200837194,1.2529591959642665,-1.1081915428702134,-0.68445616017153,0.360319036495904,0.058924824188695046,-1.029961545909565,1.4011970919622039,-2.66034861041665,-0.2854270195509384,0.21253555188154583,1,-0.4064777728103678,-1.2856888611356698,-0.10269891636468947,-0.05008554909430828,-0.220377837346969,-2.0853212417319114,0.42165806332295086,0.008497930515167618
0,-2.6684966594829067,1.4245409495513703,-0.6514174857374304,1.3512627287044165,-0.7950687858818242,-0.541770472399274,-1.790205659556181,-0.09522178339816068,-0.8185417125299941,-0.39345184761066193,-0.37865868908955524,0.1471965540014601,0.5364873551169655,-0.2975566475646043,-0.05005852164553656,0.6185566937573591,-0.4806673326256839,-0.5652557238436187,2,0.7714283546576054,-0.2933637895217003,-0.5148895535541709,-0.017520208919650823,0.2915143971089842,0.15534158222922806,0.466106006734579,0.014277298613155853
0,0.6167367811713768,-1.3817664672645225,-1.6794136334905778,0.837443665251284,0.3971636810784772,-0.29216535054075865,0.6638036475336313,-0.9957090190758631,-2.2567257426259872,1.1782081843693788,-0.07941131503590594,-0.5436310809113808,-0.3819728630651321,-0.33013261939152794,1.5104962844558592,0.5026599386137431,0.41320599149940507,-0.34673806894895376,1,-0.7568064304856104,-0.09360160249872648,0.4094150425965545,0.03436781470753693,-0.5014184544154177,-2.2939451356451293,0.954830775974008,0.4126065769329611
0,0.07927947880350247,0.07933721694521279,-1.2595086407075053,-0.16295662056756052,0.029699337980837348,-0.6934734457121198,0.5137432385810723,0.4550413049916048,-0.0942980728413278,0.38600158426290876,-0.7252498855232435,0.3470185495612072,0.19359051139466366,-0.15391296809813987,-1.8947595406023154,0.43813974530654826,-0.016984858941350794,-0.5028241066511903,1,-0.6194782851674364,-1.034638573757087,1.1196729114335724,-0.09860439907747806,0.10533419807752407,-0.47259584678289346,0.26662279619542806,0.7358382935344583
0,-0.9870966057175421,0.6359500694818652,0.6615417504750913,0.8748641086311044,-0.37313804757414604,0.8387756688911893,-0.6314421398597612,-0.15888412963056608,1.8141590067796554,-0.17889279458897162,-0.622598244206695,0.05569079568230484,0.4407972598903387,-0.9610948376884332,-0.7831279880294794,0.03449530767917597,0.8404489147665819,0.08661009902425904,2,-0.478621095178525,0.26657725227101947,0.795911602646825,-0.07296359789858978,-0.586561780353005,0.5050195766995169,-0.5789394164633488,-0.6502366413238502
0,-0.6553629111657945,-1.9530897027235108,-0.3708957237718825,-1.3366475081461184,1.0162092386755435,1.446590740264833,0.4632681415555662,0.3070315726354824,-0.49162130908815055,0.8210276714603509,0.56771533895768,0.49797471801253884,0.544243932321963,-0.11615372385821392,0.6982562478971768,1.5563857550308902,-0.1919676296461984,-0.377624278284859,1,0.12707845799632259,-3.460941447512576,0.8206396431940408,0.006277213733191941,-0.4638203254469909,1.0358173116966867,-0.3251759038327958,0.2303208942280007
0,0.29413774726819353,0.3086570266401026,-0.285845023740285,1.438591516687067,-0.5191753479523956,-0.5637185098575139,0.5066977528347778,-0.7555831357581736,-0.5833324806769061,-0.5604962869058523,-0.42364221563064675,0.5023099878143349,-1.2974285349423291,-0.4501258114618186,-0.4188637733513394,-0.5608333495047283,-0.5688868350434721,-0.004002674110785254,2,-0.29236838733569254,-0.3742874473138008,-0.29311541682353814,-0.13858845242106,-1.00088254553129,-0.6916510842634092,-1.0711169729061605,0.05878848842728257
0,-0.9218820671410439,0.9077494354953191,-1.2793722915606396,0.9831078967231137,-0.6339152782099977,-1.1875425955501497,-1.9454977688949655,-0.5919600041705204,-1.4658743267835255,-0.4958727124505842,-0.5666025278312234,0.7532086200883366,0.6214656159773176,0.028986676312096338,-0.36802081393586716,2.4668442253824425,-0.5675956630959827,-0.41116090328284294,2,-0.19421932999825728,-0.7018669447505513,-0.31682717063993526,-0.12179885593051701,1.9327134387039506,-0.03751100036792118,0.12762577179692058,0.13683567201099467
0,-0.6136340060701472,0.996808087213918,1.826183925408407,2.513102168072716,0.485445060506077,-0.16903593351992702,-0.20767250575895102,-0.7393519914467619,-1.7364081566140577,0.6919794750735356,-0.22262259458931288,-0.047404070547265725,-0.31737456783754625,-0.40207449230120906,-1.763801783048419,-0.6798842559638143,-0.04403224084802859,-0.529410803524095,2,-0.3550213949425709,0.17169641167832894,-0.6997124588179822,-0.0021884937794936984,-0.3561765523627501,1.0966147665030563,1.1447374703643354,1.1466546406739055
0,0.7486434134493949,-0.5175987296404864,-0.6565944617551664,0.22204305842834549,-0.02997428834377336,-0.7585208660412388,0.6146626628537599,0.5008987890690946,-1.7596138147447598,2.584644804243983,-0.3721930877565341,-0.042996770155309394,-0.38268254760655696,0.11024451396228246,-0.23885145433163396,0.1320715887185746,-0.65175997996054,-0.26804791182185567,1,-0.6352916560044857,-0.1776678497164158,-0.5881647881388063,0.19323321467375978,-0.3169274290177736,-2.544603557127002,-0.6695029284361234,-0.7521191947800494
0,-0.08207685779990756,0.5967314438031597,2.319731891740517,1.6382787680787763,-0.3366832003222327,-0.23950067291887756,-1.0855754376866815,-0.5072194363711438,0.5753689641190775,0.2651459234101835,0.06416723077923953,0.43527138428804046,-0.5454860335249372,-0.4460460538171884,-0.36045214278407706,-1.7354579833948989,0.6462498833421905,-0.38354375388910017,2,-0.5293466086601469,-1.2974172778140636,3.204027010133231,0.28368639500623366,-0.5608129521252425,-0.4867871578661007,-0.5074039742718206,-0.27459927221211544
0,1.1600637078541174,0.3808161855336719,0.2567323549318808,-0.6925944658339062,-0.43559064055060953,-0.4326664827557192,0.8960048878282914,0.39854452470526586,0.05826160433128004,-0.8783610980233518,-0.19865346309057405,0.09560675028692182,-0.3917215125071027,-0.06534951056967658,0.18293639875871315,0.5227068008210838,0.25601651334729814,-0.201213069866657,1,-0.3470795903907249,-0.09879070692430553,1.7485101881516618,-0.016795393515295583,-0.7070613081580135,-2.0899149193490802,0.615284235546819,0.15897187506886187
0,2.24867707487614,-2.285611985081638,0.2628643786146625,0.3471247570190021,2.169902382831679,1.027787048535024,0.8004030102433778,0.21641534128317153,-1.100314349229711,2.872029008659622,-0.24425964988747711,0.2456494537684974,-1.78526162662461,2.3574424630924984,0.45767014198065403,-3.0978596333254256,-0.6283327812314479,0.025031786006768753,1,-1.143142180374964,-0.9931453494320002,-0.6156212659066278,-0.13858845242106,0.27066367521195744,-1.071552057169278,1.702197486263328,-0.65797179249055
0,0.03689565371238929,-0.8304569913383912,-0.8786314550279131,0.5264558992482604,0.34130822069272815,-0.475077932441603,0.8319005599492807,-0.6253187306592034,-1.0714514652425733,0.9934498267674035,0.18650551529484988,0.0321540001287412,-1.6519597213156394,-0.1955443979140268,-0.46176503915145173,0.04856581121305009,-0.2706104928869325,-0.4222836433051429,1,-0.9285278586655697,0.013198200675412691,-0.7030323626847264,-0.12308024025714513,0.10596917793422272,-0.20458089244050198,0.27287275668903105,2.0025070896127826
0,-0.7789035817044268,0.4818498970085371,0.6346301279440866,1.2149281007521329,-0.9433376435470847,-1.349892755392993,0.25921009737877065,-1.0187312125717192,-0.44399205273138537,0.13295910452900184,-0.1360072407248902,1.3532883405374418,-0.17609608552773431,-0.024386823951766307,0.18762575416495864,-0.483747534489702,0.4604781339379597,-0.19890824212875868,2,-0.4678231453955663,-0.252754939040622,-0.7252011278982948,0.05753102993838416,-0.8093548614254391,-0.2169807128612648,-0.7203892126937876,-0.7385861174467152
0,-0.41424117040553254,-0.5785143170448765,0.4917053326743829,2.3661090774533475,-0.10225937987587991,-0.11372462515070463,0.5764853910186298,0.5103769176402816,0.43116303066590633,0.35201892593491946,0.02241958974530711,-0.29931099423670526,-0.31455478736755205,-0.6207219404033093,1.2823006439060713,-0.4247643917869996,0.40220087599918214,-0.30668536081905023,1,0.25212577126368735,-0.49907648260323256,-0.7611258587785678,-0.030641676989876736,-0.013171346857992816,0.05100125779545209,0.04074604462351156,0.14316569793334405
0,0.7318439171459015,-0.004291450623250065,-0.28963967675715097,0.8635625138038353,-0.14974829900346434,-1.2667495738453134,-0.2169595647211634,-1.639363893175725,-0.5448342732944077,-0.15656865902471134,0.24538365258986256,0.5707611654686506,1.3507773476689087,-0.3064694817206665,0.6218093921498866,-0.962520326877748,-0.14806577248046782,-0.09829095972850677,2,-0.9869848609551302,-1.7255099518716008,-0.8300176288043093,-0.13858845242106,-0.49755613557395173,-2.737335159904416,-0.7602348131581349,-0.6078468560410693
0,2.24867707487614,-0.23921808813703915,0.40589513072974925,1.4037575691032895,2.9222436543940793,-0.6326675323961359,0.6803432982633506,-0.8437429934285852,-2.8427742772077647,1.1484428304349295,0.9884343994420153,0.814966563546755,-1.3093814631512382,0.2439874169147918,0.31368782040025645,-0.9633501218078862,-0.41192031993435324,-0.19054029051708982,1,-0.5395804539212945,-0.42504714106707464,-0.8176117656120753,-0.018330982691224712,-1.0868868401654939,-1.6186769072530003,-0.6496833140147298,-1.2203276266490832
0,1.51175124319745,-3.2544696282324668,-2.494737761025557,0.8846157738251643,-0.10881755336880741,1.088773714492518,0.9142689465860957,1.8232347904672217,-1.8997075980272464,2.17727985464703,0.6616117879133322,-0.5467363329314472,-1.3565959799069185,-0.39206039526015,2.766551353738509,-1.5852667287867104,-0.5745010961000607,-0.013884362142071283,1,-1.1766348099452502,-0.01418037967936725,-0.837083612328585,0.09146377945473474,-1.09095311408826,1.273700912690563,3.4210693587243712,-0.7387630641842788
0,0.4921569852663562,0.13787315160710556,2.4939326759601137,1.0262831699140764,-0.10962785242587514,-0.12520866685496657,0.7072364063231185,-0.2371588706289336,0.8550282856687332,0.17073901199449992,-0.6871159668093468,-0.007799447710184093,-0.34553951989470477,-0.39432511787033486,1.483135960124511,-0.4528373025276932,-0.6077127055894662,-0.45645266381001004,1,0.08569566909190757,1.725995310560897,0.9067306298685378,-0.11503519186826171,0.3826053177870541,0.2181087848568679,0.18145790458625527,-0.9169880469612096
0,0.3557326973276716,-0.29780033616970414,0.8094580378947773,0.9802716230798076,-0.6870055547856273,-0.6023778098416976,0.8375381123316282,1.6110337757433428,0.26775197787164473,-0.41810088205727425,-0.6098757324184244,0.5546335975326184,-0.14901073486078015,-0.8429958998863615,1.6094563200484808,-0.008755979870160802,0.027232811072732427,-0.11126470579307854,1,-0.3197500612728126,-0.49613158582421235,-0.5854130895206913,-0.0789717861853177,-0.6963184410046647,-0.006733195393364921,-0.5614394294210607,-0.5197745675442142
0,-0.7601657874911623,-0.23029666103066426,1.0293645846100534,1.6151662639575188,-0.5108546765130203,-1.089744289949327,-1.2993413471831858,-0.48652185547746485,0.5514024901497578,0.020456488039189313,-0.0025508559478356063,0.6250785847328422,1.4058730871227103,-0.8108295528095969,-0.2738924777689057,-0.7088562974583357,0.47553555523747354,-0.19515020000919087,2,0.6593876187687866,0.7343445942883615,-0.0786367146481472,-0.028765000930218568,-0.9716300092884743,-2.983223201034451,-0.988782000457157,0.4627527151286881
0,-0.5502387005782717,-0.9491431739899816,-1.0258630167344571,3.1576404310147286,0.11843223450850426,-0.48294262473946475,-1.3126820011320144,-0.07595210258469265,0.12956996246881514,0.27951911015571973,-0.017576985131597556,0.7039634268731776,1.5074118622289236,0.4072695624913314,-1.3238690613943414,0.24257961512275406,-0.08457384399717147,-0.25863817090817764,2,-0.858655550544438,0.2990703766270284,-0.5871066912604457,-0.11350549060217718,-0.16361858230309945,-2.5726167152416384,3.023970671762018,0.6525203807699311
0,-1.6923642993741725,0.3950147113226684,1.056667072509162,2.5616410214398195,-0.0877928476652115,-0.3152029442991827,-1.3223485254757188,-0.9132393973786084,0.4897288542289135,-0.4300427715535056,-0.29126559636890664,-0.0016278319160088206,1.7719874042792565,-0.5975870370919085,-0.7709760503002534,-0.11143731708806137,-0.4344169549871879,-0.16842138617716518,2,0.36349504404716415,-0.7678841287178764,0.20487082606371435,-0.09025775337747198,-0.6888793991479256,-0.283709573435193,-1.1486811487993072,-0.1151087433786635
0,-0.9881790939679236,0.8130626216609751,0.4335199886245166,2.622977483778716,-0.8256183504445216,-0.1953692591010534,-0.8328790154177789,1.1266673284706508,-0.8254203595861093,-0.30139872975944526,-0.11326708297456237,-0.16421544281231215,0.7461431438492977,-0.4706801122163975,0.2010882236070337,0.3596940476470587,1.2544066617937573,-0.31571096365273377,2,-1.129752543776093,0.060072802003744846,0.7315888625714722,-0.03557504810037293,-0.6541098759160215,-0.27772424478355934,-0.4473820133763294,0.29020207859457087
0,-0.5688501277120442,0.8194070917820904,0.335498217031271,0.7554999889189726,-0.42669320251643494,-0.7526752616664889,-0.97652892637625,-0.6175990415261389,1.3651200561230585,-0.168897361740158,-0.2556012697459361,0.43742832340958443,-0.012101054348791773,-0.1219989124952168,1.2072450709190965,-0.8305183994360886,-0.22126285200626244,-0.3273151985770741,2,-0.22349583708238377,0.5075855946885346,-0.05492064690951844,-0.10854409853955746,0.2892962824707119,0.09330655371581098,-0.21367203134975188,-0.7366594083022857
0,-0.8034608891193047,0.3571641187494015,0.8316153438949665,1.274474561457712,-0.8117955932981156,-1.3571543340443128,-1.765924021235525,1.6373551791357177,-0.36067334121305167,-0.7865046469357685,-0.41085644116660586,0.7230345558372011,1.3322029711245953,-0.7494341191842636,-0.6463476553851095,0.7283253229016987,-0.31924983714962285,-0.5630887494211423,2,0.15596091319161054,-0.7647259054824916,2.738847283981783,-0.0232689721697538,-0.33084934741635613,-0.5631894429793705,-1.0123962419967132,-0.6524910299762271
0,-1.4827733597961676,0.9013117297603013,-0.2714228101448358,0.5705866140229777,-0.20300979292467672,-0.5984983268569298,0.7250992856095794,-0.8845486121582599,0.7866722275883339,0.07343000619415718,-0.6050322289780928,0.1969046879117146,0.6510253555079994,0.1088629504979371,0.5216286941827604,0.3355932461839942,0.09589228767957823,-0.021436075279747186,2,1.960596360719303,1.577434994079172,-0.14593750853712498,-0.13858845242106,-0.8162461928504001,-0.5911680004679128,-1.21975314077183,1.1518704252139893
0,0.7536384051956482,-0.5345855614004488,-2.551825615906246,0.5402092408949327,0.14970136430706205,1.1134886804945752,0.7831166939917663,0.13854365448724953,0.6229080505874297,-0.26541439288888524,-0.4940166767042032,-0.07841579688146505,0.8532656989442988,0.5733228051458804,0.05108092557423494,1.3582480812587878,-0.65175997996054,0.8396166324448964,2,-0.3568619084006728,-0.6437591258530725,-0.837083612328585,-0.09380139125374809,0.815897183123001,-1.2207384572534334,-0.053068887024767114,1.1849185886555942
0,1.2629894633400296,-1.0630447643166696,-0.21260547867130564,-2.128423200610759,4.323505845257339,-1.1968901771158322,0.8807714141884414,0.34532329586820976,-2.87241325777185,0.7566962900972106,-0.20497227543214208,0.2056398385317676,1.5463572153924123,0.5673499649334601,-0.8046626430533873,-0.3040052139731782,-0.65175997996054,-0.15382596233215196,1,-1.7290967779476716,-0.19826558627493418,1.9124064997669614,-0.11143164969240985,-0.04523778456037994,-0.5431801171444701,2.699531039242337,0.8000337484891489
0,-0.499182686659951,-1.3307631359359502,0.983851029563144,-0.5576808868675556,1.5801602469572211,-0.8243064080321397,-0.4133959556515192,1.545701697556425,-0.3003458213586964,0.14698274938775546,-0.08723593599490292,-0.32654197978798394,-0.8370758973566327,2.0965951596773222,0.8323368218902671,0.11181519323193823,0.6857108044834694,-0.6230061660854587,2,-0.6032250037269508,3.137800829523851,0.6451807460237081,-0.031258964042430046,-0.7220000334618499,-0.6905090327747856,-0.9337083024377985,1.518980964604348
0,-0.8726496124649243,0.3539972496737062,0.9726519312332995,0.8565828621502578,-0.09517729421197157,-0.8663954302809418,-1.2318413179262997,-0.1105512253305721,-2.4591113135928544,0.22999976204912598,-0.8984950519895841,0.5415841937443858,0.5465427826320276,-0.48877473238201596,-0.1326519748181143,1.2879630188193474,0.23340256597549858,-0.72520850861303,2,-0.44377684981570126,0.9015603255099283,0.15636740927512985,-0.06797760682096851,-0.6889595600720829,-0.0036764431288777155,-1.21975314077183,1.0368357889800512
0,2.1472701678589767,1.0879619160309775,1.160431318367109,2.518670467029486,-0.4944440318865282,-0.6665599285642672,0.7511713241478233,1.151524549886795,-0.2016834326853421,0.05770513405564401,-0.1781294436288259,-0.035156553200605456,-0.7959821265392155,-0.8009009977836411,0.7836658055905212,-0.8420514111128208,-0.2877687532013049,-0.5004337137008714,1,0.07950527051122805,-3.745378171374993,0.2564765079438382,-0.11858102896741064,0.5821547103337481,0.1274358344862389,-0.13555123865794377,0.3484463351317597
0,0.6501968092298197,0.07559612116346388,-0.582196367814878,0.9132173449323837,-0.594346246799441,-0.38876102842803106,-1.29943882684727,0.25130718857566603,0.6498120692268321,-0.7571804891399143,-0.44152511463917865,0.6319365827075158,-0.3509621329745436,-0.5356324878105567,-0.48772859868012625,-0.6654465934708563,-0.07210718177166589,-0.08544298215802845,1,0.41702278673717846,1.0922750359654727,-0.29167483874604794,-0.07019678794324163,-0.6188531928766681,-0.7917926211895492,-0.5252412706244728,-0.8526582751674827
0,-0.9873444959845601,1.0329937536256915,0.9887643337488091,2.5760192130536694,-0.7666337560104388,-0.45680788669646377,-0.7365281089282042,1.7388475676244017,-0.10754334858062013,-0.7503683807551531,-0.6878065217820827,0.40345571038193256,0.6206889360314707,-0.9625165927434731,1.2419553405348147,-0.5838543195311372,1.3273950898634703,-0.27966936590191166,2,1.0073551539709515,0.8676637083556901,-0.568898537966082,-0.01247810067586002,0.9262866041792205,0.010892172997658045,-0.4857174350066649,0.7646144091593898
0,0.8544040019068753,-0.30819367557066724,-0.6395155255340457,1.863307244129707,-0.8369543029849114,-1.2704190931786106,0.7377460852426733,0.7375170960385695,-1.364673133018521,-0.3621271988606696,0.12673440785871248,0.026601681959557755,-1.0580867480370857,-2.42873813349781,-2.095194081789654,-1.2626011543826345,0.9742697288283776,-0.3540324957833053,1,-0.5510399603178211,-0.7461771594992552,-0.6869133636985107,0.1315533733564506,0.9032421244466557,-0.14340986089636948,2.1229377268734106,-0.328868125433899
0,0.09710240432796172,0.8487616198771943,-1.3707070144829638,1.4056362165040888,-0.5930226421900695,-0.7706487680977329,1.0379655361571207,0.0514377174495908,0.8896552728100602,-0.23219989765431368,-0.6297031593218478,0.6316711681851029,0.3880652065638442,-1.212159249562505,-0.214944487255671,-1.44700118807192,-0.23504142498038244,0.003110288913124204,2,-0.37971441631446756,-1.8393338069792238,0.6656477311855908,-0.13119229058143697,0.48932777538024824,-2.339990186855387,0.015309098523109244,0.27931322596285113
0,1.014312438557651,-3.1694256506624257,0.16140557245200376,-1.3852172268808236,-0.4390390569497178,-0.2816055857757547,0.6440042297367734,0.40236400744510326,0.8955584063374816,0.26950983942639184,-0.7600855652002341,-0.5458127646776014,-0.9489347162641872,-0.5642652665217139,2.9742254870503277,-0.9248655465361486,-0.589062723467764,-0.3832358302515094,1,-0.24745987989064172,-0.3932721937249903,-0.8155391114612027,-0.13858845242106,0.7094047263057385,0.2826161910586611,-0.7842345742435246,-0.7560140208195715
0,1.822300184954031,-2.2425223592417582,-2.5133879067513947,-1.7789693895598533,-0.06140108927206457,-0.3571410022565309,1.1625847265551448,-0.7439539294225641,-1.83175918019976,1.37530903870999,0.13434572428676797,0.014928707987104162,-1.0515105969029728,1.1627929517187807,1.6315748204266356,0.035985859623778094,-0.65175997996054,1.0083308287708748,1,-1.2746476225906316,-1.3368337148512306,-0.7994604353659195,-0.13780958449519642,-0.1861870541666387,-0.04289189001082594,2.578357324777738,-1.9689661567954544
0,2.205134851277094,0.1276978195643309,0.9384541576373835,0.3432925621403752,0.47643996965731544,0.0011614031797977098,0.9215266291876081,1.0866870028821407,0.6710332574656674,-0.364000311089153,0.0031647056980957378,0.7089599087076526,-0.6421228153718526,-0.5675051041607598,0.5656227196334644,-0.17224817611839083,-0.6483973655942459,-0.021128723406683536,2,-0.7737450624177847,-0.5290048327995627,-0.729180688876486,-0.1302607820456012,0.36180774045745934,1.261046557416882,0.27489054367562715,-0.018612772827681395
0,0.16141508474511435,0.9115826943023583,1.5956348458437346,1.1654617460638335,-0.41263570540701344,-0.02637733823823929,-0.3153258478865696,0.7616202818175295,0.25051267361245066,-0.6230822077410813,-0.2714979077897516,0.42734387060955775,-0.3642692321128884,-0.5138059960752269,1.3191587299241019,-0.5329293410593574,0.8734051001243333,-0.017991958938277264,2,-1.0323242432476247,-0.015277316963085985,0.5730468655638975,0.06285984505403223,0.6367446715554246,0.8632728969212735,1.0255377361207376,-0.11761243317518207
0,0.9906417915648065,0.1532242374249695,0.08530855102346635,0.969229222031047,1.1297382177398654,0.9268642282352554,0.9135176702678791,1.1291625415080582,0.13641182678681818,0.17218170429827645,0.9015947057671688,-0.4196625263323898,-0.968804936811298,-0.08884073387358721,0.9491989397005127,-0.5711194886425485,-0.49832692514828203,-0.37120952739430113,1,-0.23871878638775743,0.7967283261611129,-0.39803380415459455,-0.06692879585075141,0.09341998222938372,0.934085945406829,0.40794885807717784,0.7945264263175418
0,0.8720438179843457,0.4888159771377213,0.4685657428695921,0.5075096325646202,0.03559929066277545,-0.9572521094430859,0.4672680811860551,-0.4626953259940252,-1.4333724333663702,0.2817713443885387,0.6063680410780021,0.5081792143555623,-0.8015526997960938,-0.21823348270862675,-0.8547272274745007,-1.600935166076059,-0.5815412374942532,0.7010913003554056,1,0.26598492345322566,0.10843729573887617,-0.7721224935166271,0.09076655722146418,-0.002548243420984697,-0.36624309039945835,0.4891644284852805,-1.0974114771840262
0,0.5153021799575394,-0.06387304089706336,0.9423870898762927,0.8501279116687909,-0.8572405336963063,-0.31847308996014206,0.5727397479920165,-1.6906263594411364,-0.6717024601199124,-0.39900703783806224,-0.046406472399799795,0.38209116646901065,-1.1653484581361921,0.14499622653873098,0.675699393293023,0.6461675675070132,0.15518016286390546,-0.07784074353207929,1,-0.9540673266092978,-0.1590780390665595,-0.44860099916063284,-0.05090720517669137,0.5022052890612426,-0.963419669175942,0.39949782727528826,-0.18430640802037918
0,0.31117676593726273,1.5510080597583276,0.7078171264163472,1.9053964320760115,-0.37022374281628034,-0.7991065329587743,-0.9681515131698837,0.1661480927594875,-0.24471463094724255,0.40260616547696537,-0.13525244848217938,0.9240388668208379,0.7479797983229493,-0.04027833428054589,-0.9002957365221227,-3.090684891389137,0.795615224260188,-0.46764256971311363,2,-0.3020121278291282,-0.9221262592797728,-0.32204803034230306,-0.00040714540296504786,-0.4880678528440363,0.12442763356907216,0.02766935711267507,0.888426693220449
0,-0.08026169047191382,0.7739189858455533,-0.3631368062383762,-2.1370982026689784,-0.2384467348618563,-0.24865028096688985,-0.4413216299429712,2.245280495532568,-0.3401285242211889,0.09450091596955115,-0.44696729200377183,0.3138767602110038,0.24051731898544937,-0.349251156397798,0.6620591830355934,-0.5404067335806907,0.30783190278989925,-0.15685373403536512,2,-0.941870022093519,0.15495689250321243,3.0192357199268227,-0.0023655422959778794,-0.32288039461252055,-0.17588460769969053,-0.34067460206714134,-0.2628950359295976
0,-0.9190980894823444,0.8428452690566977,0.8039790506870406,1.2043748475197065,-0.2771015665024493,-0.09819730232219093,0.5337079932412301,0.46900554180691506,-1.6997762921420474,0.15711378029625694,-0.771109696910738,-0.3979893643189128,1.134133876994592,-0.5709990895956522,2.1150424112012054,1.175638988136702,0.48159259663922266,-0.25127787944522834,1,-0.41821761130012614,-0.013319913478152978,-0.6525793962918341,-0.10244637498493585,-0.21182180918425753,0.16420947701414623,-0.07368189656918972,-0.32061781529165534
0,1.0205275705780583,-1.874620012730994,1.580333097452184,0.46515585177431773,0.05736265988420125,-1.0368994615125027,0.9188427991932919,-0.3518720654531532,0.5326930640451222,-0.16340979095523922,-0.6513902107319671,0.3559376155898379,-1.2220752939327149,-0.49803668150917546,2.478971998350232,0.012890356143784462,-0.2543265347497589,-0.47844799210087385,1,0.09313561222671152,1.0993578607481072,1.93504396475422,-0.054498434359814295,1.0406017023454963,0.3766469130504337,0.11860547340207206,-0.8130640984211364
0,0.46685544769712645,-0.9817738270653092,1.7146192150289274,0.48134586611466695,0.0035843072580583613,-0.7345688624931279,-1.8434798692359027,1.4429887024338401,-1.3573618539666756,-0.18539245766914952,-0.4849612436341262,-0.13192663423748424,-0.4208015338150133,-0.07821382995819637,-0.32366114105228694,-0.5895730335977821,0.4981107294168165,-0.38803189551947354,1,-0.23571505273539164,0.5281627585476002,-0.7354431439738052,0.05312969830606219,0.13239118870205321,0.20550613558975941,1.001991769682136,0.829874927114306
0,0.564448327828581,-2.8182233983959106,1.5574893541404038,-1.3029169236854068,0.6695191825765323,0.9269358980706217,0.5489513061568995,0.2985061443506512,-0.6108488753781417,0.9726624508660674,1.1872479511286866,-0.5790881781013766,0.1923029513622212,1.193635084032977,0.49404410980090074,0.4846267243032111,-0.4335240085337695,-0.4942912243450883,1,0.5822782638419783,0.63760328777377,1.0572301718800587,-0.015534197738204886,0.45415689364577977,0.2928050719242651,1.9209895712644793,0.10647870668929713
0,0.24994201459365906,-2.9890871340407443,-1.4381626550105895,0.7695438237026024,0.08877600722494622,0.08267113664103981,0.6860267231834121,0.26433774674844346,-2.0567840846253027,0.6919070464075855,0.3571356359359714,0.1757568608256595,-0.7539360653048663,4.056951136549021,-0.5502249782944625,-1.781148446052105,-0.5181351160839399,-0.4726491488292236,1,1.2841797336473761,-0.13153740087239396,-0.837083612328585,-0.015947660200105032,0.03815357433871214,0.09904835986524868,1.3271816585959213,1.2584242152419958
0,1.1425296018270275,-0.1575720877935012,-0.8179033711209982,1.124656196029117,-0.48522184904091814,-0.32433824429134656,-0.9110456476679878,0.5530752513458336,-0.6269021388659913,1.7101908795341902,1.5228850256081434,0.8018956579337222,0.07733241571008861,0.3146116504696689,-1.2705838232348794,-1.0851494867295928,-0.65175997996054,0.014747643533877919,1,3.038106274371775,0.39999090045870056,-0.7955680875096469,-0.03331271908267164,0.33186606727669643,-0.6718212307313232,0.9630774475128101,-0.24170921881041152
0,1.4063844725787962,-0.5192830182682253,0.6470821492450951,0.07349780591657437,1.037127176106563,-0.4658234464754634,0.9410229426265826,1.1963225862179536,-3.4170700543171644,-0.10066893998623397,0.4372346216968652,-0.4465103623871885,-1.78526162662461,0.044366927503573295,0.4587354994509909,-0.7137023425047896,-0.14587496458906435,-0.18398282207228217,2,1.3976985022649235,-0.9649172881327819,-0.6068628716873989,-0.12586779163844863,1.4467779066880784,0.3434644402288856,0.8385608792989252,-0.8982778395742097
0,-1.0230522333444216,-0.09248665479471063,0.06501803442918752,1.3516700702521842,-0.3503014332058108,-0.2657842158980439,-0.9970871127006786,1.4760774352037627,-0.1671211881444738,-0.8944689660832533,0.47435999534802187,-0.18203249041094743,0.7622782132498891,-0.20741797114366683,-0.009282909176068499,0.5285514199306054,0.813274528734035,-0.35640370082826517,1,-0.052342040278596874,-0.6139518556846789,0.4170933022561828,0.2548572267591517,0.22340150374227608,0.3058007493042862,0.3418802178811602,0.9076112097329279
0,0.9324387864364773,-0.565931934808942,1.7842561695168317,-2.287623084095192,-0.8479411094200531,-1.2863091903757926,-2.046070157403335,0.8389767853218635,-0.7240392157565392,0.051017728345223834,-0.3159515827550372,0.6747689173769671,2.343673137605446,0.25344706633725533,3.3182389458561614,-5.398522592655473,-0.202640355013523,-0.15794010865088054,2,-1.1579077645078848,-0.7545529321672337,0.06280398555992495,0.09390764451278433,-0.4970057856238518,1.2793596165989336,0.3482280755636693,0.143272870324487
0,1.0329727591228317,0.9218717670967778,0.8814392276332546,1.278142169397212,0.61930563328289,0.551915139986154,0.8990927100238624,-1.3518708713392442,-1.6076043562722389,-0.05335652309374028,-0.7012302493579282,-0.108448617295666,-1.2459647318980347,-0.47805868901977966,-0.23203550315036253,-0.2772740397460228,-0.65175997996054,-0.41731591371885624,1,-0.456536298876772,0.13144568929683265,-0.6379305386772872,-0.13858845242106,0.16429286779410388,-0.2508228392675689,-0.550458082678735,0.3435347570229566
0,1.5065236704608835,-0.1317411192113656,-0.5053771437062919,-1.1891641609500545,-0.5316652482092346,-0.19078590839897003,0.9223810592039322,0.9486612866329525,-0.655993775896494,0.6347385502997952,-0.09026071350587987,1.4509101972706233,-1.5015280202987094,-0.45486206408632335,-0.2899192449800098,-0.053563968793997496,-0.65175997996054,1.4014471743882948,1,-0.40623212860144564,-0.6821380473123886,-0.837083612328585,-0.09078063997484104,0.8970059220948355,0.024985765658139925,2.141308532135882,0.09572740485176712
0,0.35954817460637156,0.8530752128284858,1.5415984384876689,0.7258033935203065,-0.558594576441038,-0.40295052899597783,-1.1047403930394375,0.2946810243218765,-0.10431771975638365,0.3146086567169395,-0.2212287186570881,-0.0781235479383195,0.4773447407471381,-0.4275808184576731,2.9775459099255115,0.14155191017696328,0.32249610148033947,-0.4506578683013653,2,-0.47187858439109726,0.08608388110752954,0.7496619198026776,0.07242218710468543,-1.09095311408826,0.09547428340806155,-0.9897099248170476,-0.12688637244128037
0,0.39012735278055966,0.864840469717757,0.3924192739263579,0.5598220802510766,-0.6676199068772188,-0.8596257429561385,-1.379566905732677,1.471722084556939,-0.08857204591681998,0.6225096111962279,-0.10835043636022079,0.22517426458529116,1.0705628287746962,-0.372506034060905,-0.5670462535146895,0.4839882998794224,-0.07286206319572938,-0.3072303761959049,2,-0.2494729798620133,-0.18338751423717825,-0.4951694882778794,0.18125193697470782,-0.3375303750701236,-0.06663470867866028,0.9808136595191319,0.2880194907496093
0,0.5211934466462458,-0.7683611257347496,-0.05217666487309447,-0.9860251477479969,-0.8326450203755003,-0.3393724706720326,0.5766646315897859,0.7242282149241251,1.1752553762735118,-0.09501213727452165,-0.8920435037540406,0.12846442054214724,0.8571424163347688,-0.24074059551648075,-0.816816732946519,1.1710756859166203,-0.65175997996054,-0.3596793215578158,1,-0.5755271415298062,-1.5270742615448625,-0.837083612328585,-0.13858845242106,-0.6208023358463708,-0.34240737539094995,-0.619115384641437,-1.1015725865588615
0,0.42944340703896233,0.34550895205148935,-2.4454333564826634,0.1957041297486991,-0.31986942303745425,0.2753408467324033,0.5623030094797181,-1.0312319293390173,0.8110864873518617,0.7453881175777414,0.21729922050397096,1.0622919891312839,-0.8405028475441034,-0.15963635879645233,0.5279216202877487,-0.4715045240081177,0.7186719531001062,0.3920400847204079,1,1.2527441047425003,0.38539328665860995,-0.795259558657617,0.0471266204521486,0.9045140036809391,-0.07629135108210977,0.10937605680910578,-0.6213388468901716
0,-1.3157293869604163,-0.237655783236983,0.5956786154635096,-0.08045267310101911,0.06750247849375868,-0.42257441785038924,-0.2784265210322198,0.1504913950139977,0.8397975739941832,-0.764249631310193,0.2013694675636028,-0.21362337124260247,-1.0324792599700658,-0.42029260171355903,0.10125691260345887,0.2524737406650888,0.20689951892070332,-0.24915791191940984,2,-1.1499691303936377,-0.8603206878312128,0.04716874212455435,0.04265753100336655,0.6421433737099207,0.03856259109589599,-0.8867541460162884,-0.3365331782928831
0,-0.04996846851628406,0.8198763889048093,1.1402355140967102,0.6898952352053406,-0.4213628868423918,-1.4138655308029842,-1.0651421769101383,0.9829562138458645,-0.26113264165572964,-0.4683752943495756,-0.4599658427034683,0.47410056573200404,0.4703054379014313,-0.3638437726830201,0.20534406890644852,-0.915575847309605,0.1312099344715252,-0.5420673308994449,2,-0.31262894341307,1.1930174996313738,-0.837083612328585,-0.12016520989360574,-0.37665047496233617,-0.32798465377671915,-0.4207471525292096,0.525940814791098
0,-1.280954011227673,0.6454263467755008,0.7446447928406761,0.7055932136729116,1.1855542482497268,-1.2582116222856334,0.45739271850869395,0.3349721546524991,0.4417712630680574,-0.8782529462669073,-0.033871009744929736,0.21364966859083778,0.7122826756372481,-0.8713293289686919,0.053592442551264385,-0.804462810114045,-0.39021058663882185,-0.43969767744633487,2,0.17447224021870233,-0.6715241258736169,1.7195847519743261,-0.09451057576106495,-1.056555691933196,0.25557283866312885,-0.8459353729548024,0.39586142571810173
0,0.12489243239203085,0.9953028593024377,0.5515108677237237,0.5476948921444,-1.0105101950114284,-0.9241109152179865,-1.5628585747392187,-1.1034304033680162,-0.06517365961841343,-0.34461416677952095,-0.8462304920778972,-0.09610555266105414,-0.4846312211908895,-1.2114052509756608,0.7604692650748678,-0.3824833335273662,0.09436437238778046,-0.2595702227401576,1,-0.5294306669097841,0.3406496544514672,0.3405960068431106,-0.029216866941922735,0.2413831782737474,0.5717312873934659,-0.6304573447118135,1.0255286432803263
0,-0.8017732715364222,0.4432943079596753,2.122029150416154,-2.0376017248134866,-0.24585627841231855,-0.33876284998383843,0.46800180304583044,0.9631937787427359,-1.0538220196772379,1.0231251877922387,-0.40320986432581674,0.014519836353551474,-0.9033634848226115,-0.2523271939812458,-0.767757649203094,0.07127370292233676,-0.19880902330384032,-0.12613905648928211,1,-0.699649372283647,-0.06316092327641754,-0.6628206180011027,0.09983880106955997,0.7880603105592037,-0.7525173905605587,2.0631145997963998,-0.14368963308833949
0,1.8626860740332667,-0.18759986630044867,-0.7023358430259842,-0.08351891768266584,-0.5703262219931866,-0.9506002017501209,-1.324474468730124,0.8681827731998923,-1.5765313044244234,-0.14663896724162873,-0.9734302065080384,-0.03244114173845186,0.4233667444794799,0.3878948279772228,0.3841798200545332,-0.7739275186761757,-0.5304162332402143,-0.19279021475407176,1,1.4546613599121807,-1.1137809087802433,0.08353991833554131,-0.11371486705721232,-0.19999794198606297,-0.2295800069918279,-0.456414785133334,1.083560928820199
0,0.20089935901923373,-0.2852019348148971,0.6763121888174226,0.937653947236034,0.8954775160556225,-1.0678788611565422,1.1010331958198174,0.5281596962850464,-1.4150412861365198,1.8530256122823854,0.7189463724902144,-0.40106265294609866,0.3717424120602997,1.1741056201413544,1.629592391252658,-0.445005952087142,-0.5962008170783972,0.07827130607992736,1,-0.9601891221702907,-1.896268897681793,2.932115140366246,-0.11904336573791467,-0.714832605401378,-0.13223934755804034,2.056171481735589,0.0904094222252265
0,-1.3619775201032858,0.4140251361407376,1.2235707348395395,2.306657268274021,-0.5638374234542347,-0.348170145292253,-0.06309794351702241,-0.26878532793288734,0.13221380862662663,-0.559984179861166,-0.15394484596912447,0.13388881281604692,1.8562710014207937,-0.1616877088710208,0.7465073991995516,-1.5244756553601393,0.4889649245829325,-0.16866407205691353,2,-1.7461099232757544,1.055909563794556,-0.8244924539077751,-0.0013289900155582929,-1.09095311408826,-0.5872971129219109,0.10499966828695063,0.867040117597359
0,-1.200093137873704,0.17102007024610644,1.836147813075986,2.245760789525092,0.3052043309085665,-0.31268166634485345,0.6558563075195496,1.0088712945357932,0.019413728192790032,0.17889329822299915,-0.5082657025568664,0.5683954068543822,0.8648625277538426,-0.2339005010821539,0.4764143114908228,0.4216651281461717,1.4562948465689414,-0.23464075157210681,2,-1.2082656666001228,-4.620390337925263,-0.15865929338501092,0.12279804114115533,-0.30751347161562764,-0.977328698492983,-0.7474425180245549,-0.014279078978620796
0,2.005878592025104,0.7121316393290851,1.1387099159081373,2.4203661356906165,-0.31245085153415314,-0.9180822080301463,0.6680646623057892,0.6299380933438792,-0.8524787425045042,-0.06786340085863321,-0.28586876702594766,0.32218232187653906,-1.3486733365987351,0.009422637578886284,-0.4172339026866466,-1.2923230606356837,-0.025837177885910084,-0.28532080538620436,1,-0.050786465535200415,-0.3372588895951799,-0.5615740424147011,0.06803030480942056,0.7403513156048186,0.867755939954813,-0.427031329903641,-0.02132571461512034
0,0.40625971012610895,0.936224024127448,0.9888171598500115,0.28295193719265144,0.40869050525251804,-0.2303920884304625,0.4214666482947063,-0.7208433822284974,-1.731970204192556,-0.633656018154732,-0.4428513023236925,-0.29039337414733524,1.2164779088052948,-0.5113465953254095,0.9021373022832064,-0.6396465891221644,0.14943531677453678,-0.41200284943944465,2,-0.4604093130326953,-0.5545294784001908,-0.5158103211095654,0.15441330142418747,0.5827595673251164,0.5855113462052696,-0.4482458089305984,-0.08066692133109599
0,2.24867707487614,0.5272263244157774,-0.1846413764525291,-0.06488002400388193,-0.34170002740307365,-0.11955672780924614,0.7876893654426863,1.31700571139932,1.351581781616353,-0.44771394943973564,-0.3209107616232018,0.6489387792423158,-1.78526162662461,-0.19008542346232,0.6326520609422001,-0.734469940829247,-0.5689265683896217,-0.06841465485611037,1,1.0307935651423916,-0.4752772217778669,-0.7042576039431043,0.016856817435570534,1.025330824966518,0.6637668130932289,1.5071125742514857,0.8889612924877124
0,1.0031999544934942,0.1486058885608066,1.279066112191404,1.373443885808524,-0.38604542592503005,-1.1189493184794321,0.8874578368997679,1.744418930019282,-0.5677406033141206,-0.13971117719795673,-0.8467350233826184,0.417980535584505,-0.8688353118971609,-0.8620522050258521,0.7622492973379595,-0.3788521036347266,-0.10709398516358641,-0.48111404670689206,1,-0.886932417685212,0.10781274836254928,-0.5805761885954149,-0.013411678696240853,1.7437988074853985,-0.17287453650953638,0.24205827353258727,-0.09631845497101399
0,0.09674871456838163,0.5944241391064761,0.09160617591143982,0.969813260904278,0.13339800777369482,-0.5065212666219793,-1.3588496971173103,0.9415657633660798,-1.170949920174087,-0.20451674280440948,0.6819545115288883,-0.1072872209250304,-0.7256543095852427,-0.1281004333409923,-1.0603121119086913,0.7080879685145544,0.20640098723193742,1.1213451493717652,1,-0.05028266929530756,-0.9024337168373318,-0.10412953231163985,-0.061356570272888475,0.7047189932049194,0.3181994190369221,0.01093375807514077,-0.34101371138780634
0,-0.3559227053538669,-0.23003667501597574,1.0608265211379053,1.0855637693509532,0.2371689649085193,-0.4236526112482551,0.6340131857327423,0.4237833341873792,0.9537838672120436,-0.8645470008716016,-0.38335748898593813,0.26671318872559496,0.27342106082973877,-0.31474510087990304,-0.26963860998053585,0.3007178434862434,0.24399664060410467,-0.06999891331632374,1,-0.4941607726758843,-0.9177942909974345,-0.15954375902586398,-0.043353328381522595,0.029740160121366044,0.24777166499584752,-0.6244808837186953,-0.29298517124139634
0,-0.2983404747632006,0.5193071247499965,-0.2845761470011659,1.4344515521790613,5.907961105509344,-0.9619319863923441,0.6680243530145288,-0.34833882213469475,-0.37355785442130696,-0.7546024355173833,-0.5988836483748758,-0.6363578721166385,0.8493627558970683,0.02048163653963858,0.5598084856610546,0.4228217486805107,-0.08138344522346805,-0.40375429754046116,1,-0.396226876920163,-0.741549002143589,-0.43999131618987714,-0.13858845242106,-0.6248967740473321,-0.48111769335664845,-1.0049593058479451,0.4916465081563296
0,0.16800489879393665,0.9641440187083543,1.3192308841655516,0.20730252355700152,-0.5422098061730567,-0.33382384968410683,-1.0424221888275684,2.9643221370692325,-1.0741609875414704,-0.734557932387829,-0.3236869410661556,2.174824999121764,-0.23598787710734623,-0.8329755920632491,1.2018487682453072,0.12053379714968217,0.9981164065965846,-0.4062065133244164,2,-0.04032149633330617,-0.06898087446642664,0.8058871065158462,0.07944307405122136,-0.2529076600725041,-0.3408666117987793,-0.18764459107384338,-0.45195507004978386
0,-0.5155222741966272,0.546679655879518,1.164401967261004,2.541031391885427,-0.5940795919225166,-0.4229379959415423,0.929853477828616,0.040883885226490724,0.2452134301993173,-0.3254044749386315,-0.668312229905718,0.46354066973332286,-0.21779708902963094,0.147967067719347,-0.01335576605235278,1.0579605707576003,-0.29157988316495265,-0.17237989151082012,1,-0.4761690502586593,-0.016158428880714615,-0.6136980010229813,-0.026879504393556786,0.8699597105128034,-0.2352704445008052,-0.5364519537070791,0.40902088417514615
0,0.2541092473335089,0.813084507054,0.2732516009926626,0.4458644903205852,-0.6231787062778977,0.2164316739356163,1.1367977643721012,2.171896096185451,-0.48676283832955153,0.5462244056421509,-0.19794820111844386,-0.18856131000767473,0.8839234494961037,-0.03463536504670822,0.4942890752403297,0.9269752669749193,0.11343090444183956,-0.17399604634351634,2,-0.3981946937799914,0.12461824410794492,-0.4015214530052976,-0.01315805925158945,-0.3631890145829008,0.030175369244822003,0.2682045569481573,1.62620797445556
0,0.3670884930732102,2.3203373454062652,1.0373189061028398,0.010120028518508795,-0.4431583545952537,-0.871464885927898,-2.333998186634617,-1.2261001130014262,0.46378650760443296,-0.4291493155191627,-0.6130750905354336,0.45335075751462334,0.24733804873547965,-0.8133334329148866,-0.3257290567783155,-1.5503360214178539,0.5385487295370749,-0.4075791547347054,2,0.4901348082801871,0.11457254993349597,-0.2128006107618316,-0.03502304709538123,-0.4648736729054451,-0.34476506712661836,-0.7006849056205667,0.4411058056532695
0,0.7837465469996904,-0.10573459008074515,0.9197609567324474,1.1207757336457769,-0.30648367652419695,0.9410742176107075,0.9172552020635301,-1.0667958377109594,0.5187503038697023,-0.68239627338246,0.14942773903275014,0.8523139387630976,0.017577509606497843,-1.1070383040639618,-1.2167398057635053,0.2412843754528453,-0.6375370042901403,-0.018411684976854636,1,2.2905487985335475,1.0862563330798878,-0.8241950354346086,-0.04938883768721247,1.4598777407796444,0.5286042127645867,-0.051580232417590105,-0.7695971908496257
0,0.017967092981687027,0.7709147006937886,1.7759625352215038,-0.8417862310081068,-0.4770049745935611,0.20612742492375036,-1.3242941546799751,-0.38972606440754776,-0.3440286142804759,0.2774094591213607,0.07239268070271374,-0.6631373239414101,0.7403148753348637,0.25265588777308473,0.048424292574674066,0.3507000206038986,-0.36837273456598113,0.14966135550799675,2,0.4325974580273074,-5.074664469018963,-0.38766539781600845,-0.03172820700562458,-0.5852523178370939,-0.5841370148227636,-0.7923834304799584,-0.3284033370881041
0,1.8124474776789454,0.3841118345525837,0.3662118838246337,-0.1579939770599601,-0.8381771057912653,1.058219849073369,0.8380101066246354,-0.6610389068007793,-1.1692654431006426,-0.4103449122996262,-0.7538582310830173,0.02013220873257309,0.5317675763202593,-0.7037726026260037,3.132750821913676,-0.2063234566102804,0.009933628506317571,-0.6472696318263014,1,-1.87737378862638,1.9724404437569536,-0.837083612328585,0.11644617842445847,-1.09095311408826,-0.09293029346960106,-0.8576440192390287,-0.6471364786354289
0,-0.14765089617755722,1.4865038858531843,1.444769397249801,1.6833275335493756,-0.6645488439874692,-1.1282898326164426,-0.8013105566027482,-0.6210913375845178,-0.05032690471860274,-0.3878394039211671,-0.9166127991887333,0.27011642960388843,0.6429186806827636,-0.7415229891183119,0.4898679794775691,0.5113781793617314,-0.5505959755163259,-0.28243542161735785,2,-0.20200292035992892,-0.47565634497660736,-0.3657466053201042,-0.09450807908934317,0.2806419382501838,-0.6189808722027619,0.0516102256765526,1.1273162196873114
0,0.7221194583995462,-2.0381002010217575,-0.916062987269678,-2.147063779649657,-0.8466689869567833,-0.9859792087030281,0.5915681897267997,0.01751603244441413,-2.172814413465917,2.3002565500806114,-0.1441532235416903,0.7620231566405415,-0.4264938222604657,0.4859823515490592,-0.35947876145113367,-0.4209484093434078,-0.38142749620864547,-0.0741997018558565,1,-0.17963589472103672,0.49824326346802705,-0.700320709125779,0.018450953405158232,0.005364530252192079,-0.7727277425377768,0.38204894945979273,1.2195726912507818
0,-0.42593796213207435,-0.05998808208653905,-0.1263175549252236,1.7826036155047356,0.9372005263751709,1.1231406638900578,0.9387621609294151,0.09001714310968079,-1.513718085795089,-1.06148797675906,-0.13464947878903272,-0.8767404680466117,1.8034202537330581,-0.8001106287186446,2.1703079539843575,-0.9950741832591217,0.01054037032141554,0.0230202456837012,2,-0.2241550304112581,-0.050709042415649636,0.9027442575474434,-0.13484872169411777,-0.5386183006625208,-1.1945204798292939,-1.07048920528658,0.27983989234084716
0,1.75738520065886,-0.2966488184827537,-0.42158701633578144,-1.7313424513874414,-0.06740468941576977,-0.9288210212805521,0.241060493249446,-1.3133435120198118,-2.4708521009790227,1.7881374721368282,-0.4206806787380783,1.1290614505036651,-0.944296553073902,-0.12790104794823579,-0.7612406809800804,0.04967971901671109,-0.65175997996054,-0.5072849933439936,1,-0.8562927809986702,-0.7141635221929195,0.6824532288711914,-0.07347527637018114,0.8755742250344318,1.4554327334439443,-0.5595004355655101,-1.8577836841173412
0,0.273360417164042,-0.2701614729362406,-1.1078625259024906,1.2163315647310602,-0.18642706506069462,0.9495497031675348,0.6851889564567822,-2.0415608357427173,-0.39912394825149583,0.8670430096588949,1.4570250909806415,0.4624513022431982,1.0987371013434144,-0.5404165309500626,-0.6756193639688695,-0.6827291274686811,-0.6306933943944826,0.13937196024931528,2,0.6654727726781673,-1.259012223817402,-0.1056118818652324,-0.0672519653232117,-0.01256890878488659,-0.9169076016289983,-0.5207704518789491,0.9835651489890325
0,1.447799675748759,-0.5516235746475369,-0.6063966933181274,-0.022524195741380648,-0.0370496195975063,0.13969079115002536,1.1237872088436904,0.3607326853085002,-1.3663573506789861,0.21617519061925258,0.3093918477008438,0.2021227180913086,0.8607320240430434,0.6957251128539454,-1.566464427134548,0.3126800725938086,0.10688074152930352,0.06646816021160168,1,-0.4471438780581173,0.1092780448423491,-0.26925156640516895,-0.10409711483761533,0.3510329027906339,0.6212334139299834,0.33609715718010036,-0.9563331212079059
0,-0.6619672943393042,1.659085887870435,0.6162093196149478,2.4428314593076728,0.21561192544443453,-1.1461246159481615,-1.7200156816230747,-0.6307912714917464,-0.12283620078304708,-0.5147890883254198,-0.6959461460250107,0.29670146938815295,-0.5530732043807783,-0.5055352967590607,2.3515172639847557,-0.4092953479063586,-0.20437328298878443,-0.35936399182466316,2,-0.20626891469976275,-0.11011082575040196,1.0129254097290357,-0.06324122041962471,-0.9202658130633549,-0.4008394124060591,-0.49447466666451256,-0.47700300338182466
0,-1.1451078026597525,0.31868893440517415,0.3418937718456567,1.6961831399546008,-0.19365165865416376,-0.8079613755661588,-1.854927729649245,0.592387948278909,0.3778047573632676,-0.7706954913354174,-0.2448982573133514,0.29968770970305597,0.8875179518835246,-0.9226914013511971,0.8686517353058378,-1.472642454525485,0.8159543373361802,-0.2920672535893788,2,-0.47691446956537564,-3.4251927286075317,-0.15772961358685123,-0.015125585292786535,-1.09095311408826,-0.8698471188254525,-0.7559438775741316,-0.042859303447576824
0,1.7044502184084231,-0.872900226951331,0.27281193879232263,0.039733172046832466,-0.687590879270827,-1.1130114152020314,-1.4944501868044822,1.1283663311269907,0.2607745734318503,-0.21142200580085968,-1.111207035907986,0.35069232748711815,-1.3721939132620493,-1.050156357228789,0.16976085246486283,-1.1120884055899085,0.06901860818804872,-0.5513586740424772,1,-0.08463745378751747,0.310751582297621,-0.837083612328585,-0.04649367874414312,0.5982826668837906,0.09053395012359472,-0.5180495974158389,0.1774190289435079
0,0.9265561857258674,0.6197825184517667,0.055117047899851945,1.551977879539169,-0.5714672699053175,-1.2640563306416788,-1.8567368673238978,-0.12283283271815265,-0.4594459875651048,-0.40928611357042466,-0.01028433542840651,0.28519976818117393,-0.5007713761313717,-0.5901476899897151,0.5333892794990063,1.3158811837285573,-0.015783761165308108,-0.24996569025104698,2,0.7486472024263322,0.2154167293756032,-0.4196820158759993,-0.12869127104349004,-0.5915905957686183,-2.945669498864131,-1.1462300399981675,1.3200376489348922
0,-0.1337089671245068,-0.8054684742052087,-0.6883915441736045,-0.5936163978688103,-0.6153751503355217,-0.6942742643939455,-1.0462487515868641,0.22911106888661792,-1.885032356445369,-0.6375573861395277,1.2341177390706033,0.1816187874511544,-0.37952481835861696,-0.22566170667265736,0.2220227933524146,-0.34053917453109783,-0.6223685184037917,1.1171915464972002,1,-0.9060092541973492,0.3664401012435975,-0.526869896330464,-0.09278481867580177,-0.30192023490406666,0.02685775035961603,-0.7101282013489595,0.7013422861844881
0,0.6085024952391129,1.0988015358661478,-0.06531234771508332,0.6847797449290578,0.6127059615819693,-0.9131193396727102,0.3925624530916685,1.492189658857796,-0.012554312649926944,-0.9600529886078876,-0.4158460784197864,-0.12746021568667334,0.574701154996633,-0.7771810173582276,-0.19765414414437793,-0.2798564760994362,-0.5682777443135362,-0.2668652643958444,1,0.9401927422815507,0.9286637708247282,2.1296222551690134,-0.06904227118196656,0.38269522862331523,-0.297918312396808,-0.32146696215691173,1.3017442387574405
0,0.8091403374191792,-0.0935763523387082,-1.9073315530554769,1.000992620277929,0.29444560332579495,-0.1694752741054607,1.1040883791273206,0.8971118095787671,-2.6856418656822223,0.6349792775497554,0.29290262603990896,0.45158088601363583,-0.1044691550846153,0.5359642737854838,-0.6683064203796066,0.0134304670837615,-0.07861737662485152,-0.467089969107611,2,-0.3544262438257779,-0.2839268307269449,-0.6695974395872243,0.05875382317046132,-1.09095311408826,0.5281401617256816,0.33562118363228777,-0.8393295333059575
0,-1.444595711712662,0.8439718565441761,0.43928481876101944,1.4903650207571832,-0.031178222055785618,1.329374147410872,-1.1154647960236805,0.022934282816316154,1.3529339928528379,-0.13914120426491133,-0.11442829649195732,-0.6203801944736355,1.0227111482411957,-0.781168856007346,1.1733989157058047,0.08132934177695261,1.5345102023726218,-0.41336058196428804,2,-0.5396032093246641,1.0180576951157627,-0.837083612328585,0.08655369086037625,-0.33610312538631654,-0.6886204754679481,0.2058523622391119,-0.8495269155317847
0,0.6259645460273511,0.7111035610307392,0.4238860890331848,0.8581615388310824,-0.4354659545717467,-0.4997035826829234,0.3903104227143191,0.3248936141205625,-0.12212635744041339,0.10603166153900745,0.2832123119650901,0.9412787091645776,-0.6703848589713675,0.9641561387648293,-0.20163553220441616,-1.0762862015593275,0.17548771258834658,-0.021542242875319223,1,-0.2862348378116707,0.4853364149995195,0.10340700066434899,0.351604202220005,-0.45267625332092887,0.5645549763861505,1.678124916089022,0.2048927775213554
0,-0.6659042952261072,0.4033353355846819,1.0036690557249255,1.9356434787331056,-0.387770438510216,-0.46981070699981,0.38176629888218633,0.1686965610554907,-0.3166896653655147,-0.5153112307308105,-0.25391490638222824,0.11582535866559046,1.44284297055923,0.3119241766905194,1.8959255081795692,-0.7100047681882036,0.016002734853482442,-0.4061336445952896,2,1.0674513020258916,-0.7793034997054578,-0.24569327252034506,-0.13858845242106,0.3726395200355073,-0.10383618568599995,-0.2973159996665382,-1.4118923072453446
0,1.6378938340503986,-0.6792052267119946,-0.1894991216079763,0.24682687716632473,-0.1319241720662182,-0.37730776527057486,-1.6209407539517384,-0.06654267635707745,-1.615912761906891,-0.3783606660016585,0.11074097560917891,0.891310424145083,-0.6288948340349385,0.7959078431070667,-0.593838692184621,-1.2737297714138718,-0.21670843472810378,-0.5254738412846578,1,-0.3127647084999557,-0.15166422404015,-0.7726836760108066,-0.043089734907381855,-0.146322755164783,1.4338729880831627,-0.19182929082733688,-0.30490785195306114
0,0.4863540294325969,-0.9253203043287703,-0.10842471344886401,-1.475590830538226,0.4749518785059646,-0.7567740038663964,0.5990285384871494,0.5677683957868959,-1.6220104276007392,1.698127788736204,-0.330111190322163,0.6286483759970765,-1.574751770821285,0.04027306797508756,1.831164639467442,-0.6664087768032653,1.4670396216134658,-0.5595517421467582,1,-0.5302191129520731,-0.280274577012098,-0.32025235418703374,0.026879799411016037,-0.43052650264616943,1.0648821103767816,0.9872178448244215,-1.7116843580197565
0,-0.3871774954093383,-0.8400480346498809,1.0955314048885887,1.2653670077738064,0.07599135209567298,0.21173573739216983,0.6759514105429271,-1.5696219731854835,0.0038887192869704323,-0.1284478869143401,0.34653233926481064,-0.31293105539535393,0.5012457932884704,1.0175045546647659,0.8699664453964386,-0.09743853654652612,1.2169468108026347,0.19498998172056659,2,-1.4165342333241524,-0.5483803530579533,-0.7699027702774736,0.030906845209383166,-0.6276889618918526,0.20971108908875094,-0.5117045742294776,-0.889428632801672
0,2.0081388843472103,-1.339521298113688,0.5343327642503262,-0.30769726683688164,0.7850058111003524,-0.2802815236160575,0.7007881319978116,-0.38099682824738257,-1.646711803792403,0.7242548744513629,0.5585416466726086,0.2592802686161865,-1.57793231465654,-0.22724492375151095,0.9360040156326714,0.5009291946827163,-0.39305955261384184,-0.159048278221423,1,-0.8770383641984854,-0.18352945537495835,-0.627194393229146,0.014557272027568527,1.8072991621475696,0.46804430794112756,1.4369063116322263,1.3237487057222659
0,0.16328918837065673,0.15105456820747754,0.42205906658169545,0.6222741082319453,0.06980760290237281,-0.2603768530486376,-0.8946147828331406,-0.03672725840286938,-1.07578499236503,-0.7216812857128049,-0.551084039639925,0.5968888332761855,1.144853891049131,-0.3500571916336785,0.2959218925854148,0.14360272652116585,-0.21522849391714421,0.707923725151193,2,0.1033889337506501,0.38137800290694546,-0.5558847830895396,-0.13858845242106,-0.6348481246511224,-2.2316299972243714,-0.5397652000154124,0.6818892723988563
0,-1.1271790039768383,-0.4479539486734439,-0.2627100438596405,0.9603209343965627,-0.4124139582727658,-0.46153945277753305,1.0087011317669137,0.3952618082585818,1.4161021385178127,-0.8818317093181581,-0.3868139622019916,0.5243834125083886,-1.0864576624077835,-0.8757126948625846,-1.5701550720737978,-0.9931591425033255,-0.07546614963888057,0.36231374272900324,1,-1.277553704704637,-0.14941287219318897,-0.680399369800916,-0.029557113019623146,0.4411070777501123,0.47145362457056456,-0.08558949236639413,1.3822170364867348
0,0.8184095160223726,-1.6766999673465461,-0.43726921872015906,1.1499656445601372,-0.47485088061512337,-0.6425683915507576,0.8174214072391952,0.8848754389297345,0.05481523510157482,0.10751550233410334,0.14398669622762822,0.2163472642979179,-0.8820477740798781,0.04002389288801034,1.3796408171486525,-0.1767775083824782,-0.65175997996054,-0.049150253319698606,2,0.3161543056856943,-2.892439428162187,-0.18937979779625397,-0.03263120317067555,-1.0482843304660134,0.5935269895959627,-0.5747340063599318,-0.37162241631147575
0,1.075637545208723,0.8935798647772529,1.391004350742802,-0.6346877752060547,-0.47829312576576194,-1.1144068378581617,-0.7822650271026754,-1.1069598749010097,1.2576967297264148,-0.28608016156105587,-0.3146700256124152,0.03887387387578403,-0.2606228861598805,-0.40170010196964295,1.6656564424954983,-0.8705679917773153,-0.24422719466464238,-0.44455474119205285,2,-0.39736125371285747,0.5313235419950119,-0.4858022612491736,-0.03648349327518933,-0.34107416427318304,-0.20004175814362768,-0.7780588966031138,0.42303048104755636
0,0.25561541662181486,-0.6217852480851735,-1.838016354457197,2.376106779791086,0.36480043185639116,1.5364873453316708,0.7283814574993718,0.9213532796520421,-1.2513385734087403,0.6403764995108407,-0.31608067021753733,1.9712818876885736,2.4193204060690414,0.890306498775519,3.1184654034292123,-1.318712618577104,-0.0006188242577432612,-0.427543108663775,2,-1.057935431580384,-0.2976209683920356,-0.002212631454645786,0.14512996121599012,0.11001508701473574,-0.8661567862761912,0.12709693819114354,1.2015016962273828
0,0.7543768912634754,-3.0331916700377355,-2.266680773551726,2.0870994338748265,-0.2949246364602806,0.8063493047259568,0.7747052661928734,-0.30864426546621937,-0.9669862585392134,0.6383038144184692,-0.2321798158542424,0.21705922739108457,1.5236957631969756,-0.2249323026678761,0.37292739866882574,0.5907146910908254,2.842068004092153,0.04753018024966609,1,0.30905914496496223,-0.2861794214035338,0.6707501600955561,-0.06821667184029115,0.41209810989015205,0.7288831876319777,1.300529016835335,0.06344796018581539
0,0.19865304889431668,0.8385857449957772,0.3023839032106853,-1.3940525199999982,-0.8735844455557267,-0.3519802175797827,-0.8787191152527116,0.5870158615246428,0.12274440542539783,0.3914309547358559,-0.0889199306306036,0.3535034329639884,1.7466321866041916,0.24709967989259068,2.203784288729337,-0.29235281857843126,0.0360257307895904,-0.47589108317554013,2,-1.723372019453289,-0.45030025383578776,-0.33761900825602603,-0.006712510404623805,-0.9547749183786024,-1.1857586179815685,-0.9752377420059083,-0.0394835492274373
0,0.023001011872750665,0.17465598369635515,1.9080002198755182,1.4599924718159487,-0.17713602890528424,-0.20878396870016552,-0.2539893340099138,1.1032447372448948,0.5623090252035077,-0.0033482932754451133,-0.5484315824442078,-0.07378760346865679,1.1187366994981254,0.0060098479064001065,-0.6478321442738691,0.17437885296274014,0.6090515795350231,-0.3650516295540106,2,0.29873863212302965,-1.0282817077812452,-0.523256002918175,-0.07042687500571637,-0.0008289464993063989,-0.13617114930714205,-0.6660784662505542,-1.0861913510944512
0,-0.38569002323483975,0.9981652909244212,0.3723726541870758,0.773928705172832,0.17402093210917768,-0.6589450107383994,0.47035220854826393,1.8389814100405975,-0.5388062233015665,-0.6091303816836872,-0.7837186935876996,-0.8040944281188918,1.7050341148151142,0.2370180438686068,2.0106682515815075,0.10755321170679522,0.04091948437526624,-0.48770348105870687,1,-0.8096394866038734,-1.2277417802937372,0.016118323554590135,-0.047710664725992044,-0.5064380001935433,-1.215397353191362,-0.7572371196345982,-0.03507623321497533
0,-0.05921665222765532,-0.3021787187783488,0.07167644043960353,-0.20202637487238412,-0.34793204601115735,-0.6740266579282915,0.4938522079571174,0.5848415621749694,-2.301177924925395,0.16672315402703494,-0.8053385313050804,-0.07835611826284744,1.553568097791656,-0.20412438959602727,0.7786104316964169,0.11757165958461502,0.2358944117140259,0.48074659046058876,2,0.005333880150205639,-0.4304710049221666,-0.00920859918115332,0.08517571078720948,-1.09095311408826,-1.7707062450394604,-0.6913604860577011,1.359213101055312
0,0.2655553387087304,-0.3777361314465659,0.3380660337738906,0.482788415545066,-0.11763404266223132,-0.41747349363623787,-0.6274600645682485,0.11897398076157328,0.24992229712857933,0.22501040683462725,-1.1450560159099834,0.3760339581634091,0.9647542757400658,-0.35276375537372096,0.35199971283103715,0.1259152338577343,-0.319867853300262,-0.14656580465530694,1,-0.8712817642073494,0.022015225642073588,1.4018755459115977,0.06521476767931038,0.06531270816110135,-0.3164452676258645,-0.0008402984163255467,-0.7078733815273042
0,2.2057258364265735,-1.199414258995555,-0.18058937318161897,-0.36317566844659777,-0.4289853440439263,1.3964914876861265,-1.5689504489093564,0.15329233656491292,-1.434629405716004,1.687312350479646,-0.438461651849948,0.32079008518660274,-0.5631584420265006,0.1693095081940487,2.746605607295077,-0.8296526259920708,-0.3861483562561447,-0.34858699372823004,1,0.9433306164716149,-0.5238041390701651,-0.45606032068309255,0.04148983501713008,-0.018067870859881152,-2.5760605522271223,0.26911785804600463,0.11086401810759167
0,-1.104490666140104,1.1666683429519011,-0.1440596779443501,0.6094941844857198,-0.18184147601229617,-1.0832619384874982,0.6123192400631983,-0.23742341546710605,1.411202147485004,-0.5942810246086814,-0.6034124018311409,0.6022006635630047,0.6828245465584143,-0.8213385544911387,-0.9652013794577562,-1.6932142778261374,0.980404609141615,-0.18967120647271604,2,0.2775960584188597,-0.5238736639892512,-0.29953161350589996,-0.12626032285992508,-0.8435481523892812,-0.10185416674631707,-0.8911741168298177,0.5609911677004453
0,0.8965701445526306,0.560765965028716,0.608775066838364,0.6161781691538581,-0.05234486597969479,-0.6206899130133714,0.40762684283217615,0.045305272943085284,-1.4200882072016543,-0.45073673324111485,-0.10747417629994659,-1.1776403211120066,0.5773946011874653,-0.5734229012643091,1.46917721682119,-0.14670557523246397,-0.4367643945466997,-0.25034933134828724,1,-0.30327418607866763,-0.26726517244292813,-0.4347489998627336,-0.13858845242106,0.008447977024385822,-0.33032386989240586,-0.9005652759720171,1.2020074465328547
0,1.8862348792240762,-0.29203217546110494,0.4217945841391861,0.9858746637538202,-0.29202890680133403,-0.6320001656177866,1.0453191605144283,2.068312447939801,-0.3048332646629057,-0.7705477818267724,-0.34587968217804066,0.4124094526725126,-1.78526162662461,-0.2785666886263435,0.08660070307308282,0.3381617485196001,-0.4643508350419173,-0.4324470185200093,1,-1.87737378862638,0.021566161420692898,-0.837083612328585,-0.0019650147634228746,0.9078059264049667,0.11489494818044108,1.4710317791790806,-0.021734918951363563
0,-0.23069359739545667,-0.23513156751423936,0.5147592518707076,1.0388082104204595,0.07230219255327647,0.6507855497622728,0.3027636499000657,-0.6705222594589654,-0.1386657210017907,-0.4121114207803176,-0.4309103594288541,0.5384879000608275,-0.4736171331119273,-0.3200687366485089,0.37578218554305454,-1.0039535481168131,-0.4614197842946452,-0.4456046409653748,1,-0.21912644453830757,0.16023217136685197,0.48109615330078326,-0.00952122179074811,-0.48912076006746963,0.6421299882873206,0.4355650996826037,-0.008098931467227843
0,2.24867707487614,-1.902646053971283,0.15852139428122658,-1.3278895077784851,7.250405416477941,-0.4844471028422128,0.5612067942482744,-0.9638901613648274,-2.543267189496765,0.6329566081210172,0.6355509496139573,1.0242076757790213,0.19255571967618623,0.6338891868318912,1.683552051540482,0.8660039059870068,-0.65175997996054,-0.005402420574853628,1,-0.5960744718248976,-0.8459800287422529,0.21714817818825657,-0.13549150865677256,1.4246332282033207,-1.7678453614808136,0.44847028757552976,-0.9537150102505301
0,0.3205510242671419,0.24521898493703798,-1.102553007123388,1.801620839090383,-0.1662755723732588,0.772815732467147,-0.8259910473675287,0.971523619030298,-1.6662392958337184,0.7141278228546685,0.08537635949620273,0.36527283714905,-1.199579095527218,0.37391767916851354,1.1016955455075852,-1.1864421629775705,0.03431200231859258,-0.3207888868405719,1,2.172934930953734,-0.32831875820844264,0.7177817025646043,-0.027265308208087077,-0.16999697724003285,-0.5599264630535751,1.4657732510940937,-0.9523661407997276
0,1.065004863071964,-0.8117385163190352,1.2295492852916436,0.5113310318399337,-0.23049553734342929,1.264633817279969,0.9867287240118118,-0.25159073761028755,-0.11029372341096255,0.1400454244410318,-0.729140828733155,0.3134592578080062,-1.4273837311963549,-1.3572584455488816,1.1965353820000102,-1.0084401890327577,-0.44303889846313643,0.08102967279765821,1,-1.0324605661835515,0.2120221949208248,1.5645344515840098,-0.05323429969316515,-0.6251470788728474,0.07943925551083653,-0.7042616679610014,-0.6422516690984121
0,-0.6386858150613854,1.40709199935607,1.0443163402885858,2.2179561628352036,-0.48655760123912467,-0.4919433274439713,-0.14535799745340344,-0.2578102968203262,1.2526171668783979,-0.11719881030502557,-0.7818093701723299,-0.1285199802119637,0.25353476842485734,-0.7461026901549193,1.8533733137528512,-0.6829933725324819,0.021497140931930003,-0.2423843380822059,2,0.4279342929787295,1.4181199745409185,0.1921183488565958,-0.13858845242106,-1.09095311408826,-1.9514765962775014,-1.21975314077183,-0.09321743038080188
0,-0.34387628289852556,-0.5992265643719803,0.8980534756191135,-0.42212385310181505,-0.23157515602552015,-0.771975516732386,0.5682683084922747,-0.880555304508045,-0.08256767625825999,0.043103695586133695,0.03750394205593094,0.3764107813828992,-0.4523397584137257,0.10910637861446748,-0.30933371904160395,-1.0641634540016396,-0.24376369566362532,0.3948524096217652,2,-0.18842253053499838,-1.4456162802285482,-0.2978181208146071,0.008620325904521761,-0.8663129264352181,0.33897692711300464,-0.7366771605944509,0.35494417570387227
0,-0.39238671974193173,1.3520516571279897,0.521460594065284,2.3140828430928657,-0.27582558192806444,0.19952725940652655,1.1261707116950723,1.1476745785606373,0.38674683172859436,0.26793383054034714,-0.7307208626771412,0.24393311407972734,-1.4565721879944378,-0.47593250424051137,-0.34665876190890305,0.37548750435692524,0.01278002299161038,-0.6257496203617863,1,-0.8456515349049775,0.20000346404885672,-0.8277796588208454,0.33196034976336364,0.7468009658787084,-0.742860790764903,1.5853767456809367,0.47266500987460025
0,1.203666454934711,-0.6898194325223577,-0.28115166128298275,1.075174880492625,0.10069714215336209,-0.9075907532429592,0.9682701544089094,0.10189648430643228,-1.4462473838488394,-0.016143462346814907,-0.6917762710052,-0.2967375445086801,-1.377108937417272,-0.9286838853693988,-0.7216537860145056,0.9041455692799386,-0.42367856734242026,-0.2583152043954881,1,0.07200886595089455,0.15875915112081307,-0.5902236097500494,0.012405261248662647,1.2059042796988644,0.4321122998668173,-0.34539780364272854,0.7617602706089561
0,-0.29455161458937373,0.8432677895791851,0.5762010183941957,0.3862340150926718,0.43303349489745463,0.0526963218296356,-1.727165098717941,1.5348823207112567,0.12862565516642221,0.6579773747493539,-0.45047142903219844,-0.7837262834654201,-1.111614853707486,-0.1969514955947729,-0.8583689448433279,0.8199260294985941,0.05705155249697459,-0.48307201263782534,1,0.06116039564357666,-0.23524160138496336,-0.837083612328585,0.037442594089077574,1.02627748177955,1.3107233096837416,0.9333819382390091,-0.15168190282604813
0,-0.6458520900085233,0.1322793950353307,1.5644453224129902,-0.011823579888874482,-0.934306188922555,-0.7926611486792725,0.9363917118768834,-0.21550305243560447,-2.020281967880135,0.2198716289470084,-0.5370493845452824,0.2647040503026749,-1.0015757759443267,-0.6022275880738523,2.0340900739613765,-0.22004378376974787,0.25152610596470093,-0.0389042677594057,1,-0.28771188141630744,-0.738592777829853,1.110229503816432,0.07479908744511746,-0.4913629988591215,0.8565277942972238,0.17182428793965288,-0.9117727088467013
0,1.1021541445597292,1.0948255137343377,0.07696970817138599,1.40993716460971,-0.26393181956613243,0.34926075626108405,0.6566206058900828,-0.8627363020606401,0.07790611959364352,0.7731474161734558,-0.6473966646683793,0.4624636406281555,-0.7462486805789628,-0.40845339112368984,1.1304487036234134,1.8675147749812955,0.9582960342127856,0.703504075183266,1,-0.47770629233207,-0.5749895101901759,-0.6071598278178357,0.11680556959722323,0.6210715130545317,-0.01516355850768436,1.5234258332178694,0.7110394276430092
0,0.40690251927279153,-0.7308221604974598,-2.2723096149100357,-1.89393229582079,0.7935362041820028,-0.4188044003717681,0.8607269137847466,0.21373142569387665,-1.4827582268358053,1.0893952163677776,1.1562677975559064,0.6757157173853078,0.1282502316881335,2.4450725955430213,-1.865766046552742,-0.3619266459250614,-0.07790461633577361,-0.5714388707300342,2,-1.075190164852419,-1.272748018793967,-0.7031692963350493,-0.06034012150011466,1.1468559562435494,-0.3953081436407328,4.6903134091372625,-0.043965159577041446
0,0.9165098885317667,-0.40781723222787786,-1.0790205065513194,0.5467589035519563,0.08007359232823208,-0.8019849212800694,0.9882412217227292,-0.30950455707244606,-0.7198750712117428,0.27611132495290214,-0.37757751256074906,-0.0002927294336595998,-0.7938925166198785,0.007322880226852013,0.5225570686042079,-0.540068474413546,-0.2928800573304555,-0.5598873826551691,1,-1.1601846791053516,-0.3187186613486808,1.1042690336727596,0.3019764012658174,-0.6519899469011403,-0.6962615344342333,1.3252787798461656,-0.802099586474809
0,-0.15336257131750897,-0.01888918781469906,0.4617530650898165,0.4075932356660209,0.03810257472905343,-0.571933826214005,0.5269658851660364,-1.2769177225825754,0.33526884183614225,-0.3333824595398115,-0.9311034968152275,0.7769213711454127,-0.3112373869014615,-0.9934687651362425,-0.9502195745226039,0.47610844489155624,-0.65175997996054,0.5261587521265182,1,0.130996297888279,-1.2664195080697056,0.018613568710239503,-0.0003500035804655105,0.22912162655013701,-0.1878782052207344,-0.03490331000346947,0.5888962582077524
0,0.9230958080474942,0.17657910914693525,1.31131190968286,0.9653011341014535,0.09356238639562431,-0.8287503776576348,0.8990316818274264,0.5526049672447078,0.23087325652693194,-0.4817472890340963,-0.16296127351906875,-0.4260407946169561,-1.1808610857355284,-0.004813809694873772,-0.6475292675726189,-1.1707327058613666,0.05831111647610273,-0.3710628994281863,1,-0.0067415123368579355,0.24295386420177645,-0.59187513346608,-0.050093294630692335,0.1846924515192897,0.8227738997775882,0.6912668647036231,-0.14945225919339533
0,-0.12975613500454478,0.7543290715003386,1.3040418310419932,1.6624427043816938,-0.6581451147061765,-1.2070658296213992,0.9089249854983618,-1.5034987423595028,-1.4669072515853514,-0.11569451658485713,0.2676435964675984,-1.2537232570885524,0.3758599366433471,-0.6977676162559372,-0.5622896082032661,-0.3856257513596101,1.3389817626297513,-0.43751598715657647,2,-0.7721086661546366,0.2887833976546324,1.3302567915242618,0.04109175652219628,-0.9664960907128838,-0.5929427902542616,-1.2098557149872256,0.4058287926142142
0,0.793780659796017,-0.4652406767527002,-0.6735103857376625,0.758754602045203,-0.021842324872601737,0.2882273538628484,0.669141154902817,1.1114810383888265,-1.4937691541842673,-0.5781877352406478,-0.3287080074386907,-0.5649167514199016,0.08216042651452937,-0.1443351295343101,1.4319096256745771,-1.3109975240062408,2.1515316889938565,-0.06123629797209082,1,-0.32064667607662534,-2.7224933971635776,1.651608417304696,0.0659245934477933,-0.5014364251526271,0.6983643692063435,-0.8818667031528289,0.16669912334623335
0,0.8184115465900399,-0.15581583718667025,0.7025230251102013,2.3861774882554787,-0.8298120574390409,-0.39809437328511493,0.5404512172703028,2.690013339166721,-2.140662911184343,-0.5532875885810357,-0.5638912899005775,-0.22298039929478636,1.1762843542928492,-0.2692742561492494,0.7442458737112897,0.9857675160653385,-0.3983995191501086,-0.3171932139876956,1,0.02121000775723858,-0.38524387603836063,-0.759285735770703,0.1416483101066994,0.33330394744027536,-0.021126599256572287,0.8269263013890457,1.208125597392606
0,0.4138328157990069,-0.2574682838018103,-1.127982497779553,1.0474633499954602,-0.9801243551023657,-1.108693520352749,-1.4980702565579906,1.0685283239198606,0.01739558790954121,-0.40820359487838737,-0.7627083883143098,0.086303332444779,1.8235275548049272,-0.6446087699250584,0.8512686504265374,0.06268138726128458,0.3558375736778304,-0.4136694009626316,1,-0.3273303788230477,-0.37695336071969177,-0.27251346313436003,0.2762081682710197,0.41641614921591685,-0.39068382577087485,-0.4005701351996245,1.4544656719359037
0,0.44270145233263664,0.33844967348528626,0.11682846961184423,0.3979105428452715,-0.2684762116974131,0.14278820065508957,-1.3981396676791062,0.5228941384135757,-0.5543873682365806,-0.22623685312099068,1.2443834189859078,0.2859418487252809,0.08437061465299778,-0.25785803812831787,0.5617100824581442,-1.6523505027004082,-0.04579263614358961,-0.07931983211438243,2,0.3732001429601056,0.3175117659316932,0.5606245119986042,-0.07031482222708468,-0.47221464230939275,-1.202561898532728,-0.7261490444128659,-0.09608420426512387
0,-0.4901517033264897,-0.19091588937767856,0.42299264395951564,1.6702611587557996,0.28643504604777603,-0.4000096831732057,-2.293069734979019,-0.05814959145394649,-1.034252067493839,-0.4624097492885328,-0.6068606833695058,-0.21952733257504137,2.1289239517764162,-0.35812150134127957,1.4676094891610263,0.1843927281885171,-0.3087153969022025,-0.194330793353942,2,-0.16635748373202963,-0.4291082176667287,-0.4967975027618013,-0.04568822590166133,-0.7146945209221638,-2.0159345168466603,-1.1421753877363687,-0.2901865678571217
0,-0.3051078929229095,0.35542681346417515,-1.0866894324912586,-0.17187591916663203,-0.5161011243450638,-0.40283202427664305,0.7645969862476322,0.8539126368025154,0.08336348932546242,0.4432272327653267,0.1971916518170645,0.16272419603189997,-0.3697498825966732,-0.8248554350731444,-1.1210916043481913,-0.9048131500878647,-0.4976375475422961,-0.22944301010179324,1,0.36948535421289097,0.898619112696738,-0.5177062655483993,0.012616082866904368,0.9946757943325883,0.590063611608207,-0.1478356686198548,-0.02443151788720871
0,-0.5465199916594228,0.33481396736327074,0.973364474749758,2.1193786060673316,0.2923176694738315,-0.8638202683145977,-0.5717228425731279,-0.43916058533273766,0.07212176259560711,0.7336837381665262,0.031925340421985526,0.46903569216269647,0.39379019307095636,-0.17225274726463985,0.07765484053500021,-0.04054114815597132,0.6591718408197182,-0.08604689040838218,2,0.4092643455721098,0.2184148493186464,-0.31169547540316983,-0.13858845242106,-0.9976798982444648,-4.46430769387018,-1.1553041355902836,0.006152472472965798
0,-0.6325465735638652,1.6775959065910104,0.8200728720903003,2.5544651275741312,-0.5260989936271896,-1.0488203643524003,0.9494185075003297,-0.5175827728636897,0.788075363711815,-0.23621596807557801,-0.9796915516414808,0.31817796190175246,1.3321107617961399,-0.9813032534952237,0.2091312055297071,0.4032035409151373,-0.25101579571633215,0.07059424864214975,2,-0.4459035008462784,-1.8478772017225245,-0.837083612328585,-0.13858845242106,-1.09095311408826,-0.5869592837939509,-1.21975314077183,-0.2660274294533928
0,1.3465646774250495,-3.2670557366338278,0.08913901995765727,0.7532154820546046,-0.03767290155869174,0.07958386173274734,0.9249433441655894,1.9941114099744683,-0.8461601986458636,0.19869678103845256,-0.29716650120329774,-0.06042825881185998,-0.2640247361005891,0.1832596949756697,-0.11832120471480867,-0.43219174829498547,-0.43562615771336216,0.8260167327034307,1,-1.1250490592404199,-1.3110271185119933,-0.837083612328585,0.030280899165989056,0.512591321251287,-0.22035012639396684,1.903654911911401,-0.9322696040849403
0,-0.8022518066593456,-2.4012581015325334,1.7325664347549057,-1.5530871453585284,0.4399204036592419,-0.24606044771410884,0.6742945329208808,0.7640025991797726,-2.3364945446268877,4.096239723023448,-0.17794695301813146,-0.13927007493271343,-0.7332601383325121,0.49290636629401374,-0.6016987376292795,-0.7113304543222405,0.06908326941025025,-0.29350913423463304,1,-1.0717148152001519,0.5893752018991083,-0.7607495707688199,0.040591153442564115,0.17494516845584063,0.660022545104346,8.340487590502711,0.6004154898259781
0,1.562743528531681,-1.5624151493109482,-0.09305882503407631,0.6360309830239023,0.10639525809090654,-0.13668535120791492,0.9056976853964609,0.8034035595722788,-0.7842300616831168,1.5466029066267892,0.2883849887042559,0.513879893131824,1.2920081883171233,-0.039824209614574335,2.107222217289595,0.15482644308351146,-0.47049243746438285,-0.16314389478061553,1,-0.36445210234880887,-1.1856355813949493,0.5231287616666649,-0.13858845242106,0.033715283803308516,0.36879717679717416,0.7346742758282312,-0.16200609113119932
0,-0.5050626027514253,0.19834005782954012,0.35365098465850126,1.8124811696529761,-0.8416960733518907,-0.9711539229506705,-0.4516709701523902,0.1492832051048996,0.7339423627753456,-0.4027799063755487,-0.5291190081328913,0.16984926342445295,-0.29880660845326923,0.013022325917559752,1.256939768281996,-0.2656493646869532,0.07831963152827617,-0.20692868663340092,2,-0.2653908816881077,1.204363314350052,2.3902913069642957,0.09072067463148445,-0.7970705290787761,-0.14464545996057926,-0.018364019432255005,1.0775989007690658
0,-2.5751041080298895,0.3152950310847112,1.5534005697424604,0.8079340537544746,-0.4682899876979367,-0.6519117308271581,-1.102805176115358,0.4514817542337278,0.40836811962476305,0.5603635681585317,0.01834650032757551,-0.9697096564667427,0.8185313064843975,-0.23009318687211042,1.7082953481740382,0.3279686381173504,0.4478592433545946,-0.7251954152389308,1,-1.110779079532069,-0.43369455337269824,-0.6408460153178372,0.36603053152596454,-0.23761082543162862,0.7853810009397246,-0.8714932842355401,-0.6757051559161791
0,-0.19922199905837523,0.363075341571393,0.8809410926420915,0.5285208527944907,-0.4686932759789721,-0.7318375794427439,-0.8702778771595012,0.3376748227649508,0.26369490537314727,-0.4233840357569649,-0.2162006242880208,0.4070434459615741,0.03684404835867933,-0.0702670147212614,1.9668485103837543,-0.10473583411363196,1.275305888275777,-0.352391531152187,2,-0.5470171820736875,-1.587765599577049,-0.49252556745789444,-0.08905411395265972,-0.8059660232621966,-2.2050261100508877,-0.42248167754939353,-0.8687884252418797
0,0.06059897380818244,-0.6359866041403273,0.010720588545216292,1.2488368498483635,-0.4463540385176145,-0.7555351830880669,1.0410095577054952,0.0022469556588194176,0.9405625868932604,0.016707122945599673,-0.49464608788862285,-0.701516638856013,-0.2696338405640837,-0.8735186066463375,-0.1649894351074861,1.201631514298051,0.30592328137262315,-0.20491236095495807,1,-0.8677629375364873,0.27968641094718527,1.460466061782085,0.0060041620185233915,-0.06043175364836348,-0.7948399208737279,-0.5257453221034011,-0.9177301118632475
0,-0.055209569887450294,0.258183889486729,-0.29094863691536815,0.5506271088311753,0.2848035962054103,1.5898811857534625,1.0367537358844643,1.416707820622913,0.4588570689951539,-0.32919498353024346,-0.513545584467509,-0.014534836449636823,-0.4925993498164372,-0.9607341293383499,0.6463882393106206,0.3232282988890881,-0.65175997996054,-0.13658237499360465,1,-0.4159081872822836,1.2165391363618898,-0.837083612328585,-0.13858845242106,1.0200642284801908,-2.5451903184861466,-0.15108611965482285,1.069045480525523
0,1.2632013226820682,0.39105602739707224,1.3586374329490498,2.16547120664558,-0.5838054557182167,-0.648919367719853,0.9658858757006529,1.6582511337649684,0.52249177880091,-0.17420945382349318,-0.46217021625663357,0.42747441441380246,-0.12064004099773594,-0.6575479291659763,3.405861972629504,0.3853724605446654,0.05323742941709653,-0.1383065601234016,1,0.03225641707676191,0.5400937709383782,-0.6516877164418553,-0.040099537795746897,0.08413082492150425,1.265889748677705,-0.43689821093322845,-0.7400710170815005
0,0.9605203056131708,-1.6622001738568546,-0.7810232824869273,2.3470156634726784,0.38494136404579793,-0.0485694260894195,0.74910075914428,-1.248910713013227,0.5913451681129616,-0.30812182283629286,0.42537355538658905,-0.3591343405098842,0.33263461453941046,1.8743707451009632,-0.6866510944157067,0.18090590509836435,-0.08272232946779234,-0.5397612033798704,2,0.8604152673298759,-1.1519627675947772,0.7716994540256452,-0.08491082552553043,-0.13927765434001116,0.5431587530541935,-1.0355125017165734,0.17696069340921533
0,-0.3644027010009506,1.2467101406607686,1.4329613773446197,1.864912162147315,-0.22437126456689357,-0.5619324002799274,-0.8177370163204144,2.202525154428674,0.014862163019395025,-0.1486669707572093,-0.3080013645464495,0.28630303797092216,1.398735635408584,-0.6535342436956124,0.1204309457782276,0.8603871440391149,0.9093193816585691,-0.585185271787142,2,-0.3812489014479078,0.2862870067395561,-0.10261292010757689,0.05070350930408099,-0.13818457014366625,-0.35121821589276736,-0.11881850517189776,0.6463673782756466
0,0.5169923552083349,-0.3052337338494291,0.4882762211852756,0.46484192670770286,0.8367255371243194,-0.8441095914809644,-1.603203122025759,-0.8902668577857991,-0.24012680390000862,0.1395564512944224,-0.7401959968703258,0.5252620906016345,0.23271519867010737,-0.05984112153921278,0.7785313257212887,-1.5988654207372375,-0.4301896152869828,-0.19952450055379345,2,-0.43149146293813057,-0.4882073768513556,0.36904266240954453,-0.0011095487093949544,-0.04385151762785516,-0.009905937757734962,-0.3255834091803457,0.8808420750350858
0,0.29769287223108565,-0.5264407708436185,1.1408320071815596,1.7156851475170192,-0.6844286478607503,-0.5948865828687394,-0.6375689823320697,2.4252889495660543,1.1311736021430265,1.1848080474869926,0.5469975365134899,0.2185613634169419,-0.00889280496044681,0.6033256092399075,1.0799774377235727,1.1340223410866823,0.6853005569816201,-0.2487867635344122,2,0.17245205114510687,-0.5989992116581336,0.38339152690766803,0.299842974131887,-0.2710756025729377,0.2785450937796055,-0.18608056728261957,0.1980578363024614
0,0.2473891753546876,-1.0912926727696175,0.7213272597345579,2.356733752345333,-0.4558365592926076,-0.6266456711454857,1.0553079651133894,0.44207793886557456,1.2241174599699536,-0.39894189262695123,0.09758163709525614,1.0910648751996903,-0.03342942025042616,0.2425442184578444,-0.41032512538664934,0.5856971440996637,-0.1349047318037339,-0.19221112378845584,1,-0.6495727243165054,-0.6138428084987309,-0.23209343530442628,-0.1117603496566341,-0.10957174906862338,-0.3159867349029916,-0.513075215685268,-0.507781526491883
0,0.3429451341429096,-1.0939365568323096,0.43102034430667413,1.8300108532391577,0.13067038406201,-0.6823357341583747,-0.7697905602398775,-0.43965666519862534,-1.4840902682154307,0.8356825598814317,0.44330408517367864,0.2568616189761305,-1.1911753489683332,0.01061431868186899,0.09592970147811722,-1.4972538340163708,-0.5074667166930587,0.3605023326914245,1,-0.07840955633358321,-0.09366196281505312,0.1001707331641338,0.27571414802401295,0.6711498302010335,-0.22716431935884207,0.19783759375925364,1.3432828987009877
0,-0.22920726373063738,-1.0845709378777344,-0.14251641830163492,-1.291463756973478,0.9790331845085407,0.7222799729811267,0.8074303250690056,0.03931981081478042,-4.118696016097262,0.363548651558129,0.3288709106163045,0.0681807124881118,0.020381831779221926,0.44602768885755484,-0.3705648498601228,-0.04453856551930058,-0.09224673251277493,0.08203650983974195,2,-0.8328346426459574,0.22179644694710643,-0.7903116304536613,0.08175623881928751,0.0553529033300591,-0.1154145008294388,0.8350912494629831,0.07457895019873284
0,-0.08334660877693523,0.7763389873684612,0.34869231775240245,1.9508422592105452,0.23444306031764284,-0.19832499083656363,0.6751493949484191,-1.4247268853839847,-0.2268275626347011,1.0374803327494522,0.24168811994125333,-0.25804919137611837,-0.7407625306783499,0.43896093563529626,-0.9000716051429682,0.08263304038251817,0.5870786401391315,-0.2700402088266102,1,-1.5995924340723866,-0.22256286211620543,-0.7437538237156839,-0.030390614339586813,0.4139300225792253,-2.071607364028676,0.6776282855344127,0.8918150941627568
0,0.9742445726247564,0.10773958138790873,2.20287474047384,1.2215939517635197,-0.7223011004021855,-0.8294807980973748,0.9744879419348337,2.305686235234215,0.8116335546569927,0.6327704539112803,0.026571711073871032,-0.3606052285814673,-1.1040029565582667,-0.09368755933236761,-0.42961294973449227,-3.968187806436447,-0.26464174594382095,-0.2775218657170059,1,-0.5442355836554367,0.11384747901871617,0.041487062123772345,0.06043375098253474,0.2943165718690014,0.17251008778735333,1.9418712224767738,0.20081933010986996
0,-0.7212917188975854,0.25269924170806374,0.788241180112996,0.5468470733638742,-0.4540495054474512,-0.4826106419458239,-1.274646232476865,-1.1273686276976462,-0.596996201997058,-0.7342699623976525,0.8145904011639531,0.7138563086178416,-0.4638259586440434,0.1268725460348808,0.9249095277632954,-0.1935831197663328,-0.0393993902053523,0.9475738857681097,1,-0.5907369867280636,0.370220301553915,-0.24499664671567783,0.03576338306243339,-0.106743834201424,-0.2919978759191412,0.12589815502073576,0.9113900437622098
0,1.7352535133790827,0.2579533546831386,0.5004516143956084,0.24255635944661813,2.220803058232489,-0.8732315360246221,-0.7614623786643937,1.7404296594162114,1.220630216798536,-0.18830275796130247,0.5771318470346782,0.6341889145370403,0.26360553335925146,1.84343343607585,-0.5330745019072166,0.9845863085844221,-0.6033026227691258,-0.1624956680228667,1,0.24333055880386673,-1.6168541870982338,0.17735876442699477,-0.10111345922739594,0.09024715590316118,-0.7843515613300035,0.10672364571768543,-0.48131880549699574
0,-1.4595103219970238,1.3023195505520822,0.257061197554901,-0.6120195449806228,0.7437007131388222,1.6041041957596383,-1.947153186782663,-0.4655042754758817,-0.30088922807176566,-0.2769280364618341,0.5368904444726679,0.4845608884491102,0.8211856454745521,-1.0380483977364374,1.4355097805108612,-1.026132644001638,-0.31610950607207877,-0.12496659045215547,2,0.8608652523023336,-0.19704935978217517,2.7760452328505343,-0.13858845242106,0.06438037550159909,-1.7822538720202856,-0.5068214828345237,-0.7635756233152384
0,-0.23855389989021958,-1.1375749934437356,-0.8338304244434245,-0.0006098434441141887,0.525875810647995,-0.2807228454959371,0.7906351529308632,1.0325835548939593,-1.2313423208596506,0.6866271167929808,0.40642103862178847,0.20455186097799777,-0.0025117381905951364,0.8397759409790164,1.177064572037199,-0.5629834677905577,0.5037271427581094,-0.32251637764348995,2,0.5810160053982165,-3.5380940526116738,-0.5850191774483902,-0.12419431909926805,-0.5010735981930659,-0.30387886489655536,-0.7587593002492262,-1.6531234065461953
0,-0.6094687599219861,0.9792236036783764,0.3642911186974792,1.6445469408257676,0.42681152091458996,-0.5746735336762616,-0.729924384656925,0.4472726888436992,0.3160686543524145,0.10041662099926565,0.4541740360092185,0.46029347233448553,1.8345332405673718,-0.3004136426165859,-0.225236559507839,-0.6133265128130752,-0.506988255920311,-0.36511175232718474,2,1.0951766864252452,-0.3359576520808826,-0.24008750029789688,-0.06282849560838805,-0.8180348877180346,-0.5737986174494537,-0.6192733156759849,-0.17035695760999758
0,1.201235012219269,0.03894186798971777,0.44978548131274576,1.344324168868864,0.4379640028832315,-0.7323510245936148,0.6384740453660116,1.2894232924825224,1.4289894749698533,-0.04452982213890114,-0.47415253230840504,0.17635137353183244,0.3816303355387249,-1.0049762673216764,-0.10695144191934561,-0.3662896705770003,-0.28472791230522065,1.481840329648212,2,-0.5694906228557985,-0.8172560405849421,0.9780690557287051,-0.13858845242106,0.4901502471059793,1.6903891621405345,-0.74954825516065,2.0635397634198887
0,-0.26590101238212843,0.18454101610288703,1.1455180955151545,-1.5670925968373324,-0.31744697183764287,0.5902828020459273,-1.6484153922579914,0.38018057132171196,-1.1512934910113621,1.7926412314212785,0.3247504946607366,0.5136297547926116,0.5156675608474216,0.4365833366370986,1.1635023506444901,-0.20794283095027388,-0.3520609849348164,-0.4763607136344601,2,-0.4026034914031935,0.6120856759812415,0.13220565173586346,0.06235265612527058,-1.09095311408826,-0.18705435028739498,-0.8906482282435098,0.32100587701674904
0,0.9312312220945296,-0.2571764091019416,1.5943281126792272,1.8189201133216282,-0.6977716804952031,-0.4229010899876902,-1.0618976224572716,-0.4638392839313826,0.1326826225626938,0.0311391256137582,-0.11332923995236259,-0.5579245878758243,-0.09295731412229175,0.4056879239258571,2.8203131983505223,-0.3862608836469622,0.6288041347337476,-0.5522852519695668,2,0.20376272666818257,-2.4450979997183895,-0.34834888374641715,0.0005066491046088889,-0.13148709638510503,-0.3103799398207729,-0.33454120638153606,0.051019868250640865
0,-0.16630130222034267,-0.5155261772445803,-2.3737261889175643,-0.3500907759775089,-0.5398462966141808,-0.6989898569673059,-0.4716092949334101,-0.6837075468445677,-1.7165992851463092,-0.6437256884502027,-0.7450217957759542,0.1947436822112391,-1.169517803027208,-0.2804198205367464,-0.0745428332438588,0.37439592122544074,-0.17348841268449194,-0.3347920150175425,1,-1.2971644075923758,0.25917477183200766,-0.5334581291635789,0.20191529408376854,1.1447197736400088,0.8130953201653368,-0.4170977474354628,-0.27872201533036206
0,-0.6092235589700854,0.5762449562592209,0.563761763210281,1.1458967299977822,-0.2921477114550444,-0.5097455634076993,-0.926502854748689,-0.5526728651986811,0.5602623721845754,-0.13843917261277727,-0.12766916704125125,0.4481325342078524,0.02175182358150085,-0.32922342575189756,-1.0967147225675486,0.2416400453474938,0.06340950836671674,-0.14711463634370003,1,-0.7036981298053335,-0.047958151377269886,0.022032247203166586,0.1607027483630693,0.022189546494910367,0.02052750132701936,1.294513412300731,0.7985730370050137
0,1.9349502341304747,-1.172292693698977,-2.518906608713625,0.477553116085705,-0.2659390016563288,-0.5656405154349379,0.8773399402967308,-1.1480152944765902,-0.5303536635083917,-0.3926732178957948,-0.8136435143365001,0.1712859931820208,-1.5878437070569495,-0.36853430321439185,0.9954596745026142,-0.5637245111109828,-0.5166423100310104,-0.3544565326354773,1,-0.47492786671694975,2.602138347860053,0.5581931411569295,-0.11684748441813309,1.8363505022569506,0.030011598480092494,0.42108473049392914,0.6346331664926715
0,-1.2345808848284971,-3.704281478008096,-0.3341085229222669,-0.27444078074329215,0.6094743749322968,1.0448961488186002,0.5890350346641635,-1.5715513198803182,-1.2459803068036794,-0.212819795138036,0.036218220472596985,-0.9450084086763693,1.0117670626666653,-0.3769825526606602,-0.009951070288955866,0.0451237380136047,-0.4377058156318774,0.507352659759484,1,-0.4848835681789856,-0.4660913089329045,0.5688246907032168,0.1217162031110135,0.1342033566461472,-0.24394630997983996,0.2312789298107738,-1.618833771763744
0,0.29230073826453107,-0.9493152746617595,-0.4985478003407559,-1.0019168015823325,0.1583675612121067,-0.29003046710310887,0.8386270450883165,1.2442553370366485,-1.3359240888965356,0.856339300666172,-0.23809624642374622,0.38999511186019264,-0.2478213499583333,-0.37324947625423266,-1.7061489026820529,0.6397920632207459,0.5080129006645162,0.3258789195191383,2,-1.87737378862638,-1.261134953918567,1.3314939213687405,0.03607292441259137,0.17313827375062285,0.3558613440440207,2.605196568798732,-0.6591972748862741
0,-2.8530566997114146,0.7159989683206169,1.1263487531954266,2.0223962331668472,-0.45331616845465783,-0.953591004449817,-1.425234675625395,0.22116379953957122,-0.5113991679373602,0.019570632300538654,-0.49064599143761317,0.5394248771393817,1.4254007292929256,-0.33008733675018104,2.641589633493712,-0.3984741811424697,0.882712076123207,-0.03482768468136763,2,0.1226094725428945,-1.2493557797208215,6.7698740667885255,-0.016918587968366344,-0.6276966000731425,-0.8669742123732576,-1.038966782252809,0.9869474240506277
0,1.3632659053020562,-0.8155549587068267,-0.8945745684629018,-2.054643448972469,-0.4381859468898797,0.4925059595065035,0.7411001935852859,2.8679931854587264,0.05353120933924149,0.979024941880303,0.034764420553411224,0.32366022223178126,-1.7311374809169777,-0.6720384962210029,3.0274458858544495,-0.7530587551554082,-0.37040403956868273,-0.3109773162010516,1,2.9133680306067666,0.5035620181544067,0.19066168483991702,0.13964801616840833,0.7831065761517151,-1.1234295714606342,1.5398595035286637,0.5355071377462902
0,0.1456625843139079,-0.5355614684960623,0.5652552987828947,-0.36755162854213325,1.364085219081027,-0.7448903107457021,-2.0941453816812903,-0.32876681287035714,-1.6238161146008263,-0.15169509861962494,1.8974292284450371,0.5762324873689713,1.2699239295726015,0.8199608758649483,0.038991819368645805,1.073177246928006,-0.07994402485433466,-0.5012812613040369,2,-0.49679542846403685,-0.4397790093072801,0.06647570662334035,0.014361335509173845,-0.2984110343126072,0.3147167687382971,-0.3360523227975414,0.8505781792857651
0,1.9818655344304736,-1.2104026626228046,0.09253772529561241,0.046564448177586454,1.102259730207066,0.9542146958012109,0.9458627554437882,1.5647100509655032,-1.4566814647189905,0.21337656769959992,-0.4806363661729902,-0.03492869701501825,-1.0071058482896973,-0.7800468756447088,-0.513315851537162,-0.6153430157905844,-0.5151981616061927,-0.05971782919467203,1,-0.3109736292249736,-4.005013897448817,1.1525746147896165,0.07418989954500005,0.8765985338809752,0.08284206850828121,1.8935927591588442,-0.5657676551428417
0,1.3066910351399157,-0.5155197518874055,-1.55420312146724,2.0145511773119376,-0.6409001241183568,-1.4055029686055596,0.6324647693751506,-0.3525895490803959,0.5638367568024628,-0.22891045759509793,-0.601524628141838,0.4620648368405722,-1.4793169424575963,-0.3992377561123519,0.4193041183026248,-0.22853177769208877,-0.579007880135027,-0.42745979670609413,2,-1.2680545288661333,-0.5777355564630567,-0.6994153281295761,-0.12045841851431716,0.5916364744144469,1.2264799502019428,0.9074923446329886,0.7165826088677176
0,-1.316954274570934,1.4997755421052907,2.1805898060279785,0.6036460890269483,-0.3514107400285348,-0.5110614512046971,0.6992481883499534,-0.2866023055983139,-0.6033261009505335,0.40859751236396014,0.0133795992211308,-0.09058885771572277,0.27426198689294623,-0.24561201891847273,-1.2565307335342597,-0.5110446736657691,1.5447232249599054,-0.4206479782547605,2,0.23984429412243286,-0.08969315732786443,0.6429886302019321,-0.006098737362142802,-0.38365840824577907,-0.1742381535780632,-0.6241050429775545,1.4226482767143054
0,0.9934926964244323,-0.7428247100098124,-0.48440880868608693,-1.24836235903522,1.1362624573112323,-1.3800609890526365,0.6656882038821671,0.2197636347321525,-1.6503482232835913,0.8523077870352916,0.039514825369842244,0.7352872329125333,-1.170394959279623,-0.35655011778959134,-0.29798362399804407,-0.7368369544947683,-0.4380035129095954,1.343157682201336,1,-1.2458608657587247,-0.1728621287252005,4.776058718237252,-0.03795888070269374,0.025136319434839405,0.3622413669046153,-0.06272213718737407,-0.960927806200231
0,0.551700489738224,-0.34599765398522175,-0.4545384955052301,0.7044349874704856,-0.7862498353928127,-0.4368085446768081,0.6604634602564681,0.18723212885026916,-0.4173403687444208,-0.10126957868836423,0.2661562366604624,-0.2052679031380597,-0.6343918222209688,0.33148936870911594,2.07676569298935,0.42028898946300575,0.12185465746545412,-0.27701257715262545,1,-0.45722083523553914,0.28025313291302856,-0.837083612328585,-0.025490674581106768,0.750019249065153,-0.1727227708439649,2.404197979359805,0.4971965778250716
0,-0.753164262434699,0.21306083501930906,2.065062375399905,0.8591788792060042,-0.5201327422972573,-0.3469198727171227,-1.854225716897679,0.5406525666751203,-0.49527658629800203,-0.589911808676917,-0.08699433334915371,-0.030029190822870144,0.8330287081818574,-0.19371060609787638,0.16102740906556684,1.6897277083714155,0.6397144502487075,-0.17303125749677745,2,0.08791990657678128,0.9067659522036463,1.486545155598717,-0.0851046292723909,-0.14166167004089314,-2.8224106060407386,-0.24601247990270084,-0.3494446380568078
0,-0.27962557543819355,0.6680630506842846,2.13624591070489,0.9461928471494678,0.3201428627603779,-0.6632098058175517,0.6832048788309613,0.004502749707182174,-0.4035106276362323,0.5364090947968245,0.6241692026814986,0.0006036119606803716,-0.4105061915793261,-0.16232222905946564,-0.29341486326067456,-1.0727862452371508,0.7271566725666109,-0.4426473086620612,2,-0.6229085450395772,-0.8431152652663031,0.1726626449214747,0.0625074145913452,0.09704896967331265,-0.8047989915541182,-0.19668759100714744,-0.4066770692296684
0,0.9614612540149675,0.5484605524934436,0.8706459721384172,2.1920846167022323,0.1630504457437123,-0.4714338848201648,0.8254345511227993,0.5961341076082206,-0.16619459387044572,-0.19119039303612978,0.18143168447871044,0.4127318097526069,-0.011016024250457723,0.9838344885509285,-0.1368709238860232,1.2122021688202707,1.814337333589272,-0.35555856389284507,2,-0.859319770988706,0.8293794499520327,0.3038558799977803,0.31674333452344694,-0.3064724595254402,0.6926059010823371,-0.16938088154070247,1.6445000705192319
0,0.12213128319706978,0.7140864871677652,0.8495884617893821,0.9356863492749922,4.182616607025954,0.03141921675666115,0.45839006488795153,-2.496348810619875,-1.1913691108036055,0.8771934861020709,-0.4193622022945728,0.6126656432248281,0.11713220394895399,0.2724379344069417,-1.5791388095900323,-0.0949296260755148,-0.5597420122938874,-0.40789667025988097,2,-0.5127971053723962,-1.5210888470075474,0.8957083569834521,-0.07221592699099877,-0.29284105444654446,0.34812921350321735,-0.5250322310740879,1.053645490569109
0,-0.9900457729116772,0.506638476463446,0.6102026959548592,-1.3425694826548735,-0.8988457664217151,-0.5843026915648228,-1.3576916081047274,-0.49994261219852554,-3.1020878731307615,0.06934823409324786,-0.7041188134910198,-0.2557327044450258,-0.04514845382006527,-0.16705841542891295,2.5442052688994057,-0.7719607779660075,2.7635920903806825,-0.56786372453311,2,0.40666506999559054,-0.560236373818113,0.7658023325129353,0.05382755126844011,-0.7996833529016233,-0.35343188780768897,-0.0425851180114897,0.8757321109928838
0,1.025745824073893,-0.40491911503263084,-0.5097421683282761,0.3205613175189348,-0.25681749347532573,-0.7833601103509722,0.8912918696801831,1.3928523331215794,0.5492332515518819,0.14085919576787415,-0.36055243724885866,0.1859574606291699,-0.8809607868474921,-0.0850958926649566,0.16583511908945903,0.6981426448795005,-0.65175997996054,0.5662265337283704,1,-1.066544660364868,-0.1796036793391529,-0.3694622847139229,-0.13858845242106,-0.6109959267946823,-0.34600588654805287,-1.21975314077183,0.35820428854258907
0,0.6109128134737355,0.4126531239655174,0.8264913701443853,0.3868215510474205,0.48112402157831075,-0.12762276120102622,0.8052325429569942,1.359877272992723,-1.4771711357053994,-0.13195004771223628,-0.030627226354429632,0.9430951961978462,-1.123256737012717,-0.4041596383338143,-0.7417709899855155,0.7331748270997289,-0.26906383294431496,-0.2357672192801911,1,-0.7354852907393159,-0.6205769311386589,0.15973450590227617,0.30215828996235455,0.007737234305646767,-0.22943134537099125,0.44170383935165947,0.3603683837245812
0,0.6147504475999416,0.3009824106664341,1.1344108624555809,-1.3172264371350073,0.31029213726958,-0.15682377739987974,0.8073274623172261,0.05463522793518971,-1.5422557932296108,0.30285947686136017,-0.05546892099529535,0.623558956899157,-0.33978751700085613,-0.2818757104536994,0.019098487027426295,0.5820545343672735,-0.37739733004024845,-0.1448250326922166,2,-0.028284501572906795,0.2781719354508627,0.3557556109150264,-0.08559052462460437,0.013207470652465358,-1.336488150868569,1.7522827438872886,0.665108936584787
0,-0.09870129792812637,0.6249915217181236,-1.1163439358536866,0.5420881440301032,-0.38825286062079045,-0.4725651657761195,-1.859178937236687,-0.5295551492995955,0.39728634254789164,0.16895875408951566,0.2437929911349176,0.3960412080779019,2.212846099923819,0.08254266949321076,-0.2740166459334809,-0.2849305456184077,0.04161586065494774,-0.49120520982974136,2,0.4063187911943588,0.5479204634853239,-0.4074884860888669,0.147337244186694,-0.7098621264925046,-0.5245341958764829,-0.993556619211618,-0.40039150426271486
0,0.9161085218281652,-0.19559704646592746,0.07928359710263005,1.639423735887831,-0.24383613246985922,-0.236108233581491,0.8294850530018194,-1.5674845659649106,-0.7877215514921885,-0.6096775612326403,-0.17173166558502095,-0.010851686162252072,-0.3913182510795536,-0.9648255325965456,-0.7464198814535714,-0.06646688757500341,-0.65175997996054,-0.2331082167768313,1,1.4489940221046813,0.1846228211729371,-0.11089790047353007,-0.08062694030549009,-0.1707235067489746,-0.016507879992541163,0.297173995809507,-0.34454220493530374
0,0.38722045088494284,-0.023877974741607466,0.9535128605617647,0.7434285475536302,-0.4228237523110532,-0.29346437432528943,0.695243924895696,-0.1873250990417148,0.47969329807361294,-0.4562996204272094,-0.4187498311823068,-0.176520416847535,-1.637168219116317,-0.8326684406199145,0.3342951015265996,-0.2741445403889776,0.055997993228630444,-0.44168207077217925,1,-1.6462836548733333,0.13230495351153407,-0.5546083679768162,0.21243920571568178,0.1767548488837677,-0.5830325853001235,2.1600155235770067,0.04346719795250614
0,0.23091566955993592,-0.5760822024115848,-2.0570312791841014,-0.5849728885447588,0.4944726757001751,2.897189982464858,0.8629668566646511,-0.8580898466340523,-2.018953812681068,0.3570317459938477,0.5241544268252426,-0.08151950012928633,0.06451775437807061,-0.10814373581872613,-1.0198186518580556,-0.37824143970783075,-0.4251724925541642,-0.23245611316162612,1,-0.4312945055654318,-0.5243352348568033,-0.33061395221243894,-0.06697295830286457,0.05272768412368878,-0.09622667106631859,4.043360381782904,0.0928366396929581
0,-0.029150077102703453,2.1985234060766383,1.4615982917142412,1.1273670832486316,-0.5615087580517139,-0.8070478263015963,0.3228126379304559,-0.2481575167677928,-2.0567505221568476,0.5259238343808595,-0.3036023861021726,0.6210082012624496,0.7786513839680602,-0.16983649165807937,0.9601362473092424,-0.5055350452924683,-0.43114436587696975,-0.06261353402003161,1,-0.9212467758661738,-0.6400306686163741,-0.30895899024734635,0.03650631371426022,-0.6773194345313696,0.8421590182659001,0.3000117687592987,0.484280852864325
0,-0.6961502701467768,0.703388455028815,-0.2962858590454432,-0.3475550875498305,0.05780123770588075,-0.4678475453174476,-2.338545035292039,1.4128363787333025,0.1187713108398103,-0.26996973907194033,-0.2668440514414659,0.7846455244696983,1.89943713007681,0.4634150801217256,1.8709339666042666,0.31247780557674953,-0.006390338410855428,-0.3415433284069737,1,0.058937527823069505,-0.7828859699367736,-0.6215031650773224,-0.10471058093819899,-0.5218919993195453,-0.2954781185165066,-0.4276790218424741,0.5593082384796363
1,1.5042260609274005,-2.931538700602365,-1.6975288874548649,-2.147114686574884,-0.8002812551603411,-0.37260870786451267,1.3803566262006244,0.6239246965549541,-0.6708242461372879,0.9258587764918672,-0.47840588740115403,2.3192291094803403,-0.2289348714896526,-0.3618998296332099,1.6609006999888853,0.6593282001154569,-0.4825030795412969,-0.3870728241668861,1,-1.87737378862638,-0.46113213586675894,-0.837083612328585,0.21612317440598625,-0.23650006895234482,-0.479192457786409,-0.5817324456209495,-0.5965669040728159
0,-0.13625134303283493,0.9070643732150223,1.4116573198213451,1.608689008304689,-0.4221814982636496,-0.8727062947443414,0.43366269516961625,0.05359271315526937,-2.382017404998938,0.028422633874106484,-0.459608817799833,0.47222220084876376,-0.06902164442254272,-0.012269897463219326,-0.7683693460946135,-1.99732169812994,0.9655489770489324,-0.6660590160175717,2,-0.4326624559114467,-0.6707494640025615,0.26048069273252794,-0.11882335484884901,-0.23416400960797007,-2.6670823769033807,-0.667786597607102,0.15952662871265744
0,-0.1310975455544401,-0.3053564386346522,0.7601810829257362,0.04242076295453351,-0.15753683772133045,-0.6498189497136502,0.7116388606851815,0.6726093137934712,-1.5653018845316744,0.04119731174689478,0.0825544364262269,1.0103305659750696,0.6103038199775797,0.9677440386260436,0.8724509159667179,-0.8098986554004668,0.07011779258634013,-0.48857106759242175,2,-0.6577192042068525,0.45242349036282214,-0.8077518988114503,-0.05117132322607952,-0.5100650981068205,-1.257968385194133,1.6438560836403417,0.8032691211179297
0,1.7079266204378338,-3.148775169441965,0.3613298034991281,-0.107974538665628,1.3230189931168574,-0.5580538681261058,0.7389816010707662,0.8252093134151828,-0.522154791210663,-0.04472552282409563,0.15439033427625948,0.5151884648065488,0.1380598731592806,0.7182664393239359,-0.14510526680925445,-0.4428453183815343,0.975389587162771,0.21173296678707362,2,-0.22784947139087539,0.4006086973036186,0.259976840506117,-0.011309240615932706,-0.576841988228628,-1.5735506397901182,-0.11955411882598499,-1.8852467523382974
0,0.6106841177507485,-0.7888965321962684,-0.9690072032314845,0.9522451122151159,-0.19737394482582446,0.039839432926801685,-0.08796593373275807,0.9398950436900821,1.7967713189822014,-0.9258787213927233,-0.521317378187395,-0.1046043775039121,-1.1178354087401194,-0.40566094229271077,1.2005861787673235,-0.6498568273149783,0.35412621386893206,-0.3166563456877408,1,-0.6274563061443778,-1.721325322792575,-0.686041470230253,-0.07773025684010398,0.5846546259406975,-0.8067574653008174,-0.4606215723195589,-0.42641195835397333
0,2.232258016746725,-2.154563718372245,-0.5657373091968938,-0.7329805415867214,0.8395606508068866,-0.17171715395572296,0.8216336282938668,-0.3520228536677732,-0.8533093251102375,0.9805775980907679,-0.018465380193208022,0.4139740039028135,-1.2116368564344095,0.1527955897634542,1.9928744283765354,-0.05944513225725856,-0.65175997996054,-0.39920673474916796,1,-0.4451730390065718,-2.0025216233686347,-0.837083612328585,-0.04731854066968145,0.7531643010276282,0.8091275623641081,0.31196561930092065,-1.9919764085488838
0,2.0488377282722463,-1.141376797980564,0.11924611617445813,-0.22740425176022794,4.279745701371169,-0.3718365257660965,0.7642639276427983,1.2922136376155215,-0.7026344395073384,0.5753471951420813,-0.32938052430259246,-0.1619619754355901,-1.5285969765439789,0.35353652731421836,0.8206885834744542,-0.08990558893435782,-0.6334458188847729,0.7390481763679209,1,-1.6505636596237465,-1.0042720775724732,-0.6198119970226816,0.0019862672673376797,-0.17318142502261072,0.26377803473859185,0.8335848817602143,-0.47554439807904864
0,1.26544149002336,-0.23468916523604544,-0.45921138069733647,2.5573205188644423,-0.06361127988226212,0.6722109889736494,0.7238306271224477,-0.28844555427607244,-0.2882916954526498,0.12419957565466125,-0.3696275891042575,0.1471181988951632,0.6716836481570391,-0.06347821651406643,1.545506693455668,-0.2700260997378213,-0.29035848224536154,-0.2089282230904001,1,-0.11942894301209103,-0.067087069470123,-0.837083612328585,-0.13858845242106,-0.05139124287875674,0.7415634896229927,0.052274860756910846,0.11714530723263891
0,-0.33890373010365427,0.18770310771073448,-0.7287049054460535,-0.6954206065447881,-0.09582863290536849,-0.6690553315624281,0.6847782680817058,-0.3563159870114175,-2.104598237054349,-0.2799036897927065,-0.015078748102872963,-0.37990699964696817,-1.78526162662461,-0.18968609978603493,-1.5607719967513944,-0.600255004642772,-0.37781797064013395,-0.3176905221579796,1,-0.6849387363819271,-0.1889653484843291,7.16843896496311,-0.13858845242106,1.631449066219,0.29840815818150324,0.6089667336232315,-0.31325912077780405
0,-0.4432670372544265,-0.13282277240975826,1.5336266126153426,2.1103369797965645,-0.07033362104182855,-0.07111300180401758,0.4082866385716266,-1.1496639787964555,0.4435950296376921,0.9885769160283865,-0.19825759248936842,0.7762591910972501,1.9789532529582026,0.4548007816360309,0.6867173000062798,2.3864099379562136,-0.18408499648418575,-0.22771245199401996,1,-0.3739479993977436,-0.6844418662296533,-0.6011585206849122,0.046820681645129744,0.05413427970737944,0.056725327112946144,0.14251679749773047,-0.060297410493260206
0,1.0473497019529572,0.9561544088004926,1.2220296750326098,0.7865352515875642,-0.31965772781255203,-0.9405778806302478,0.7598659686219167,-0.6122674720723382,-1.497692076812996,-0.04833188606754946,-0.3310611057392563,0.5473929268115858,-1.4115238309721985,-0.45570535623020436,0.08595507332535779,0.8309949108434942,-0.3282724159296656,-0.5996198825054635,1,-0.7507731594861737,0.041753848252100045,-0.38146793637863585,-0.0052481920018414285,-0.05337678036409943,0.3624977679449173,-0.02818720958251314,0.348374263896438
0,1.029020935396278,0.2778582131751882,0.7379854512845208,2.078451371465163,-0.4452453795137136,-0.22854703959765377,0.8709861750369678,-0.24474740781026272,0.07183043688103063,-0.4137214457709637,-0.8501826482042066,1.1117756861802508,0.9816671636524379,0.5900311312217233,-0.6392108578387947,-0.8770504805545822,-0.596857409610947,-0.091267227391295,2,-0.8379808937199387,-0.1314236209615418,-0.837083612328585,0.0043593291857395855,0.39447696159546125,-0.11181611166083577,0.15716487286009242,0.0951573658740506
0,0.5710659423947265,-0.7267040969712641,-0.2048114440590867,1.2916683750627986,-0.4682744448180958,-0.4837964200973416,0.550910186067405,-0.38642784116720164,0.24961700878357707,0.3361102126769947,0.9798589392261869,0.7499729617839981,-1.261349518723884,-0.43995335940188574,-1.163897068857778,-0.6964563289768647,-0.024904583420939694,-0.28763787873157276,1,0.5113699770474984,-2.2488230920445638,2.6873145410183463,-0.04128366034034936,0.3426715438752609,-0.7361688871363485,0.13223150020603805,0.9930305237142525
0,-1.5244394821633906,0.9714019768296724,0.9428369762917952,1.2103000506139268,-0.2835785695881448,-0.18311902781257977,-1.1442525994204962,-1.3102540223238635,-0.5813622852862284,-0.29253406220611494,-0.5644005219148585,0.4279621690884675,0.40729462337432454,-0.7423996347436981,-1.0614241121496464,-0.1277238042090495,1.1616079577467395,-0.006579720781241236,1,0.20044249779728462,1.6020672458250336,0.16011303338896765,-0.017773221798486998,0.22693882759915562,-0.31013098341765444,-0.21984323141520293,0.16272399472387325
0,0.5031929557518476,0.008488369703223198,0.8090410431425703,1.414405043214926,0.08152185729156974,-0.3987117145718231,-2.1880119796214714,-0.04050960853230112,-0.4055477828502566,-0.7069291773398536,-0.7429593248926205,0.15837195871474002,0.004979813007998143,0.031188889145073145,-0.33152012545641824,0.7890131747342165,-0.38581518749084653,-0.17952582131565165,2,0.4084268138656848,-0.3375145667828422,-0.3960735771659722,-0.008180754248446678,0.8922683216209315,0.4004999169166992,0.2899209448221037,0.29938343859032207
0,0.1688784681992651,-0.09458459002407121,0.5264329949902137,1.6060009531405122,-0.5135666618192487,-0.73411818574041,0.8350352068705481,1.6709849398547523,0.9383411762452909,-0.1387984634377502,-0.3661934961046737,0.23220622944463587,-0.7022836728503512,-1.1612451953426928,1.2666696452991237,1.277430772304934,-0.359275384493142,-0.5979184907789017,1,-0.43949906198753513,-0.6492391003370744,-0.7238749637305029,-0.06648665791392057,-0.036170479259478194,0.5391167274704937,0.19168400818160472,-0.6336642543949369
0,2.24867707487614,0.21233838392195856,0.8039689645417768,1.7444156597284624,-0.086588195723929,-0.7674405217933735,0.9715034850346996,0.8513471904513557,-1.2793958137679478,1.6603218746423345,-0.4554885161774632,0.6663052671089937,-1.537654216279657,-0.5043400535390178,0.1794833061961285,0.7092450910614279,-0.65175997996054,-0.19587165529722259,1,0.20199766154480686,-0.13642136871640798,-0.6974879392337283,0.09983773620682584,0.8948012466129129,0.017355605153851095,-0.146260365565973,0.47923433798473647
0,1.5148479115893712,0.43695436042355973,-0.400223746278011,-1.2702211555844134,-0.9152099703766624,-0.7223198043643608,0.6335883247448705,0.8089843125425442,-1.2543394502711342,-0.7030086778735161,-1.00912677275122,-0.3083336462934425,-0.8349333214765424,-0.38187394696139176,-0.375993918829276,-0.9637381392670911,-0.65175997996054,0.13048104046385708,1,-0.5245375207861401,-0.040382556719476326,0.6172040753111112,-0.13858845242106,1.9779148798788126,0.7079765205515522,1.713015883158603,-0.23774892727942953
0,-1.0668219798012128,0.5748992992835326,1.6538440056087302,2.015959222141335,0.6585081132588887,-0.41254168751412357,0.786021696356838,-0.8229030696541249,-0.374478567839252,0.44751664515056644,0.0759905176789234,-0.08220272357580136,-0.3696213239166919,-0.05788336779323844,1.7635180276869453,-0.21253952226478884,0.9909931019354115,-0.4991880461185486,2,0.3192917910048161,-0.7370852287150766,-0.7876897685737687,-0.11075124494340693,-0.06030802202058316,0.5623476100394924,-0.8741064275541973,-1.3955874655565434
0,-0.0842966593250622,1.0954247872677894,0.01670347165136188,-0.19727222128216404,-0.39583945620955774,-0.3602590091202612,-1.1035512925605186,0.7454431852277328,-1.6080775895105288,0.054786203424110586,-0.29954352430090975,0.4239159556589545,0.1845334730749374,0.8186145978012853,-0.07114557027993862,-0.11704665940319003,1.414297902130972,1.9360878619043351,2,0.4111020261421741,-1.1285380401048508,1.9283876340754826,-0.017897276954610138,-0.5922776365801714,-0.15351632919008995,-0.37220947511795643,-1.480924424784145
0,-1.2535523727159212,0.15339676415056125,2.86623091593078,0.14839545024395728,-0.6021019838508428,0.02182048267084133,-0.8341307199020199,1.0633290995155498,1.706044052500976,0.41199232502962724,-0.7365514973539298,0.4308394578169162,-0.11168365930120638,-0.5809151336593079,2.917204089241607,-1.4590290131367225,1.5283814375255194,-0.36859496932874103,2,-0.24132431791145345,0.6391280343001983,0.6908585533920741,0.035600974348436135,-0.7587525393633145,-0.3690014348455193,-0.8157655097870341,0.6300636244270523
0,1.226213172292852,-2.2641499098830624,0.010522306867337794,-0.7378087547730187,-0.3465100370061055,-0.5684033545510324,-1.1298611649134225,-0.22466075053058554,0.00985616166708847,0.3642935890529944,0.3935235034974736,-0.7023862274470195,-1.2531372135557042,0.14866118003993672,-0.2145498685406616,-0.11677106889485961,-0.1162090481395626,1.2132348072422103,1,-0.15012208125850135,0.5654826707129862,0.10501183197273464,-0.11968127960240524,0.11549829850184812,-1.211471633560183,-0.4931912683219918,1.4849092296499102
0,-1.1061994427577873,0.8823116699285094,0.3872798679429161,1.225268671672285,-0.5391380290738387,-0.20328171139720227,-1.8549629400177663,-0.06339469275649035,-0.555156556706957,-0.9643408709035196,-0.5199519256125973,0.05250765513800282,1.6090420434156725,-0.3969825392555511,0.8004250108424983,-1.4120498158028847,0.18352969801763125,-0.24638616122629073,2,0.041616645319348056,-0.682156119634298,0.8923522998266531,-0.07888209997226467,-0.9539275375147807,0.18340465037514156,-1.21975314077183,-0.8692082567713149
0,2.112562374960787,-0.9729351336710401,-0.5374853361433714,-0.011693257255226852,0.04510620532092441,-0.4323385327629443,0.5805352052063293,-0.4302445903390004,-1.48182303514898,0.753436341334744,0.03502639784162276,0.7073131259143661,-1.78526162662461,1.6358788403358304,-0.8239689340724582,-0.23734296218232465,-0.3856481859283143,-0.21489037111174752,1,-1.1122682329968012,0.37324953719924586,-0.6606921241711528,-0.13858845242106,0.8066909092623159,-0.1397652184978188,0.3154495650873168,2.9541565679653807
0,-1.266090034543902,-1.5436529129875964,1.2710468180199717,-0.9726539676761086,0.2256537830494021,-0.3507764764264054,-0.8525686129785675,-2.1889251576779705,-0.7548919026533139,-0.7524186431803355,0.1982440141670544,0.05479521378613472,-0.1562878300734487,0.19135067970665032,-0.5294456882461127,-1.065698114346102,0.1959012395332896,0.12716647131492753,2,-0.6679051123203955,-0.27488578180868095,-0.6963253973108471,-0.13858845242106,-1.09095311408826,-2.8560319118969355,-1.1105322309377166,-1.0866680147703858
0,1.2568154582022968,-1.5705141954520254,0.23210798109409272,-2.593187087466265,0.1527689487386547,0.316883814436874,0.6256308633251967,1.1808981811831656,-2.277224921122459,0.9074571201853745,-0.019430590458267616,0.03927604063474044,-1.2055380414456671,1.6348962438427674,2.480605394674418,-1.9113460413758838,-0.6247986762790602,0.2847644989819737,1,0.35550093034689634,-0.48056693328591055,0.29063157665185274,-0.02667812519409559,0.7130821462972543,1.4233509065776886,-0.060974040048693334,0.3134856027872913
0,-1.4861259144694317,0.9366156591297914,-0.9147041295070095,0.19602730166250207,-0.7196514087933781,-0.7389665561535874,-2.0980368026702347,0.1800352565792298,-1.0860076738455395,-0.0819142853694983,-0.028101614605328284,0.41507721563752575,0.5724209528286888,0.7302739045610522,-0.17814493508469653,-0.38793525718397937,-0.29712398653283423,-0.10760995133193982,2,-0.30475713658398873,-0.4534830295384422,-0.7016495721291702,0.06833676438167878,0.22873702111956312,-0.7887665939394882,1.7076558591199649,1.4350203099242886
0,-1.2102518587167101,1.0142091904226769,-0.16129086433745357,-0.08670404891218636,-0.23676619897126647,-0.1741053413018941,0.6218185142404739,0.9488542029340515,-1.1019469513465832,0.2368585072312112,0.40100715087186034,-0.45324115936247994,0.2753736118153746,-0.254245753924644,-0.33137093112661486,0.17187322670480448,1.2916566940539136,-0.1583425822240258,1,-0.6444841340671936,-0.2051379850009758,0.8622439474214773,0.053056525889212086,0.6745443072895224,-0.2763358388179718,0.5403153921852296,-0.8255140146299372
0,0.46648160415764517,-0.9648972563970195,-2.6920813118556333,0.11978580756544333,2.0726024164221872,0.8392761750443033,0.5582575506703832,0.5861095154404569,-0.9651860456333297,0.7410800264247179,1.7731972465130905,1.0102581663950874,-0.06731423895921557,0.35341824324728655,0.39644261267343456,-0.6047983387625991,-0.2769483423888141,-0.018732856141133805,1,0.4059777447045097,-0.990965093713835,0.3115880895944814,0.23602520536790197,0.18947590213396345,-0.16205795604542583,0.6452927143389302,3.014022346719565
0,0.49988465152616324,-0.6729161738208249,-0.3964553163110889,-0.5820733115300156,-0.7859412396697991,-0.13094903263829266,-2.119010606297354,-1.1190342140932457,-0.4780999741916667,0.27531804937541193,-0.6225305909963227,0.7541650011044313,-0.1584070976451878,0.07470762123240893,2.233432159416302,0.09620483097664478,0.795590090395777,-0.06022579642535514,1,-0.7837503534631086,-0.612642168861263,0.4215356303026729,0.07742886436248103,0.182945571969888,-0.17673298763396578,0.07104428540929464,1.0125798480665709
0,1.0227351714658346,1.6262558348283493,0.6387035834489847,1.08335434354251,-0.8554622764601283,-0.6403267419201432,0.6659706510507629,3.730144210696176,0.11066251569340146,0.09306946492213974,0.1503989893077166,0.3435509368570275,-0.5988279636887321,-0.29418176203921537,0.6159255308238966,0.646382383420142,0.7600896512635633,0.5026013520229622,2,0.5704341892391397,-0.7132909474246638,-0.16714455759668737,0.04254179135070771,0.14226497497642787,-0.7229998876031407,1.149797479881163,0.454445846770721
0,1.716708597466989,-3.8217061268034698,-3.42590343408571,-2.0857383402523175,-0.12864709966611887,-1.1078173491316248,0.41586989893072135,1.6449552036132942,-0.6559972661254423,0.7778728974168465,-0.6403588729206149,0.46744320114593757,-1.78526162662461,-0.41305397875098226,2.9033362033674157,-1.2312410834534864,-0.65175997996054,-0.2675015967482705,1,-0.4478957310497668,-0.020641638180300598,-0.837083612328585,-0.09266682641323877,0.2630821320074947,0.2723683774209186,1.4476618184897265,-1.2994676941330507
0,2.0714929426827333,-1.0248854181485285,0.19186306358750307,0.2611693805951013,1.8379881531891187,0.1879257404382293,1.1962528051959664,2.031506130556773,-1.3341860288765661,0.3794413861654461,-0.6741969306856941,0.40236658028966,-1.4248902717501748,-1.111813257264147,0.8627355818145197,-0.6305430371090874,-0.65175997996054,0.09565325108313144,1,-0.6980830797819858,-0.2821343107352693,-0.6052574101471786,0.03749941314793245,0.225573745929987,-1.743947177901677,1.291970257111429,-0.4470402337275743
0,0.7539670920592842,0.8860076417002856,0.637859941809408,1.2219239948421003,-0.23420709839344309,-0.9705913742831889,0.677637554720603,-0.39497960593093495,-0.4270517384272882,0.19128382255838658,-0.33294865665270784,0.062481201292906074,-0.6477785465082806,-0.05116381549416971,2.0345976193461626,-0.31804457578138806,-0.65175997996054,-0.4530152315055598,1,0.21002678087075924,0.5203489495322373,-0.04503568617216813,0.03224656295980784,0.6860141412867141,-0.2552578069948652,0.9847983833943601,0.2946921622202572
0,0.028466144789658476,-0.37486760774277983,-1.3052417593443366,2.0455458675444063,-0.45331309046996826,-0.362492724569364,-1.4007400941007209,0.29685971230303443,0.35218010738825345,-0.6262080808458768,-0.7945015636949893,0.22646164299886135,0.06912754581969835,-0.8223980581836957,2.9143115807133446,0.596743938610958,-0.13340101982201663,-0.18415716380612854,1,-0.15297985176839354,-0.020575777061888623,0.24237666062704039,0.00014668536774672947,-0.8497124560013601,-2.6616924539709794,-0.6485653562506075,-0.3589136847246003
0,0.7197870030137976,-1.7670342217179276,1.1865026620794237,1.1494502995884586,-0.3678906010422556,-0.0943520675401753,0.833534981804739,1.860333916294249,-2.1550036240216404,-0.5662058435262408,-0.22893443114663153,-0.059112774169703286,-0.1786518519956813,-0.42822360162143536,0.19904172082643024,0.2130479567635416,-0.65175997996054,-0.47584902242039917,1,0.44843290073746067,0.2626934767968123,1.5812768785863598,-0.13858845242106,1.103353741458186,-0.1857090095264214,0.7400572512809261,-0.4171954837873663
0,-0.2845555619874367,0.3107902203250285,1.0650273704301092,1.2630961031249743,-0.378654128901764,-1.0395218521635625,0.7773013273782443,3.9862710611818053,-0.5439236479352603,-0.012522504106386334,-0.5469222557475825,-0.10248889404783458,-0.17332557837527374,-0.017384943695999522,0.5589745087459588,0.0563180694274118,-0.06298178914869518,-0.4261809374671267,1,-0.6422661103232056,-0.8097406910509484,0.4880328582346411,0.057182736322320446,0.22773078542245306,-0.3916109673139466,1.0393560046520738,0.18097687926311382
0,0.7376092858555513,-0.053878184542018884,-0.5341241086554562,-0.290284203353417,5.4599421741885985,-1.0795559865025384,1.0653284035131034,-0.34109322147239013,-1.9369650123719535,0.6928290102340262,0.4199047837233916,0.025334500563411307,-1.569481572506748,0.163232760598215,-0.7523365129588798,-3.8546436245524336,-0.46420563062199194,-0.48643939165719485,1,-0.3511974101554396,-0.7855118022144064,2.2771450767757617,-0.027684634301769484,0.11726730873259994,0.9673222137143873,0.2948542545375694,2.397547910472964
0,-0.1978767534494695,-1.5155127949510034,0.9877254776759297,0.780967428163053,0.026249374247909137,-0.5108011392102155,-1.4210756856817013,1.2002752013066509,-1.94710116047681,-0.5724060320734209,-0.6482780131467711,-0.1531100306029911,-0.1393712001078395,-0.16931164119215528,1.6380582832728536,-1.4193304734340093,-0.07886433108347196,-0.34926246025195967,1,-0.4722670566780405,-0.2318570627358031,0.4801263875345098,0.0483920659421196,-0.37534329412086664,0.1140680191590207,-0.3917929397368395,0.7891570767853774
0,1.254708497025136,-0.4879569373728078,-1.1019481436437155,0.27416566934945896,0.1346998193075004,0.17344996817390385,0.8472214585524156,0.8938920021766185,-2.314154023124208,-0.12179381239583925,0.14904697550454143,-0.022932194046850873,-0.9824114286293483,-0.07000233988974391,1.9493997225238182,0.1655169637226085,-0.20148376034787818,-0.19046502940152693,1,-0.9985628145148382,0.2735895782645699,-0.635007306001556,0.048196433530286326,0.1116950961214291,0.4396092275806818,0.16659334371855086,-1.2258644065453281
0,0.915179536828076,-0.15833318163039262,-0.2740259461312166,0.3738001126463548,0.44334148774290655,-0.9926388454241375,0.6298492236023594,0.5296734560884978,-2.148726170579563,0.6055031780292489,0.39306042180780026,0.5701583480084347,-0.9003862699502598,-0.3178062251608803,-0.5547389208376683,0.786756071494636,-0.65175997996054,-0.3020943584450894,1,-0.9009012732042646,-1.0554112056933418,-0.7349947973135388,-0.0708285084784067,0.24196978905065325,0.47259937348030123,2.8885633364352503,-0.2180305018238718
0,1.977378955749442,-0.13305408497618076,-0.7971109624360608,1.230055329213498,-0.30988778379259513,0.8172529505253916,0.8838298331717741,1.8597100636680142,-1.9243954793173352,-0.15641760533662108,-0.7051663458779613,0.6118720565193096,-0.471586706229371,-0.10930525001230683,0.3570786468790157,-0.4419254849472314,0.028596471536397633,0.2805182587238141,1,-1.0167297014897447,-1.2979253420049053,-0.7491966402751401,0.05916050536271074,0.23620833915286177,-0.27375436715327284,3.2871906080108237,2.2399746272551573
0,0.6701460032798764,0.37244750180318087,-1.0869777051935139,0.6734664507192714,-0.5089397176590957,1.183718267658405,0.7443462623427574,1.0086234256904811,-2.0031709029097833,1.6982726427719932,-0.545139900236861,0.5729364355331003,-0.4003367414533986,0.11962233607256768,-1.6118395896747995,-2.9477038026181486,-0.65175997996054,0.5482897120108702,1,-0.2878675711381149,0.2250095076460169,-0.837083612328585,-0.021480070491070626,0.646698637070243,-0.5598251705064224,1.8678069408010107,1.9172536683401713
0,0.6818123338143837,-1.1178829748542978,-2.7438555519254115,-1.1925649343301377,0.6268925898501324,0.024470844099332312,0.41549138657455464,-0.14842869401149994,0.03210737661982899,-0.451423175445578,-0.6014978996068132,-0.16436913720541002,0.061821654560850536,0.7035158494943705,0.14039288416344275,-2.383165137789094,-0.3645403662486131,0.017535686158929475,1,0.6409532742348044,0.15900886252737947,-0.837083612328585,0.038496873055156824,0.7151990730591463,-1.9639175259953254,-0.1167972361586409,0.32640682214040073
0,0.948424380358138,-0.1940598151223913,0.6982140026729612,0.9113967486567055,-0.40502439438686216,-1.0738836635432778,0.9388321167767768,-0.4748991152412954,-0.18965171972029682,0.035211412118711094,-0.9391422631868686,0.9516538943745998,-1.78526162662461,-0.6110511573441858,-1.082520888069085,-0.7837286308570255,1.2977203243331332,-0.439015386514138,1,-0.5053792375087225,0.9968277888240777,-0.11881805746019986,0.020303230674771786,0.9195029546776364,-0.38272557718268685,1.1693583656774618,0.3632979807640784
0,0.10369370836193889,0.5904699996241076,0.40182716532907203,0.588053795273103,-0.8001332079933375,-0.5657833165247089,0.508341017695296,0.6037616965491315,0.26086078418418335,-0.5997500015141567,-0.35028263116651365,0.5099071316104506,0.026890849498771296,0.10542201997861683,-0.5657930768400217,1.041636284132093,-0.39785044639159556,-0.12949859184344997,2,0.5223377090144026,-1.0172176181043608,-0.44265499406442954,0.1385982263127532,-0.27482290451033625,-0.9001240583878449,-0.07286720380715522,0.24993044911796342
0,-0.3598593437631307,-0.2875516935860969,1.1763445749423955,-0.21117389529082334,-0.8642509475633534,-0.6105118217870258,-1.6209874471628516,1.0244448369284287,-0.6070430514586096,0.17007414250175779,-0.9825065162588067,0.587155239230591,-0.3068647148685163,0.29906973470430387,2.236211400412798,1.3016370020858077,0.02118023380436826,1.7792167462002637,1,-0.19298739925991684,1.3227832526620702,-0.8204798662761725,0.20057172888287,-0.02224496241159457,0.04955773800327096,0.2089121427860692,-0.2188023903882509
0,1.3907517511485326,-0.026634648674814798,0.772299949975191,1.1134428043208033,1.194793153256702,0.2087559564391735,0.5027778417742507,-0.4639743936685372,-1.2155231972600558,2.371663561844559,-0.09014474381692865,-0.5818633118823635,-1.543002760726652,0.42614384158969343,-0.9099815864459223,0.37070264193489477,2.9588776730705693,-0.4596879958051132,1,0.27253691391421,1.8914124940779131,0.4604327978532928,0.04254991107141508,-0.2576178770619035,0.14461045239682993,-0.09064514576627858,-1.645915331651603
0,1.4465195411895415,-1.2372185409940735,0.205349431480595,-0.7580207402221312,-0.2344560534873475,-0.2663477306424472,0.7321571120805456,-1.097229976157747,-0.18404804984760986,0.23611201289253417,-0.08878046472565396,-0.4746485913623432,-0.7993115184786102,-0.30861135274440277,-0.1211660994868915,0.14105154341075443,-0.65175997996054,-0.19449479521837904,1,-0.14643222750579848,-1.7094629435530975,0.493496462193211,-0.13858845242106,0.6087968626420509,-0.3519804440495917,0.24435817309668573,0.5160263212436595
0,0.0920191928808024,-1.2834601471686844,1.0415279416489451,1.7178288023278394,-0.029051272214804413,-0.35098051982964196,0.9084443068982917,0.5515855265828264,0.4516999497640139,-0.008063417507250231,-0.4942943182605212,-0.061880633550196795,-1.0289140790591729,0.6774306370819152,2.6027255982676443,0.19656579349839887,-0.6245444476683447,-0.4502097179714608,1,-0.9652791092657356,0.7464317368324543,-0.4768413436570219,-0.07753099617260444,-0.02428927590360963,0.21253398300520265,0.49911026686366244,-1.1166936701587218
0,-0.8593557998663883,0.3004023538123432,-0.8375171685506135,-0.7118543458747294,0.03396710365997258,-1.2098901608508807,0.6713718183581695,-1.6333988821030108,-2.510375122516493,1.408397176456915,-0.23310228913994502,0.4123723005276398,-1.2037304033707492,-0.42709949305739625,-0.07822733508920443,-1.2290410995515608,0.04562990373083436,-0.13872580549292396,1,-0.6593764317917596,-0.04853155871740128,-0.7614259929255488,-0.09763869341705748,0.5621903943303399,-0.5174916322792383,-0.48332494768557066,-0.24837354847686288
0,0.6014833405915417,1.0819246556541338,-1.0322837275352692,-2.3527751338107583,1.2012257782888986,1.9406103109156667,0.6031736420055451,1.2799626821620378,-4.558211790900771,0.6219521933626135,0.45497784929694574,0.17750378468595085,0.4125540680150934,1.0856600476380898,-0.5113151827934164,-0.3179340223445529,-0.65175997996054,-0.3112447159227054,1,0.21640739023370606,-0.7089649339539195,1.2429432969340897,0.005602726317674146,0.18169195377824654,0.6539564311427738,0.7715706560758014,0.2098719259183197
0,0.12264988409474725,0.9138890842699543,0.8665623450522391,0.7576335324240272,-0.3362323395823382,-0.6838844183911164,-0.2947897416872155,-1.337808249013853,0.3150919927767464,-0.3315188548919562,-0.5368552625604222,0.2285181061746474,2.4803526463711805,-0.9149588172689017,2.0161880797564216,-0.02746860007477292,0.26256316159544785,-0.5152727589086387,2,-0.4014595989218991,-0.28372374079759366,0.3412214465081456,-0.13858845242106,-1.09095311408826,-0.3751736527706475,-1.21975314077183,-0.6794943139248237
0,-0.1851168385638383,0.37887385661450185,0.5593299865986994,0.7346350971020448,-0.21357667796657867,-1.045282799007952,0.958902123475226,1.149428678708831,-0.14123672658670738,0.1655144501689162,0.08496012823549609,0.09249902220894606,-1.342464653472394,-0.012676739496572331,0.40795699121956697,-0.9169229146589093,-0.30088224124081153,-0.12695835070666975,1,-0.09987014924517822,0.3550701635532293,-0.5505233718123917,0.39558947302322467,-0.14818788784680087,0.17586266797037853,1.550567188323551,2.437579125841866
0,0.5978234063079098,-2.931168417746308,-1.5678526321460509,1.399185303895293,0.024142565551538542,3.0991867051823405,-0.3801082001859475,-1.6592659498250901,-0.2918464205453218,-0.01040605793202809,0.31386457566683246,-0.12117424124037679,-1.2254864409368529,0.09667987606546563,-0.5372432906760507,1.054357092595151,-0.1350139727840452,2.013379256100411,1,0.4375662789701423,-0.17791295959510314,-0.07500971889447589,-0.08598105281287438,0.17140568745996887,-0.6397489304788767,-1.21975314077183,0.8477220159718468
0,-0.16794577469253702,-0.5624077710608779,-0.2315277549651496,0.8375765792636551,-0.0683301550605394,-0.21728014683162367,0.7462935145942853,-0.9592645816694535,1.3275283406662415,-0.20597010604714353,-0.6745671115635159,-0.3407967101101447,-1.2908108584743905,-1.2494687473324402,-0.10429958109130796,0.47118386935671436,-0.006295080273173381,0.43225901244229725,1,-1.342955616939317,-0.16608579648661823,-0.6399463341079636,0.0031532326930407417,0.590421489109211,-0.38053847047385103,1.0835402361701054,-0.004390354824057807
0,-1.0284939627845429,0.3078581954666414,-0.4417153561170785,0.3238651750014928,-1.0362511698451151,-1.2874978027203485,-2.5138113584580566,0.07954038865554763,-0.6192989882190822,-0.6609683172552256,-0.3070111566213069,0.12234792691220514,0.17752039020929178,-0.6113535730481776,0.4390924289863962,-1.357112488650067,0.482743256369291,-0.5206172632705005,2,-0.04514544230980544,0.14631201229620772,-0.11787398091373694,0.0007698913359598727,0.48443307978475525,-1.2405418089255427,0.4387009069917056,0.5060499479012428
0,0.29240971721048126,0.07314137617046856,-0.41712371452383945,1.0186927621565616,-0.6369074320098327,-0.46987316352086533,1.0228587740513904,-0.15173098574611832,-1.8666520649047746,0.16498038052290695,0.583539147489257,-0.6028673807624418,-0.13815724717625139,-1.099308216562365,2.525404143864861,-0.14368176276138944,-0.65175997996054,-0.009943494918608464,1,-0.3686261892151098,0.1692342164588104,-0.8003530281836747,-0.00023558070409032683,-0.6583838399132304,-0.29629223673965177,-0.10554113828898123,0.05030309733092708
0,1.4550266357867558,-0.263685346895725,0.7317241776719083,1.7549344511242737,-0.1231551291635028,-1.0978919984969857,0.8236688066747503,0.6165378925560449,-0.6650913582262463,0.8763048882902814,0.25137406047722943,0.3385551354094252,-1.6819329095466398,0.128165749068878,-0.6912703941095886,0.28122643334479974,0.3871611610955183,-0.5732999214926637,1,-0.4893701540384357,-3.124009400212735e-05,-0.7732542414381338,-0.02864670654583668,1.0355027356515214,-1.2703311116145266,0.15793484717401565,-0.7032731482947296
0,-1.1370952641757883,0.3583353898080495,0.6334861962658197,1.557670897295639,-0.6191476760409871,-0.6893998804636662,-1.5248066266289044,0.5669010018789163,0.9163253031682657,-1.215630651584594,-0.8640279532072525,0.3979147573045755,-0.48432873568490376,-0.5718331910608702,0.5539741396815439,-1.2139907997176729,1.3964651058103308,-0.20744896360254783,2,-1.2635994823128176,-2.2435546836427163,0.4045472548311817,0.19253785930838085,-0.6230549094380478,0.10166746457033571,-0.9724943921232799,-0.1490462130532707
0,0.13404899657520236,0.5294038349405847,0.7551540034283357,0.4594750496426022,-0.23125854028936543,-0.16095019236809405,0.8235926140030371,0.4720053252862304,1.2868682697345928,-0.2944179621688836,-0.3408532238151283,-0.06981580392277564,0.48602772097438557,-0.7304708239654643,-0.13530344777188014,-0.7521842613071856,-0.34780677890068157,-0.13075696940160986,2,-0.22566726434404058,-0.1169228554572729,1.1448947380089465,0.019873341143602688,-0.10887484388022761,-2.2848628098258663,-0.09682346102332182,0.24879914539901482
0,0.3979646952615401,-2.0705514606373243,1.0021054221239103,0.06819659842457737,-0.2871204959222943,-0.6500984110109631,1.097582854499564,0.329357565716566,-2.4776698748343184,0.09530142872272715,-0.14616966497323214,0.17344460271958978,-1.4267433436794565,-0.0755029889027489,-0.6124166896178724,0.397059674695649,-0.4244775288422624,-0.018781391979560084,1,-0.6630238590342017,0.07172374108513901,-0.837083612328585,-0.008660502916621106,0.8625971742430656,-1.0419435545057638,1.7988069509450857,1.0886568307279127
0,-0.4295302639759227,-0.07852971860291938,0.10674510318050456,-1.955781286079095,-0.339801056733761,-0.9226868582778951,0.6418793076385364,0.937930753243335,0.5654380077276429,0.34767880354496944,-0.4981097158611384,0.18540459725514064,1.3858665587015941,-0.8337657544778017,-0.29520412896916537,-0.07138913463729563,-0.3219769171744285,-0.0405687918578823,2,-0.7412998320158422,-0.17416489573612515,0.8819718550422355,-0.09153592905375044,0.20800428716726235,-0.4645864978267641,-1.0128704139043556,-0.9220440967169821
0,-1.8294984112950132,0.13692806543550373,1.9348418494003359,0.563977434410489,-0.15594204642991677,0.1590867950396141,0.8121767529314801,0.9435594148603591,-0.6717246165102755,0.28025251089272296,1.8176101154602773,-1.4253791692003603,1.4310507120463316,1.5766707256934982,2.2105075208216602,0.7191364595980527,1.0420622528443364,-0.45522398661536756,2,-0.6955853630856037,-2.0661755879700845,-0.716833048836145,-0.015836589301041322,-0.8401455430066218,1.1344826726104544,-1.21975314077183,-0.3696329777886967
0,0.5942839385783599,0.9652871274556687,0.19222583140665728,-0.9453692078354042,-0.24005902450280378,-0.8548937917545548,0.6825768888150938,1.528005485155851,-2.2748343548166634,0.35142655322881333,-0.4533624345394597,1.018757676961567,1.036013655488107,-0.8227549150761716,0.8152446425547246,-0.5280378733600735,1.7866416009023824,-0.46180828602759355,2,-0.6953334939656678,-2.0443947336236823,0.6788351317312424,0.03128206769077736,-0.6776893865003686,-1.6834514801951692,0.4625886560457828,0.7340390246443709
0,0.5117652223492675,-0.3673066565513803,-1.0985030435262844,0.4274858951898308,-0.25389829854115453,-0.08818419729395889,-0.4300537091801026,0.900222369070712,0.420405799555555,0.732997196568896,0.21600870745267436,0.020071847964469924,1.0188008559790955,0.9344238059828833,2.947431991673798,0.030742943932707156,-0.43668507366484505,0.17568569377966706,2,-0.9629746049550472,-0.6112277779347559,-0.8181830608214536,-0.07642589933641601,0.0883788211205419,-0.3939835807784624,-0.34147261126910844,0.6948510973802329
0,1.254906584535286,-1.222730190473731,0.8723970572191502,1.2444887430818952,-0.7337715898600523,-0.7478479151599775,-1.850072967447573,2.901860176858021,0.28010460136008497,1.0896789631265182,-0.07148359903023768,2.7033752112994796,-0.19039251774568777,0.849331065269805,0.8017738907028951,1.3354242178459204,0.9315577602070648,-0.18046537906944532,1,1.0892886609164134,-0.9273626102863962,0.19353497285898888,0.05008117669631805,-0.5466873347027916,-1.22014395694442,0.5785904071886542,0.5112051909064808
0,0.5904107064286378,0.748651395718793,1.4522422418103251,0.7066747994392889,-0.19040352429745194,-1.3298427609622063,-2.4132168696496747,-0.6067011028329325,0.33518253266841,-0.2820100570075918,-0.39502039009492995,0.4736559752730864,-0.8357308744208232,0.06441701729023674,0.03988808284224732,-1.1750199493770377,-0.036167943837206895,-0.13265508241023607,1,-0.8970286100625298,0.2698575017871525,0.5319575786072025,0.03626984820801672,0.14178337267799393,0.6907778612548309,-0.3997546740681998,0.8634341170414188
0,0.8860284068544341,2.4663375176447344,-0.04611009863867255,2.5442754191232924,-0.14826493764055682,-0.9924901966105268,0.7565765073962117,0.10576136608321896,-0.3317423460569773,0.16276751257619304,0.21242256394036396,-0.129444184144481,-0.4751491977799601,-0.5309374944006044,0.678208269154591,-1.1661856509597808,-0.4662472840138383,-0.5045650045446852,1,-0.7047958250659312,-0.1694955217553583,-0.837083612328585,-0.07656817007018998,0.1201189580352583,-0.03711016653486784,1.4682215998681492,-0.30062342772421075
0,0.934478424820737,-2.3246039467630424,-1.1908295638670345,-2.4155531118593903,0.0676799607780928,3.84031553165348,-2.215954928079966,-2.4066558762697223,-0.08200498915703769,0.24671917939512966,-0.8184430424890167,0.7379294499244569,-0.5277123814645106,0.9041778847220769,0.995031335734566,-0.730961544172404,-0.06507834829101089,0.6088769465337192,1,-1.0174940204366298,-1.2604325992848775,-0.8064421361125087,-0.013384063418527187,-0.33955016645252967,0.11539948430430214,-0.5476765333541557,-0.08051330560833936
0,-0.5691922671414076,0.09258845262366522,-0.13699173752626986,0.561636307067013,0.0870237284894429,-0.6060314505761314,0.6598418490184281,-1.4109881928104842,-0.5514400488541809,1.8248261023214802,-0.5259430492142867,0.11870662553568856,1.0270706911858563,0.6551394194543853,-0.22359973542112788,-0.644350220689774,0.7855976730640644,-0.13249220816782814,2,-0.919670444816977,-1.0575008127668966,0.10367219783010886,-0.09516881424211962,-0.7044945931981507,-0.2342846831419162,-0.8155760464981032,-0.08519463044955755
0,0.3232837043618074,-0.2792546700246575,0.4000901952709678,1.6456858195623338,0.17356740876681787,-0.5588061535462394,0.564249652011337,-0.1619913213200952,0.5763146848162692,-0.3064508844090057,-0.3244273805908911,0.7678153227648075,-0.7611938779577794,0.8269692348955291,0.4813612901258979,-0.5128592888261063,-0.308471260347959,-0.2219009572142205,2,-1.2358401147710643,0.09714266778052857,-0.5132357768883051,-0.03360437827799004,-0.34632785916049563,0.6411979109147805,0.6901163062480719,0.3399413929827938
0,-1.8836458988915403,1.1412491833121037,0.9915870337769684,-0.5898732519756332,-0.3736932888454404,-0.44290215342111633,-1.447695259451849,2.5347442205252477,-0.2944508708068004,-0.6537313566003075,-0.692348962598536,-0.6152613852484417,0.8464351705417943,-0.50524391495792,-0.0197180950818866,1.373870740664271,1.0760415689715241,-0.4511776370513793,2,0.9212178205477841,-0.9136556180371133,0.5450944943839127,0.2485130027741493,-0.08206260053345671,-0.042624985301202234,-0.4107306336868578,0.46771347572513017
0,1.8980881944115755,-2.6011955724910916,0.29891616534328985,-1.089921404577813,2.5084172412601555,-0.02581044670105459,0.9722051241460491,-1.5840476908517795,-1.4115510338933168,0.26112984452315724,-0.643452473353757,0.26279183653443594,-1.2554218196312386,0.6912087981259343,1.1952678823954537,0.39195382354765873,-0.6437129803344753,0.5253017594671401,1,-0.5989075789477399,1.1028919339039043,-0.681543451039087,-0.11296178985857355,0.31014414483295005,-1.0923021418113534,-0.6308429053915477,1.1242186051131433
0,1.7792890404784458,-0.5328400156135007,-0.26901046239463555,0.15457600734851362,-0.47178419798923743,1.2758048737492653,0.6202892386246421,-1.6054924445435195,0.7285263964246645,-0.4786449397849426,-0.37148255476816977,0.5083712947812691,0.7954045395183681,-0.402498616506309,-0.0598923267575063,0.7546177275546624,-0.5418185250035917,0.04908102120682367,2,0.44137349920507307,0.06201559935969431,-0.3391098798635512,-0.1326116595304992,-0.8053724878537919,0.2720154301390028,-0.6620333903114869,0.09276071963988608
0,0.3675870051582656,-1.0158837992752356,0.34785173790358126,1.097487635141349,-1.0007182053471488,-0.8169680523466412,-0.6124420916211735,-1.309161534177421,1.1143493703012244,-0.330828668531691,-0.5827270443813852,0.42392153054831305,-0.038467162261941024,-0.1493646607081573,1.5465118624956147,0.5441418676051613,0.22401300725926002,-0.5389059380419078,1,-0.7749878742856391,2.0145948202430013,-0.018732352675681962,-0.13455872805245497,-0.15228443174501646,0.12618626756994472,0.6076690945154697,0.8464766895971498
0,0.9828524345276601,-0.5914311629299862,-1.7278915765720109,-1.4555606592950276,0.040597723123847684,2.115815714912376,0.9012225076772321,0.849819836441487,-0.6003487503360422,1.8911048083320676,0.14430622268277182,-0.07130844552168841,-1.4323745975255748,-0.19694186125280388,1.346468338385166,0.8655026494204108,-0.65175997996054,-0.26347498009756787,1,-0.7760879964041397,-1.6476411390536003,-0.837083612328585,-0.1161342210643658,0.5257776980768099,-0.08149360697749086,0.7270323532191328,-2.31159320995854
0,-1.0943015799479725,0.34856768230624496,-0.3141887243072791,0.5272367395788295,-0.5334981901893326,-0.17895540573506064,1.0704376678962544,0.21089964175483156,0.8048625045000882,0.6019753380528488,-0.5096970340537365,-0.3804139570317418,0.6879600913974329,-0.09330024543335524,1.6697471614461057,-0.4552411450323731,0.06814853968772408,1.987195989518071,2,0.7279093295182116,-1.1791087686712942,-0.8099790391241367,0.20522741017193158,-0.9639639223796507,-0.206373021383374,-1.0430353586114174,-1.0250749502702312
0,0.8429783079337511,1.9072861227035482,-0.030376129325752774,0.5481740695168764,0.5919237737975784,-0.85108546067445,-0.9163730157340806,1.0413188617272582,0.8410263770264763,-0.2029916761805426,0.009238893967255746,0.484062013395368,0.4969765848568465,-1.0501436482264803,1.770537673381546,-1.2481167125490515,-0.23724825774782307,-0.31723948891387665,2,-1.167546515088367,-1.9434123187936045,-0.6122691867601179,-0.09042634991655576,-0.9570254972955418,-1.6443188502996249,-0.4127520812403894,-0.40098427227637123
0,-0.05753013356145931,0.07012104474752515,-0.9101064561837543,0.1144451932290238,0.6020539351153855,-0.305644732752084,0.7040495036780319,0.6710176429870249,0.6669875528509462,0.371444813935898,-0.5769379018991172,0.5553435122506141,1.1428634346903381,-2.2673177377412923,0.12357173035311139,0.25563954194226457,-0.65175997996054,-0.3892195541604139,2,0.2864277199826351,-5.363722130483101,0.019251729903527304,-0.10037972632575748,-0.108218546052053,-0.18449707256620645,-0.18286647187790048,-0.8457870589077608
0,1.4408550404277018,-0.010264131511927066,0.8209050174944732,0.7059876146826113,3.573299143327647,-0.5168542295061384,0.8234736081383316,1.176741335964706,-2.1829586872210314,1.6852625598824729,0.9016794753902138,-0.350020537467683,0.5551319119275561,0.5163231315027915,0.03426234289225505,-0.07458704313605588,-0.35187741815612533,-0.3203150512056407,1,-0.8967731415526892,0.44248942778591815,-0.7248086863858808,-0.13858845242106,-0.0647762504137169,-0.3651709149533006,0.295226405424361,0.25488075683929945
0,0.5724769962100515,-1.8095924576405413,1.5116737072116078,0.598216910005129,0.5338248057775534,-0.38929011568363336,0.5635351583622233,-0.8723319690306477,-1.1678842041214634,-0.15438341432311514,0.336721816257607,-0.3254056207362314,0.20034588976631457,-0.31384526634731524,-0.9279403134501159,-3.7664252898071133,-0.5301156717662285,0.5441445561677889,1,-0.12197657243319451,0.43079864588567873,0.6287397871439999,-0.12649632004244893,0.050601393104595424,0.6647214087078652,0.06563546740180981,1.7030739431005277
0,0.43276997553182367,0.09305633383859352,0.721395330718076,1.5906526884287682,0.24905331136704334,-0.4660558756486617,0.6113172473592482,-2.2171636360328915,0.9501675370426255,0.6446559244484323,-0.07544043858408633,0.2289530447651819,-1.054693657234016,-0.16543700231909747,-1.0211005566420126,0.5246434633145105,-0.22843134430959866,0.38723633553903336,1,0.3009076010176468,-0.5248099944054399,0.662350724791602,-0.13858845242106,0.953474047057247,0.06492063297964062,0.7616405429321399,0.14037389836881653
0,-0.9025438964450274,0.3039721592349422,1.303111679975593,2.033444252733434,-0.4750561324192034,0.19816615524806247,-0.4518826511997224,0.644656252040253,-0.5973595365768559,-0.16593006774164587,-0.6127952600604714,0.5640807927648668,1.21658694754148,-1.0621895092603961,1.8414009110163492,-1.1634662036868644,0.7344002039677231,-0.16656031469755317,2,-0.48721546406066696,0.6375657996601606,-0.837083612328585,-0.02215060246976682,-0.150035554481325,0.8815528348939612,-0.6598181099704897,0.2978579162114807
0,0.14060963508223048,-0.538406645028324,-1.4627624166790463,1.708951106287834,-0.881697531316408,-1.1096997476552084,0.11017536577980158,0.39812755438679065,-0.19465375407695779,-0.329540565052775,-0.5076099996365265,-0.004091662059584056,1.4751206057677346,0.37733873345776625,0.35670888699811554,-0.6398755562161496,-0.3783654961863957,-0.5573113323083341,2,0.06008594308745599,-0.5299465086799603,-0.20529146424595435,0.10241232709764517,-0.7903882795323866,-0.0046117913163144925,-1.1192701423424178,-0.012737641299890246
0,1.3536461721383644,-1.4253629238023309,-0.4021759482036309,1.0142015047384225,-0.6516251460668653,-1.158487226748172,0.5761182872851427,-0.9039502604184941,-0.5027422753830186,-0.5342180650688242,0.34683599967510115,0.6637542505296719,-1.1163255107745442,0.9151054847766021,2.5199424034548317,-0.9175368583581586,-0.20567115444693446,0.7549378388789816,1,-0.3796069579730009,-1.3648992743110424,0.5948059902244374,0.19266646683740019,-0.3881536561982394,0.0025607754020301604,0.8546411305928132,-0.09585052965955271
0,-0.0666451546615826,0.40013441247063547,0.8426882109287662,0.6183723976098584,-0.01214227023570974,1.125914469023234,0.8310186487297941,-0.2682861577567839,0.6750448146659567,-0.8260642272243661,-0.2076598109020968,0.7985979874438282,0.6240451016786153,-0.2511289141605717,0.09710080550963934,0.1886136506106283,0.21007713023482055,-0.2993293092173219,1,1.3148866163919806,-0.44170757016806067,-0.7818539441817656,-0.027580556646446777,0.550939101817447,0.4101404463271405,-0.7895164366680658,0.47918331141779
0,0.4479031926241634,0.5338312674561327,-0.1119399172983932,1.3886906382036204,-0.3064041678796322,-0.8727884654873037,0.7823193205758199,0.23433553383327693,-0.3075132222752181,0.1980825944750605,0.5094213548931991,1.1378399360358848,-0.610420419581347,0.17947942818824159,-1.32512057936736,2.6099926496417596,-0.1722974657859539,0.31364710476580715,1,-0.8715557830639806,-0.0771485013795461,-0.837083612328585,0.1590107892325232,0.08494195339718713,-1.0895309545863214,0.6734289495292887,-0.2835518497257535
0,0.024452497637042145,0.4526442975947233,-0.4793948107764605,0.6081323109072184,-0.3464213132100515,-0.9203054537777656,-1.838776830075293,-1.270385811209966,-0.36319040046497575,-0.3827014667796176,-0.6824518605689969,0.3435744676627159,1.5258185991649817,-0.9149202080776057,-0.1455186296649865,-0.17515538229879757,-0.3008679909161961,-0.3241482422941617,2,0.25629796985580994,0.6460104893002018,0.9224785407521909,-0.13858845242106,-1.09095311408826,-0.2568469634504907,-0.9397683181966762,-0.6944026555060799
0,-0.10525320503062822,-0.5696043422597588,0.16729357975048698,0.5576512447800079,0.15308832576501497,1.2747192645802352,-2.38990943855708,-0.484535198797252,-4.288585024646496,0.4801689172636636,-0.16679200616976775,0.41935422236055064,-0.4760925720818302,0.08550341928854666,0.15360433755384595,0.3246907004014907,-0.15499922814527925,-0.504452116931978,2,0.4183535810861567,-0.43887484555831513,-0.837083612328585,-0.04031682836245694,-0.3744150973134275,-0.44399097850093105,-1.130090501375937,0.4801705544723368
0,1.3850786896497975,-0.5821028368799515,1.381910458874224,0.6789311049397675,-0.4435116874613041,-0.12153437244380672,0.5121774188109313,0.6674413701215012,1.4950991764715011,0.16395350848228224,-0.6202886058670305,0.26765074538074024,-0.23531445553473707,-0.8180836033469618,0.2689017238762139,-0.3926840512451524,0.8409620566039074,-0.05289581933418075,2,-1.1257080919335836,-0.01932958608544319,0.7585619264774879,0.36975491429241625,-0.54754822131321,-0.06541907855736456,0.7138556880065838,1.174042404532376
0,-0.20097488935761249,0.4271012604818783,-0.11472105246173511,-0.6611652131478575,-0.35829746778032767,2.5571970463352374,-1.8596617636969324,0.7027151213508696,-1.946924091959022,-0.23847614416783086,-0.05220434588798839,0.6806827615932309,0.06852194107473811,-0.04590124532980133,1.1762540089553204,-1.257801318018019,1.0311726366160296,-0.33443463802179224,2,-0.31551584289449297,-0.7775454004665308,0.38716893066357544,0.15698124326138718,-0.28814187038486433,-0.26115159836319135,-0.4080710267769422,-0.4719555422395316
0,-0.3304694824703521,1.4846797054223086,0.9157568216838531,1.3261921206192775,-0.35987315717210766,-0.15338806401273974,-2.1991091245668963,2.082498801132197,-0.7807107917521088,0.19419033723640866,-0.5897579811737312,1.311622812952188,1.7313744431356337,1.281436289261526,2.7978872418261265,-0.05836122583213088,0.3217541786337894,-0.5249451674560319,2,0.5099395419151576,-0.7774771012236124,-0.25400354280290993,-0.06698143955049743,-0.162756228567594,-0.9690964641534372,-0.7636463800478366,0.8757069970365484
0,-0.27220740215610223,1.4006349635420692,0.6969121996812992,1.9879148920022667,0.18505469765512095,-0.624864691073156,-2.082111442388345,0.5504490679448709,-0.3171527268774617,0.014994785212171291,0.2882094081752752,-0.11940426675943117,0.08733384555436796,0.668572283912107,1.9471713441652483,-0.0015082678502438274,0.6687832096372891,0.46013849725751305,2,0.6391667931013325,-0.8333159454650549,1.0099773475148843,0.04188618877275094,-0.7470185625697835,1.4210972058503542,-0.8400557465101461,-0.27207222784739227
0,-0.4366779737049531,1.3910829964326166,-0.0012956536689320113,-0.39361413114322014,-0.8264423861165369,-0.39212951999457824,0.836407609516258,0.26941539306918705,0.3207640246898482,-0.2561452148450851,-0.5328784136254721,0.4593445344034657,-1.3776914682212058,-0.5354558331709828,1.8827408179920835,-1.2072032582670735,-0.011417402111962793,-0.4633056165285079,2,-0.8431843055634145,-0.6407128898703387,1.1547121109010474,0.0019641421359323855,0.30746365916492807,0.13912815883961616,-0.4937856885791524,-0.5253774156870081
0,0.03282641262241759,-0.9992272739423744,-0.40705594178178145,0.7932934883838167,-0.6030993997068349,-0.7404720614318312,0.9192951413843262,-0.35641189850597,0.5710020415231104,-0.4843742627228313,-0.49923382488064894,0.6214963442750037,-1.3871989017158104,-0.8473905728776839,-0.012531564125491834,-0.6389540820647215,-0.4032426538647831,-0.10977687404268366,1,-0.7177913598515953,-1.354854731586802,-0.6698617203529018,0.03736370685710762,0.7117387952006659,-0.3770322061966549,-0.30075989953316196,0.830214907461034
0,-1.6951831853794364,-2.0984129810290497,0.864251422083605,0.3076021941646362,-0.1669684767162522,-0.46708619272248786,0.7729638929080718,0.4554384310242531,-1.6442621322132114,1.32467663132722,-0.18554429607606282,-0.03406098255534023,-0.19772410789581357,0.27871830009644616,2.20171638725766,-1.7277639283736086,1.7527469669279492,-0.006064142004337872,1,-1.055538019503109,-1.182124849431649,1.0789087655720742,0.04556009342313484,-0.9334866891479754,-1.6329901319407534,-1.0013325570686296,-0.2643023979247903
0,-0.09695824455251206,-0.4588021603011691,-0.5131311340119009,0.022499475825715765,0.32159619622084423,0.6277297016608046,0.6724998966208063,1.5724876565320072,-1.0896162064227966,1.3215926535750184,0.929096746877476,-0.06782665893727689,0.19853764660780215,1.2515281769384137,1.4898128626971137,0.35727207840566627,0.0449203696779307,-0.3142553833639559,2,-0.10513330209733476,0.0039090326989652535,-0.08225053209986513,-0.031063840761845887,0.8598274106751714,-0.4071482587251677,1.670200300975281,-0.39430688201439446
0,-0.47109013749050926,1.5556696467104367,0.3281931990068473,1.3913299055057737,-0.568358783542096,-1.4083718664716285,-1.4996155938630518,-0.06620151230824345,-1.6925993998742783,-0.16707680995205082,-0.46363730425379357,1.7228677918307183,-0.5679903601114489,-0.3229881102410709,-0.7656415452735098,-1.4964118426585706,0.22376606200946525,-0.5117477689928662,2,-0.05158542685748013,-0.2520747489904759,-0.42938185512242094,-0.13858845242106,0.41121539182188005,-0.38562298110607635,-0.4726070924829954,1.5107794263682806
0,-0.18769824746828112,0.04091153111281526,1.2312314914150173,1.2306584530488989,-0.11645362853447755,-0.9809357804319769,-1.499926799356581,0.06112947426227888,-0.4386845627287015,0.04813171268715541,-0.2977284006814345,-0.2748295388170577,-0.12539150112540137,-0.9613630355230649,-0.12619026491987373,1.4335016737191553,-0.65175997996054,-0.40623464077978977,2,0.9110634278964047,0.6724425472623794,1.3061466626445097,-0.05002585378708653,-1.09095311408826,-0.21993810273929937,-0.6564050480097796,-0.45239172528329086
0,-1.359382647559344,-0.4477549527109268,0.1670544309488357,0.4354032489868572,0.24234453639859266,-0.37688433177483266,0.9470854177126897,-0.6465870490294943,1.1117802047896168,-0.4255505451349292,-0.19119783097311982,0.6144185322422756,-1.0604301824215814,-0.012872786443016093,1.6401492951154495,1.6803696449426173,-0.19335237641582803,-0.16399622773915645,1,-0.9300286692404323,0.19480897151908327,-0.7512735427895653,-0.08137254769168273,0.7348138094959603,0.7277284957118609,-0.11195678012601243,0.6088175612127946
0,0.8895811200233965,0.7544949603947593,0.4060364431080066,1.5577612119581539,-0.11919671516373781,1.0557633330850358,-1.0990906171217774,-0.19625730987963114,0.16883690746686741,0.010945060403439677,-0.5913741563446748,0.560679276961909,0.8546756536451436,0.010570590607651142,0.6496042967991873,-0.3404661732936628,-0.25307475649120414,-0.2108223153211076,1,0.015672941752203573,0.06337450848363654,-0.8017203312456754,0.06981527933334909,0.11329565303651179,-0.5792767670964486,-0.5403777043909554,-0.31442423002582964
0,-0.23290803121283823,0.777610486102751,-0.011267381214519867,-2.712168109138993,-0.4450361347458911,-1.235026854527593,-1.037809361938931,-0.11547777526153447,2.1979469890012293,-0.34550274540885284,-0.4497687420811138,0.6614604310964657,0.008641278840946676,-1.1251366121865933,-0.0928001170217865,-1.1256642117626137,0.4903624489792136,0.11686482579383678,2,-0.23232374180867474,-1.5668991662511773,0.2571940360941483,0.020818456382104764,0.43642299624347036,1.7412369204403189,-0.5075543697952061,-1.0942653670417477
0,-1.0059610615656973,-0.0855510938505869,0.9129937933129739,1.8063751197349618,-0.6488544235099148,-1.2660970484025884,0.7361841057166776,-0.2655306996127404,-0.02848964658441666,-0.37028378935878914,-0.9336746466881879,0.10284497533982567,-0.2826677583861402,-0.17009311681816122,0.7681738117561806,0.6471320156282526,0.5168972562921684,-0.6824941420799848,1,-0.18195292069341348,0.7245879072496215,0.7896842053521954,0.10897546911306989,-0.4305743550390366,-0.7198342307062433,-0.9202939853469947,0.5982170990444637
0,-0.18197325533943984,-0.40555610887955545,-0.39105205721499003,0.4068870037065747,2.1923946297583856,-0.45171929141348477,0.5954409851153024,-0.07824696125081256,-1.461017098747369,-0.3339284506411861,-0.2613961350078062,-0.6639120805150069,-0.09440502198327189,-0.10583003923768164,2.1113405416880426,0.326063329423222,-0.10481876746078328,-0.393826807963494,1,0.4322590331370756,0.41658987162905703,0.13972177821813672,0.14691714949961587,-0.6246549230255203,-0.5630655163985355,-0.1459904216686975,-0.7902408992490043
0,-0.1546369282785034,1.1882804937055462,-0.16571742433983694,1.879965193349631,-0.5687450405496264,-0.6447269707277605,0.7740209251632065,2.1340083204525957,0.6988204288706397,-1.0207322696922185,-0.7434341363184593,-0.3138933777271704,-1.302680501047155,-0.4150290340845556,-0.11825048859021092,-0.08394339954931554,-0.21009246747685156,-0.5152852080286376,1,0.3706554957609241,-0.7468645418396386,-0.1947217972196313,-0.13858845242106,-0.39817253994476753,-0.7108658603299276,-1.1912603680802998,-0.6565460567634628
0,-1.9499394563814003,1.1813700052067708,1.2065292259727847,1.1573227900788483,-0.40240661664450844,-0.4072824554544641,-1.2406536919403781,1.252565029517677,-0.27811783770959164,-0.12270087697595335,-0.6037289393175173,0.3613676051145819,1.8983714183774474,-0.7940860105563936,2.9476655132806995,0.48810168274140525,0.30619297358207054,-0.30936710708245896,2,-1.282934215260294,-2.914927542185792,-0.5615909822739942,0.07361517773917134,-0.649503731250813,-0.6826107878915556,-0.6040654480514736,0.055820617373905534
0,-0.6814254964673415,-0.4694878279253114,0.7404991645644418,1.1215175965775244,0.44568925368390516,-0.7405461708852581,-2.4066095716465825,-0.567762427226302,0.41193635670269624,-0.2010439947476125,-0.4286950982028117,0.3446039885653509,1.1145668241671376,-0.10777742986297789,0.4932610288855451,-0.5129778777117736,-0.5043662283051527,-0.2508417765855709,2,0.5526919314487367,-0.30636711306283093,-0.7971793377695553,-0.11674726947082109,1.2772228329469462,-0.15759233066910922,-0.5915099988693522,-1.2768555603893241
0,0.21308908045324948,-3.555380334741976,-0.41341264386761667,0.05820192544782066,-0.09707262789118981,-1.213938733282285,0.6405382390306961,-0.05440953240225693,-2.0561945157057404,0.21579567763400942,-0.9346754452786394,0.7573797914360658,-0.1985657124549694,-0.7565635824655981,1.1273489443972669,-0.3279139672206606,-0.65175997996054,0.08516543642783458,1,0.5082203473871421,-0.7988682195064076,-0.837083612328585,-0.13858845242106,-0.173568236485695,1.129545439012898,-0.3866887675170061,1.7879425308125394
0,-0.5335248587233649,-0.16789607904875425,-0.2730829630095625,1.0987964229017264,-0.2142487273465305,-0.7696701736093039,-0.001501122861044757,0.48579317929065124,0.12206536041136262,-0.33818487564360555,-0.16719296632599293,0.5331486299258621,-0.10117707912131679,0.053823355148364116,-0.6079651409235027,-0.6603896802169974,0.23594961562769037,-0.015532951907501757,2,-1.4527194639202472,-2.755851575958962,-0.837083612328585,0.024317461109285968,-0.6711331078600196,-0.0688043593783505,1.284943217887863,1.1238308363690725
0,1.0531043435735603,1.0544632664072253,0.9550561423241632,1.4345303987958475,-0.05869909178470195,-0.796097471881384,-1.3928989381187358,-0.4616499062719972,0.08700606376495679,0.7564472269425498,-0.6040889929313613,0.6688308884953567,0.6196704618350132,1.5373620604682159,-0.10953871956218142,-0.5653383896594593,-0.3598402151708733,-0.37189805188152636,1,-0.8009064310002945,-0.4543090362036095,-0.7016743818850741,-0.02194284710614921,-0.7698637947890181,1.1471145430228311,-0.02926670145329585,1.0208302461598917
0,0.7787330570682616,-2.2537599490871063,-0.7648862013746522,1.2989714795572727,1.492554399292803,-0.4935091401763458,0.8318524215568305,1.8330697971076972,-0.6366022417187266,0.6536918132101958,-0.18021774172398514,0.1265765783723814,-0.6837159629363236,-0.7953769133550024,1.6618822479344004,-0.44646407423538303,-0.3246424649117036,-0.4482192260160216,1,-0.24110010600807608,0.21082387638069736,0.4145717761015161,0.07576080918957132,0.2290150905257049,-0.12220442686483274,0.7244552355937516,-0.787439058587311
0,1.0181067444491523,-0.3962340802147935,0.08511981977848315,0.9517688064012084,1.1464530115571647,1.9934314458306572,-0.9605911752236905,0.14819717236815447,0.30651214541904087,0.4886667941372363,-0.05403439232464402,1.3985860634245326,0.18816978804001372,0.9033041063318338,-1.1053234165388255,0.10472719952468668,1.5814975613185585,-0.08542409259733638,2,-0.03387935948118592,0.3942590306112717,-0.837083612328585,0.06429756729753025,-0.5221523268216242,-0.8024085840089171,1.0122689243627796,1.8061446673917225
0,1.1984262302897504,-0.7671552672033359,-1.0657986576698841,0.11421054429615907,-0.1553785982972706,-0.289568265371661,0.826704187998839,-0.959349826323311,-0.6582668309002275,0.19081175760380473,-0.21259497953023726,-0.02134345206689906,-0.7066192124206468,-0.2923954368216142,-0.1387087399335033,-0.8201781179801124,-0.3642729579938231,-0.391241762587758,1,-0.817104814628759,-1.4883424234629556,-0.5712842203241933,-0.05292634342403625,-0.15900423242798634,-1.3766248035055244,-0.9602137221209699,0.9529035415066628
0,-0.9037284698635534,0.5383206040255589,0.6527423723228867,2.5600106729547605,-0.7131922009806447,-0.592433384430538,-2.0166548849734536,0.975306438336383,0.30731076387787615,-0.8946103364936688,-1.1440563428205404,0.6839455759437103,0.9435827007263315,-0.023981466962149145,0.45645056449415833,1.3599542230929786,0.6506040970322626,-0.16566386112225295,2,0.22241396779471817,-0.27102937913024516,-0.35022355780018605,-0.07294485229240485,-0.32459229576398846,-0.35768393553525846,-1.21975314077183,0.18643853539073107
0,-0.33019505746790834,1.6855408330461936,1.069662441047337,0.8644508151123912,-0.504451065717534,-0.24692272501835227,0.7826847050810051,-0.6118127512801647,-0.5447217820614958,-0.46790490016488945,-0.013649633679676865,-0.5551040862717898,0.45525340725905783,0.6066995068967153,-0.11742213749471564,-1.9979340396166194,0.235664676607154,-0.43087348213424587,2,-1.1774944040308402,-0.6466231245405953,0.985434293854129,0.13208182416519387,-0.4161003521008012,-0.14730599246746012,1.0148743635203998,0.4013235610361898
0,0.12892351744786668,1.7641400155452507,1.2335987629482372,0.4451306854128293,-0.3437787332158037,-0.8784019895110291,-1.1490473911461239,0.1297325191458128,0.2626304459679224,-0.7996795573853799,-0.6162485879488048,0.13190372458985145,0.7992428230944696,0.1438587965811453,0.09627344341138855,0.39449194226244766,1.1631863179933983,-0.35776598896028916,2,0.6356196324989368,0.5394016778239646,0.6521580953413205,-0.11230895925074136,-0.14667086146604894,0.6704024824481889,-0.27526822914013627,0.1733885139908371
0,0.5429021206152151,-2.1385651224319546,1.0323176507910017,1.636343850758059,0.3461447824883245,-0.20749545165664643,-1.044290766844444,-1.1714308862450618,0.4095392506165116,0.03014197012783565,-0.25998294293597757,0.6430353438303333,-0.19813382600716356,-1.0242761444512163,0.42687922742523954,0.4076759488510806,-0.65175997996054,-0.3284895580677844,1,0.46131713987929945,-0.4170892081303147,-0.6787590721513422,-0.11953397280647002,0.8078172272877138,1.2085668530116471,0.38931956307005033,-0.8077347815144993
0,1.8471504974764326,-0.30911732066455616,-2.6563268826684907,0.21553053541117928,-0.12307834826150893,0.4498810058429752,0.9911558162379227,1.5540501384810705,-0.8111754012649901,0.8673682217320103,0.2924541827984286,0.6581724266040627,-1.156232674956445,1.000418580807659,0.04319548125705319,-0.09758303345998026,-0.44577414747664657,0.3382354182025025,1,-0.45782067679321103,-1.253043259330059,-0.7148576649418548,-0.09131490557285846,0.8890066453818671,-0.021240649753383023,2.10284103836946,-0.10349333427785157
0,0.5408438498248767,-0.23243346700838347,-0.46860258787163156,0.6098894969936448,1.3238725877868884,-0.7051544712476439,0.73573465976409,1.0569207911088119,-1.0870431574431172,1.5509033049770928,1.9782521200380077,0.685976246166583,-1.2178248486477055,-0.03426573783466577,0.14532291789279095,0.09715835009891838,-0.5564488314936167,-0.45310249424110277,1,0.8209106032609416,-0.6046155236237495,-0.2854150815002367,0.023649444383656903,-0.12843173735255098,-0.6977988083621023,0.9139740639800883,0.7299398330923341
0,-1.4302203839802037,0.006202215197664063,1.877765071914153,0.8233435123822653,-0.02800494480263327,-1.097331120438231,0.7845532902394451,0.1714550716344756,-0.1589834536072549,-0.8591993524445023,-0.4294806178778646,0.6589316645134349,0.8781265953761516,-0.072720314580215,0.6264265601143406,-1.1174932069072692,-0.2964505986928291,-0.1060173477433472,1,-0.5966266796492036,1.1734807006556642,1.886662898226175,-0.038921461568025256,-0.14700073812310255,0.3280955799701939,-0.5101982234359961,-0.14529181586318032
0,-0.4100429541887798,-2.9577767879309746,0.15572866371540972,-0.45506298439158094,0.34397598179200484,-0.20897548644023986,0.2931368209229317,0.566186571606465,-0.8024451281060417,0.9014741016000198,0.6530169444440692,0.6387067432855639,1.7597337617901125,-0.35268416652013856,2.230205191267149,0.4055950177281443,-0.278762347635351,-0.06589324031481991,2,-0.2682432924341927,-0.3933796924827303,1.1225496490863414,0.12215336095571214,-1.09095311408826,-0.4034774053318724,-1.1791079303396477,-0.24827016311281824
0,-1.0379284571531517,0.23790735648479083,0.5128550667581353,1.756549918115411,-0.5437443562079061,-0.5471300783585858,1.0791505003001376,1.1184352913840574,0.23151146519695764,-0.04786816747237729,-0.33500315188360846,-0.6976988257238014,1.7662819993374699,-0.5242952229933936,0.2556848008753462,-0.18927316595976962,-0.32348345009001256,1.809108908255285,2,-0.43851971829731307,-0.3987448196130844,-0.6856861499507475,0.06619193034734201,-1.0544005649304697,-1.324902037243924,-0.03866015770354511,-0.09862804992790275
0,1.6142169691278128,-2.0372450090277985,-0.6974431692003503,-0.9203566659287781,0.5636491418780657,1.216113425675908,0.9253895676671806,2.0501391652524537,-1.1421016207484422,0.49356560125585813,0.5332033141978242,0.027786784536618925,-1.3710566358495195,0.09316619468893966,0.2500796808642731,0.5375252240035062,-0.49127237079667124,-0.4753494565052967,1,-0.7635365850774753,1.4198279330012256,-0.837083612328585,0.008896263505895355,-0.1981138622628602,-1.062527608152867,0.7926805951729814,-0.07822269981600072
0,2.0397253660008166,-0.9458647274683007,1.2376104550981646,1.4858663855117022,-0.25535163689639495,0.14840956073393274,0.7975001108889141,0.974926632822991,-0.8274710300674395,1.0217099638625797,-0.8006399691328965,0.8390632700195892,-1.6199846985480317,-0.9620472207015622,0.08042014683762033,0.13538524582105704,-0.30571688216395254,0.8112008285164893,1,-0.6659216941111964,0.6360270358561932,1.228111835094599,0.13687882161292897,0.12674755397462012,0.15739611636839007,0.8426352128396452,1.2339340288203726
0,-1.590485314541972,-3.0980958035150605,-0.6103388051441503,0.0072894120832590545,-0.5785816555050646,-0.30307134990373186,1.5143565870896605,0.8066934077512896,-3.2750941507298084,-0.5306679969166284,-0.5444606304234724,0.44432520180634755,-0.9614533749120479,-1.0811886755521078,2.425124477817219,-0.26068866249940925,-0.4699882440128702,-0.3356200928806519,2,-1.4607394293169675,-0.6075065592532702,-0.41553164148360394,-0.0024747851322915043,-0.7412365829285383,0.364711095748746,-1.0807519944249093,-0.9041226627264227
0,-0.5182267584377567,0.7573425270143259,0.9373374494870875,1.258351484204517,-0.8058713073581367,-0.24477284212109732,1.1415377208829167,0.8100958269278064,1.2517231594160747,-0.17540572483935474,-0.7189468561565001,0.894677255528106,0.9021471969055832,0.02926525747006037,-0.5018018697782854,1.338037685181039,-0.1440664059731856,-0.07441797312473758,2,-0.6607603068167849,-0.9456569320736005,0.006881151099114507,0.046288174156872586,-0.19627933297115374,-0.6173599649200198,-0.5783467499625738,1.3266407050020401
0,1.2470636425987207,0.373898118687541,2.1626715974014434,-0.050183283994782946,-0.24910633926939824,-0.6908362015428696,-1.9050510880073641,-0.13142373795313667,0.6517011625621143,-0.3557607628888005,-0.613624658785421,1.1345348929180947,0.7680506361857032,-0.3873661469461979,0.543822326656119,-1.0622571944534869,0.22039930376034866,-0.2547598551327963,2,0.14798768740979065,-1.072677255735793,1.9255414809528815,-0.05783324336691942,1.327668205873802,0.2851745986294336,-0.12913312904260238,-0.5238031957568673
0,0.7758730888407412,-0.7587969747181047,1.4229438506624503,0.3856743876978105,-0.5011691295648083,-0.5777825163051494,0.9241806592246933,2.5570041593640997,-2.492731580151867,0.38262012309035265,-0.1149730430582421,-0.9583723148313403,-0.9046432200829886,-0.2867696654863823,2.6486349874472577,0.5340231203200168,-0.12333964333712738,-0.2858918577017641,1,-1.0109096912805986,1.6694443066164582,-0.6177290864116608,-0.11674978196429017,0.3100358827749927,-0.38123677410554924,-0.012059900199625162,0.3335907140159503
0,1.1933000398739462,-1.7315491887084185,-1.5773801975483641,1.2931704409317573,-0.021277727577960717,1.4306262455479395,1.0399144180938096,0.01066191672955763,-0.7643519290881253,0.33542657149712907,0.043295008849163985,0.08048839845770812,0.32302795877124746,0.8721249024364848,-0.7809316016582448,0.949788311929547,-0.19491683309162322,0.25346746239743634,1,-1.4433397547726068,-1.1500042455253638,0.3164827046738543,0.05736050277379382,0.5688398950089764,-2.57318960736172,1.4267969947802817,0.027468698413660675
0,0.23209987300014615,-0.1145298161356339,0.601094038339275,0.7742597344816138,-0.5596532869385308,-1.3817414676142659,-1.5307550312456568,0.8540318317412907,0.06339912471813636,-0.6678967923970813,-0.5552645373475111,0.24619701253897086,0.37952311052946053,-0.27872677098731846,-0.03153240484927844,-1.9046188065225678,0.7247956459931522,-0.2204068064560227,2,-0.27769215338179376,-1.1823374638672548,0.8913146149766222,-0.07701198590332056,0.17532745442134073,-0.4173995913166492,-0.6962157630738479,-0.0792017545575453
0,0.18975484440186818,-0.6946497947399617,0.02807816853556195,1.0516927719917886,0.11761687683388877,-0.5367075146978104,1.0349631640164263,0.5447964286857477,0.7583546623749216,-0.11138235339100577,-0.20905023585658558,-0.4504075639281887,0.08859978691282622,-0.4533406358255009,0.06360484331656135,-2.5471405853930476,-0.37116561515503443,-0.5897705021561415,2,0.12760300563462146,-0.06013981542934803,-0.4811410818262113,-0.08869991882485818,-0.08462397930501328,0.7892511867724838,-0.48303322187868225,0.3340509833879408
0,1.4881984765528964,-0.5564610836851958,1.1047585765443153,0.4994478165173383,-0.2936281793841141,-0.7887980137793786,-0.9453101113439739,1.3689914984176905,1.3059118408694412,0.41440835890938715,-0.5852935168335027,0.2321529848306862,0.3699927625804764,-0.032005255961846835,0.25342374688897784,-4.362369074979095,-0.04719063857680192,-0.359157627871617,2,-0.6185560362018607,0.5391994988327332,-0.6898578750077554,-0.0909536824249123,-0.20331207697248543,-1.9919878018995192,-0.7067357458619886,0.278297190082487
0,-0.2236932693076993,0.20873605511006021,-1.332968079159498,-2.7198471171696763,-1.27020679716928,-1.0006759018878013,0.5995442099955774,-0.7161931079098679,-0.5922156810064347,0.21898515675629626,-0.2806719332067947,0.5557880077318649,-0.5245558086148349,-0.8079264240464094,0.05083021808689969,0.890940125168155,-0.4483223806751813,-0.3733086882938931,1,-0.5518593160469496,0.8963618978944528,-0.2232108850763461,0.05857616956185383,-0.060278006382260885,-0.5794877340246491,0.37103525412716754,0.014423939602054708
0,-2.294752586971466,0.49153693823620115,0.6506114293660058,1.2868031519142695,0.04811153287718538,-0.622478795665474,-1.8008418060644162,-0.24375860643145247,0.3896328108099829,-0.900083375282205,-0.2514600083402617,0.3441872160809401,1.2924120210904027,-0.05454792630110561,-0.07891303956197449,0.04732415233486542,-0.34333606055749744,-0.09217633697225888,1,-0.017014699041763892,-0.48034311148989417,-0.19091708881917085,0.024491899760357497,-0.6548853614287238,0.29742484697814253,-1.0410947298456512,-0.03756195352373082
0,1.4060665499281082,-0.840343625265938,-1.8810699816357612,0.28350174973021347,-0.12485625911767789,1.6816023537133655,0.5810973135120164,-0.12038674780792269,-3.0398440477760884,2.0291788273201314,0.9567846201035779,-0.27451745224046037,0.1717966648562086,0.30736838687045753,0.11825488987776643,-0.1667892381609269,-0.39461236904403796,-0.12076830123518362,1,-0.08609120245047258,0.001792615794474428,0.10075289261083686,-0.04309232809176209,0.15491256607893933,-0.7176411609428494,12.514987440676414,0.40435220066690075
0,-0.24705838177084616,0.6011185341544099,2.3067125795754877,1.7138618391237963,-0.4802606724606054,-0.7961791600240548,1.107160454954958,1.9493795975011798,0.36375143704028506,-0.6971336450054377,-0.20906065474467173,0.6333037298286981,-1.517564622673432,-0.07857785988616717,-0.2877424621046803,-0.23945829263923224,1.0798632499514635,-0.25836283981979047,1,-1.2353084806127739,0.9318858396118659,6.477418639235059,0.053614906994443434,0.7177248726772663,0.050843713393943446,0.6815386372686932,1.1680930697587153
1,-3.726947114812876,-1.9526722914086305,-1.701277179058802,-0.9966308675929497,3.9699642934932013,0.2340753378358375,0.8256935991533799,-0.567811326504517,-1.9937157549543447,0.6801508547297169,0.6803074532523551,0.004357366044340422,1.7412719219228834,-0.07454776786547829,-0.3514474791242356,-0.39411851201954257,-0.6224081464423981,0.7402433228302092,2,2.327931141713254,0.7434898123885676,-0.8084342482727417,-0.09065557539124101,-0.5837070678205241,-3.14508051930211,-1.152860395489731,-2.276721121646879
0,-1.099913995147634,1.0130680709373006,0.27560352626478585,0.9628103367259339,-0.040795603934782376,-0.9994845523692883,-1.908723621865542,1.097935330172156,-0.3271397745253853,0.03138366015785876,-0.1980436771200454,0.6156817792994003,1.841939423945517,-0.039261614095837005,1.030097619621277,1.663566388392913,1.70703924761966,-0.5904912954153655,2,0.041032932091741095,-0.7789923543457964,1.4976927674326133,0.31088078344851056,-0.9413564069233388,-2.8370506777405926,-0.7785571199051551,0.48536124306161044
0,0.7475125651532497,-0.7073554252797989,1.4207607316747195,1.0993867268816522,-0.3346769345844473,-0.7702335548936221,0.018721581226469386,-1.2861544096433288,1.5342565695364345,-0.17587653291853217,0.34185067527808266,0.18674446439756376,0.07111703654918117,-0.05969829973034094,-0.6468767921852422,-0.041162523403248996,0.6196944475600529,-0.2927632079704762,2,-0.44241842098476214,-0.9198770587452019,-0.11368145454392994,0.09592316451913267,-1.0507129515620086,0.58989673847798,-0.24553990857422614,0.3194336436280614
0,-1.0143365821346606,-0.11446383654681469,-1.9937706165622084,0.020482266865660737,-0.8581521756460184,-0.9103058116875387,0.6560785816975827,-0.5993133154715382,-0.7938267506257322,0.8659702593481248,0.4728012292807934,0.12130592069128454,0.5998270923206643,0.8945764560202499,-0.19014099930596345,-0.6885338728228708,1.9133645041154819,-0.72520850861303,2,0.8996726629999937,0.014659335042053856,-0.837083612328585,0.006279226259446775,-0.42295565248061184,-0.19556397856035374,1.0248604761409883,1.4458926411029231
0,0.8435715280729327,1.9424378126630744,-0.5816227565612976,0.7451161000792945,-0.8786148265293828,-0.8863757338336642,-1.297466825168971,0.5686286917194503,0.8131442685266371,-0.628589711509394,-0.7629660023615424,0.5618555406448794,0.3057444568841451,-0.8207160544701892,2.6829206857512253,-1.731597056769924,0.1206016340812511,-0.22834851297518025,1,-0.6605597173270451,-1.4570644842589584,0.15791744562830567,0.01624964839040688,-0.06277077930830852,-0.12166865840011211,-0.10049668631216122,2.0412854673806393
0,-0.24904011895434208,0.2170090664089636,1.3477623224818238,1.4246340532972799,-0.6025984618637354,-0.7661979869095833,0.5666239327457769,-0.02463691177177907,0.24112329516299325,0.16836665122209504,0.31810220823725505,0.48378660899010745,-0.22338755717563077,0.47499753739143635,0.7673639458509736,0.2078377815152453,-0.006183300809400216,0.3528018255403235,2,0.7499703282849015,0.05339339530008862,0.3923883751742826,0.0686917157890006,0.42148241936225234,-0.8392393756815426,0.11010369655488561,1.5317481100252033
0,0.7844072227123822,1.1930187847857332,0.9040127917795712,1.85162574549704,-0.9542370052299973,-0.7682815814946838,0.41767730483951826,0.06673676881272583,1.4017129431847426,0.28034788674255484,-0.7735070331406796,0.8407867719416107,0.4876868028805602,-0.026677222004736045,0.03205914883097977,0.880002550041926,-0.24570119244895963,-0.46405542414763545,2,-1.496510936710965,0.006540579175534633,0.22884992133794024,-0.027724309754263134,0.28599034529962497,-0.1539605067053682,2.4428238576274346,0.19261621388382835
0,1.0467012428862272,0.600272043355448,0.4696713262497352,1.7075904080827096,-0.6012360974946274,1.009663422978606,0.785563852635238,-0.8651490687812047,0.3780386399476984,0.2133397016498323,-0.2063963483107694,-0.1391642347783395,-1.1064603560722097,-0.5431557320413781,-0.8224156910536865,0.6961869289068752,-0.1414328319744069,-0.01821879768413548,1,-0.692272212274724,-0.26861008817229,-0.22972311569528098,0.0263693328852668,0.4706993942679806,-0.38157415222497704,0.5942159078063192,0.181980329249539
0,-0.5363734684386232,0.5265377968372074,0.06553030221191411,1.0924857104717496,-0.8632921676984557,-1.046136951802521,-0.12117416786209267,-0.058537138903202224,-0.409806227140789,-0.05201148936032006,-0.45029855915042794,-0.33038792357162616,0.7559245802423435,-0.8827620925768622,-0.8974342267867756,-0.6816004944898155,0.2888606577197913,-0.34202255656173103,2,0.28578207093500296,-1.0967192844487796,1.1913704105734344,-0.037390859406840796,-0.5125665406816611,-2.2946416442276725,-0.9037747293964422,0.8294792652498632
1,-4.378100180387482,-3.48957667697906,-0.568169668009876,-3.375116081177928,0.6801721110555121,-0.5077940401016618,0.5264926477387187,-0.5002196787904195,-0.937743719320715,0.5006104303234118,0.04061968626042406,0.029346412805340893,-0.9200611334592973,1.083929189965939,-1.4898861370721679,-1.4411721963947801,2.98304325310007,-0.444766286281746,1,-1.3185729256526169,-1.4635524765753982,-0.837083612328585,-0.009860538147401524,-0.7760324784681378,-1.4714832742816473,-1.113117216377358,-0.5130108494426522
0,-0.1313845475631908,0.5283505022516031,-0.2563817173475382,0.4225523282014487,0.4663917098376037,-0.533676495307158,-1.7290873677889864,-0.34456881857644145,0.9447007181678311,-0.5526484231895062,-0.8054761351687456,0.10448191805359314,1.8008538729331387,-0.7176516425281858,2.4332251402314284,0.02739612244864735,-0.08798627891839171,-0.444977759411208,2,-0.7195169094898006,-1.4291311389305281,-0.837083612328585,-0.13858845242106,-1.09095311408826,0.4615581669951846,-1.21975314077183,0.7251414692345364
0,0.06890810989680574,-0.602606552388892,-0.49663848928631843,-0.050238704173623194,-0.5492103049123463,-0.4313230330556448,-1.2346261609591938,0.8496261721362651,0.9551392198669256,0.28736818414583243,-0.029639074752509417,0.5766174375703343,-0.9435444026524812,-0.08770268864619887,0.24216034418688714,-1.306295794255226,-0.5593409168573329,-0.29820700620761875,1,-0.8490791346448749,-0.9933226479218693,-0.00020136732901876453,-0.03592158708466258,-0.03788352624052074,-0.9990921015410396,1.023713203755665,-0.01601026479653961
0,-2.315552109341508,1.876401241205336,1.7358946810677902,1.670290888637025,-0.5325435813170433,0.20939714323205888,-0.864916785035155,-0.29004582488834485,0.0828499466327462,-1.0647915684863645,0.09630411558030094,0.3569863393276222,1.3885823650924793,-0.7570112332491548,0.18489037893346622,1.8172050569688942,0.2912919349675983,-0.3632573731490751,2,0.19889969734662466,-0.6291638999970922,-0.5569844839713132,-0.09970209291811119,-0.7492712864939111,-0.28030542037686074,-0.8649065499837065,0.1846364663361104
0,0.3416928908067194,-1.6851704340258915,0.5317773695568437,0.7647227312222804,0.2317227071870005,-0.08388248355334149,0.41053232102909254,-0.18443468442436578,-2.1286005600214573,0.69391892796,-0.7056106666234702,0.7505242567704709,-0.7316028657139285,0.340785890323163,-0.3467422430105347,0.1736534355539181,-0.3615843432026719,-0.09633148723053303,1,-0.7593385576613756,0.13172894018572287,1.680979293750747,0.012115332971310552,1.658415052449722,0.8449419579068453,-0.08470541425281872,0.03471932802174474
0,0.688731721454523,-0.646710224108632,-1.2938322354254745,0.8123971732911086,-0.8407043520668931,0.08346250039796456,-1.4048389065719245,-0.9204656674323002,0.6529412001324402,-0.252148502206187,-0.9083027742242682,0.49327485101690594,0.1155571188114547,-0.8218625166920186,0.48090173721688667,-0.2707554662938717,-0.6273225254655552,0.1847685940722346,1,0.2320441629430765,-0.9368571435354391,-0.7717159910556548,-0.00175723602056449,0.028270907669934536,-0.38908985335585866,-0.5698356489845993,0.35854490946816453
0,-0.7733567711212992,0.9296855386160139,0.8171666691348128,1.0347907188939292,-0.523127442827524,-0.5473491288787439,-1.081683802402022,0.6881325667923386,0.9818972374382174,-0.7194749419252129,0.2857456487773281,-0.1718437966028898,1.2167621133534685,-0.6419568247766094,0.27504911407993804,1.0300915325654905,-0.10138461635649934,-0.42143176009804706,2,-0.4260634258226729,-0.8227964069996905,-0.4088445690768649,-0.06219418464945316,-0.6246765521796582,-0.4472474985410051,-0.6071039186774989,-1.0983537070453373
0,2.24867707487614,0.6097641085234051,-1.8339938223006669,-0.5069548814243963,-0.018213360197894997,-0.21532043574134535,0.6627481559715516,1.4613151419024675,-1.4684649430657726,0.7128998500019132,-0.09498028586633053,-0.0537650530899903,-0.3981433890664824,-0.21998758892348183,0.2528763975036614,-0.37440347534820984,-0.65175997996054,0.05796725291752589,1,-1.1996433296301339,-1.8283691095584471,4.304557394594754,-0.09460017748029725,1.09750693595742,-1.7223284441073328,3.4591069890787898,-0.6745123540051319
0,0.41998712573597774,0.1450584057976303,1.2321073876863389,1.42549275036308,-0.15031550729380622,-0.9651654324537868,0.48757705510708355,0.5924328602830156,-0.34072103955313365,0.0631805465679505,-0.5538104972757834,0.3120962048792942,1.0707427997568388,-0.6711498333198095,0.43150142471867303,-0.27301719270024866,-0.1617957973613819,-0.5392380345089318,2,-0.4738214981898578,-3.015251038172628,-0.4717788948805642,0.030817693079222844,-0.21414697136185806,-0.9967270690508809,-0.4239906060746973,0.35123024561125277
0,0.1331505497472938,-0.4544757134878013,1.435463759327634,2.6647682591823223,-0.5732347749287162,0.010965242768986916,1.2149283502271104,0.7711490732252564,0.11789422719005704,1.5960538133090043,-0.2665232626118152,0.9142829018914085,-1.4176402370388324,-0.8291025838826698,2.24216309055004,0.37533240120298944,0.06516163657001858,-0.5376877772579642,1,0.026353613575719415,0.6471673911026447,-0.41284916373232705,0.099342629881423,0.5707749793216064,0.4692086041559198,0.638922498479497,0.738211153492841
0,-0.7959133602040483,0.8779142074052997,1.2799307368644361,1.0125717017515845,0.0059476964544477135,-0.44005737752628316,-2.2811489029657754,-0.2638435968571071,0.29842860382177927,-0.34907764276108766,-0.2831178700987711,-0.31159051359806533,2.1524311215899283,-0.1805954858466802,-0.9491450868957493,0.6791273483913508,-0.023222878260226676,-0.340049218126406,2,0.24211001364623347,0.8592334483205792,0.4690424830288218,-0.08455466850106538,-0.15129512271477097,0.17102437050727157,-1.21975314077183,0.028390568269784255
0,-0.473784677195989,0.28249406831978224,0.8858152672332293,-0.9235471227181091,0.4278521667253254,-0.10298115909301139,0.5156507179736319,0.7546519163195087,-0.29089016456171995,-0.1419293650816681,0.1782097308309985,0.34044550973018706,0.03270039328084828,-0.05439590045776871,-1.5856187963609605,0.4507764478824099,0.12272579264624214,-0.053149569099477295,2,0.06300909794343983,-0.5447637795522128,-0.6922972787377505,0.0011423162809847953,0.4451207199090646,0.32730772497227073,-0.10590675320388848,0.6720985982922555
0,2.0633503442879086,-0.20326553429985394,-0.5301278564490166,1.597542863189355,-0.4378474558952514,-0.5064330794620501,1.1458359679685026,-0.16176827201759975,0.7589182600350073,-0.6493184496194166,-0.7579907514217517,0.12104030572767333,-0.5851474767076852,-0.901645631044695,-0.5951120202722322,0.15195589392054482,-0.4328573756505256,-0.31771768713782483,1,-0.34726568421711224,0.9280939933971832,-0.837083612328585,-0.0042736270921893416,1.04427973884071,-0.2653225918743174,1.9311839212433566,0.26309623393800846
0,1.8293147384328106,1.7867154052460426,0.0653675513041102,0.9009565135068134,-0.2745797829282134,-0.39853362463134445,0.26573401144743597,0.1677933566462655,-2.562767760905488,0.02539796219383647,0.28573759466608617,0.3013160425178075,-0.5168553007154475,-0.4787164400182612,1.0718450332465272,-1.5213639863534105,-0.551386268555859,-0.11318849061418815,1,0.5082063589474111,-0.33300223474274454,-0.6772103183622633,-0.09614393067782616,-0.8913295303496522,-0.49277610275346323,-0.6343003905999877,-0.8752232849180138
0,1.1381879647628454,-1.165361118385578,0.52632645441804,1.0810244091077115,-0.4641852556219074,-0.3969661493012811,-1.0583173550126166,2.244037618856756,1.2160690445964866,-0.6533588057101591,-0.6254195442738095,0.4581368144514169,-0.489905790715638,-0.6984534319126622,-0.061341733044691815,-0.28502314742812085,-0.3192922746708401,-0.19324893424293488,2,0.0025268399842182654,-0.573455859513287,0.26388181315144604,-0.04607772092983353,-0.07495355487044275,0.3481094483656742,0.34079602855076263,1.573511236519252
0,-1.8947574919062038,0.359783331140259,1.4297465759501111,1.0598730673961607,-0.23799731608131675,-1.163568068266545,-0.6402546241987255,-1.4771474851316868,1.3616202855591937,0.21297951061450038,-0.04367416671135768,-0.0888638419738142,-0.3475353004403777,-0.5750317160016248,-0.16457610398163314,-0.44006675504217163,0.47550580302547696,-0.23300371028230252,2,0.11072835264430897,0.2957301588994692,1.2474571403484453,-0.053134727504336655,-0.009686976642992562,-2.230665090163674,-0.2648639198454739,1.1960560656058812
0,0.5422147823332467,0.5886255412446871,0.8312975530622803,1.3971045076087796,-0.3301315665245377,-0.7280875244919112,-1.0935415201365282,0.5882482337989073,0.732734688251163,-0.5821721396176005,-0.08428890217737564,0.014189653315593406,-0.3268244324836237,-0.6992067988317585,-0.0809876809925496,1.2091978316104721,-0.4218123966947759,-0.31207377424396504,1,-0.23435506949092355,0.0652777520929052,-0.022746409956137123,-0.08151284898347175,-0.2955905478097763,-0.05382411963041012,-0.4096121903188801,0.24188809127895122
0,1.0270816869597186,0.4458721167967015,-2.2848966414061676,0.5830720906944973,0.013888187440251831,-0.2924187279065954,-1.5946319060671994,1.3493620547058012,-0.32487100299282323,0.20489323788721128,-0.411467524768349,-0.009688695972000227,-1.3823916669865741,0.3002701360651893,-0.22770419814826515,-0.4111236258174022,0.5813368638362553,-0.21486394821435092,1,0.1215837967986107,-0.498524748519933,-0.598501055022724,0.1484387369311717,0.8288857217620216,-0.6350430125040258,1.1943436627530626,0.2388216747291154
0,0.6187510435458669,-0.22016476725158984,1.3474233325077356,1.5711554700778858,-0.30511880218000376,1.3005569662253107,0.8188950563071105,-0.8970294992695893,0.219436845697345,0.09670631246787612,-0.12529247446228017,0.4331980218524269,1.8049700522390517,0.44850293544389086,-0.46235949537616794,-0.14812990176582416,0.08834072369810284,-0.3015328799148819,1,0.20453741699114533,0.021259149207440542,-0.6468463087003912,-0.03608279803211309,-0.20279490570435205,-2.4896379615015647,1.7367690181653959,-1.155554856092706
0,0.5965141632562775,1.3995088518682093,0.018705679068480155,1.416221387760718,-0.6065440909786959,1.8109192440500461,0.6630945496164187,1.4524697402734206,1.5516703986236293,-0.214480082344364,-0.1408541043313916,0.3320271701770452,0.6305308307224974,-0.6854203361547317,-0.4972285303473454,1.170430873698488,-0.24964358284734786,-0.14849258482104058,1,-0.6057000886922681,-1.9694522062264914,-0.5736768129289291,0.026720702249002998,0.20175676680132332,1.1377372246974706,1.408183673990286,0.8737178090156635
0,-0.7430415968326735,-1.0370218546016645,-0.6495737746184522,1.4960143335105847,3.017754330868757,-0.2792610813864051,0.6208211854943271,1.937830338993042,-0.8535964051435936,2.082421376714757,-0.8274505615823495,0.4111524051560162,-1.382414580578994,1.9321915796982827,-0.3352224750486911,0.36822404202402986,-0.25334374969495815,-0.3411874400885066,1,-0.6768463442964774,-0.8086711382270722,-0.7240497366416103,0.21086469207085282,0.7435914703065053,0.44756688606572,1.3293368858097334,-1.5760035946135689
0,0.3496856047966107,-0.21119429500779247,-0.022576002781472204,1.8786424009859204,0.42264444980535537,-0.5045782536138883,-0.7214213016667674,1.5472453888551687,-2.418664370292177,0.7474259633924281,0.0770352849425946,0.344456944998759,-0.7402084634624354,-0.15671541398496935,0.2871844713810422,0.5477301049074389,-0.5402840668911747,0.15957612946615066,1,0.5905828138570315,-0.7903885700280369,-0.6951179137875187,0.30620043283944187,0.05250381314714675,-1.7685476862536955,-0.11397515681249518,-0.6538663371716109
0,-0.2707758001768894,-1.2551156461095698,0.4496139856620076,-0.7074400398091473,-0.6719970953727019,-0.7700053010424298,0.900246708959357,1.1398717778401497,-1.263182772091087,-0.4838837847576959,-0.27680535254481514,0.2918916640398085,-1.5692281404566466,0.41383356109963576,-0.31941378371317686,1.6163218218525626,-0.30867913743845676,1.239581549508291,1,-0.9026965953254606,1.1788291051065327,-0.6542985752724467,0.005910839024329338,0.08005740183894355,-0.20261750347734803,-0.4485136413837513,0.2810336036689076
0,1.5859572395359969,0.5010701776580071,0.3182542121992475,-0.2516641027323131,-0.9505327068239268,-1.42240240822569,0.08675798026811998,0.29510489603104473,-0.8101947084341987,0.07091771624923182,-0.5351794077563485,0.8429690349322987,-0.49376743783153454,-1.0837102242703636,3.402074590543141,-0.6007399587838453,0.11949657579156422,-0.5249850334241211,2,-0.832098296169143,-0.46579357763773754,-0.13811210597035045,0.16388619987599506,-0.8239197717959301,-0.8834293017126562,-0.6655395254711489,0.2534859330329131
0,-0.31520043226254923,-0.12373664033646392,-0.16161879536025264,2.1539715249288154,-0.2504645324844862,-0.4265817420923246,-1.2365024395009445,-0.8079091705547214,0.1704023244371119,-0.1254960642924013,-0.6042845955542865,0.3468088932412016,0.3884715039217451,-0.6952539374754256,0.4975711679391539,-1.4788528253140802,0.026662110812448264,-0.06464652930914458,2,-0.27761503653560404,-0.9792596331930542,2.853743336664955,-0.07723419917960847,-1.09095311408826,-1.2815293720726744,-1.1016839566426748,0.2954441257582193
0,1.2770515153467255,0.23485306256020855,0.6115984416077138,0.7126311422025424,-0.5375201527987753,-0.8867017050863754,0.8479561597464917,-0.1725462967578089,-0.6958792020300529,1.3949581136399432,-0.1405243353429413,0.9708433472780027,-1.4636743639216763,-0.16302593520598813,-0.7015578431919554,-0.7263124940365753,-0.15190474273278592,-0.2538296083582937,1,-0.2838537680417265,1.5630568929292221,-0.4611605359040689,0.0675885982533977,0.49785157621739984,0.06430633268090141,1.6367526134421102,0.5883990045881984
0,0.638355138525006,0.9628141592613861,-2.918176923126156,0.5037269090065127,-0.0065787616742703885,0.7192765733301603,0.6424784807430991,1.3022271071435674,-2.717142397391418,-0.35397309099924645,0.3465136150842039,0.038265881802589,-1.5287456523759677,1.176055233768805,-0.17023112885730923,0.8592677399178278,-0.4956040690066682,-0.3664783310879945,1,-0.6953207686925535,-0.754348090973468,0.4115938597710246,-0.09994359290434121,1.6424605000500088,0.9514279107205554,0.5042293759449713,-0.29898904941113513
0,1.1578924797828911,0.20035257244420845,-0.3421385383194192,-1.4907339625446785,-0.46636760843607894,-0.09827185337283562,0.6751950602970813,0.19713098085537872,0.28499756306160573,0.32565309355280914,0.3807253982458762,0.1361577271732312,-1.6304555240478174,-0.058386664949713785,-0.24010663611555796,-0.35007752169149514,0.05246691432244718,-0.3645747401067676,1,0.24690067155478007,0.46747837839580275,-0.7965607727338407,0.02464492697722187,0.8891954677891977,0.37343654372366614,1.9870374530056898,0.03239995149101926
0,0.21694400327740582,-0.7439492311508349,-2.4671216141654315,0.2686616155036383,0.9746447292862535,-0.680771533904353,1.0112867982334752,-0.42156185829218856,-1.378562730950863,-1.2323984287161682,-0.08739785878322172,0.2291704961336271,0.5127815457393445,-1.341816766651431,-0.07722606786313047,0.19087827127205964,-0.5062336244810064,-0.22571181814349486,1,-0.4234623272438157,-0.257695653813079,-0.837083612328585,-0.13858845242106,-0.755673314623805,0.9878118282430801,-0.8053500516384673,-2.31159320995854
0,-0.12311593195718812,0.5898612246900455,0.5274612269563488,-0.0898035217633476,-0.442737658033704,-0.9178078015044122,-2.0109269297491443,1.524888028232916,-0.476916127107129,0.011379235137413457,0.03448843254619545,1.9375588080587727,0.7277720337646574,0.6167213453046332,-0.3205723011072316,0.3619942816918819,-0.2520163667352266,-0.1814638093711291,2,0.432461250092835,1.1739205524085037,-0.24478042714896764,0.16934365308069216,-0.39757819722538756,-0.9948710413418332,-0.2624122271199404,0.5530324257251997
0,1.4835092471635694,0.15510670941776283,1.5262042709813723,-1.1011215926266926,1.9413455908064638,0.5976636925652451,1.318723451805576,0.5370031048714918,0.7900298796139203,0.4070255912767118,2.048348753277638,0.32405611903685294,1.6445735819397256,0.8232357092726065,2.244077900460687,-0.0042003530523134075,-0.22965199882501228,-0.1546148173717387,2,0.49341482535801184,-0.5619207531690275,1.8519753139726944,0.03999085103572275,-0.46048514202509205,0.2024839717324282,-0.7596795889731387,-0.8352569680106556
0,-1.8428468541488359,0.7514343686906644,0.05522583523555739,1.330790819424171,-0.5351587648174546,-0.6562795416385757,0.0414847921512983,-1.3944909659539029,0.12175907253689155,-0.3318396077514905,-0.36855290714243266,-0.7044195330851577,1.7128866514709684,-0.5466144706599079,-0.5365604140710973,-1.1540874387405486,0.08058941104824938,-0.3775471908871776,2,-0.42385439728189345,0.3650619832959999,-0.15326661506260508,-0.06276782582994223,-0.9279121516341877,-1.21153485561033,-0.6911450572688437,0.5487442634640887
0,-0.6563789732560258,0.27682336059708545,-0.4439944045787927,1.9184820024528395,-0.27830398140617374,-1.3528902918684105,-0.2778108549425824,-1.5079710043600483,0.10824198448451981,-0.3710275650532415,-0.6179817672146772,0.6438054146636973,0.6857125186968249,-0.7494271447317771,-0.7388284709114142,-0.8445590138207336,-0.3357189330575978,-0.0458637755902645,2,-0.41948804870977385,-0.04887916984989937,-0.6912227846349368,-0.13858845242106,-0.640204229876505,-2.5846046737825494,-1.1270704787308627,0.3440430158008567
0,0.7664243353467388,1.3084176279494917,-1.3878937050752036,-0.2167879029271142,-0.25453676349273424,-0.5394691900117187,-1.5414721379621064,1.4130817606442299,-0.7520385272840209,0.26838873470386904,0.20501355439355134,-0.1675846651789223,1.747883706479087,0.17569268618133335,0.4649685930784311,0.2566408144610689,0.16510322945863276,-0.4925704393362159,1,-0.7705341079006873,0.6134270904698189,1.6119993785897746,-0.06711562220705859,0.8277917918330147,0.03237065110091125,0.23105276340136557,0.001786735408366491
0,1.47181157600072,0.9714123854240121,0.954144786356687,-0.5202098989259201,-0.957423359802864,-0.8044550157456267,0.8182521839457384,-0.9487066287148266,-0.8717361002036412,-0.37881047055536193,0.04665276716446498,-0.26807373594820644,-1.2879094621292022,-0.24195010747197096,0.1104391118009001,-0.7619879183095021,-0.4049923553755287,-0.4199517360327382,1,-0.2231351668653214,0.2903545726133552,-0.023461860633218454,-0.04696058708581202,-0.6770512399366837,-0.8918009287454011,3.2015772575695784,-1.3050139474254325
0,1.2172092061049806,0.8800068825277509,-1.1089745522313517,0.6133893895912585,-0.24710628285987524,0.9256012491743927,-0.33938706770216975,0.8554728116504537,-0.6574706560130785,0.8291934741097675,-0.8174675415632685,0.5644319970658103,-0.3521854892657568,0.0736910467500974,2.3673639444855525,-0.07722101285733651,-0.3003832845960721,-0.3824593851650297,1,-0.7721319751111924,-1.801626021989006,-0.6280437640015677,0.04510461063355528,-0.17514272604267403,0.6846296567695036,0.764001913835336,1.931986643133496
0,2.24867707487614,-0.462483923560141,-0.35816889069800484,-0.07304595042683037,0.15861487954871095,-0.2922241700214634,0.9026064423773971,1.6616387379146966,-2.157027546856246,0.3556258691794302,-0.13931712784357278,0.8141034213271553,-1.6791068217066614,0.21744161061416561,0.6131931961789676,-0.09331213066246913,-0.6017089038295865,-0.011651471006325853,1,0.2583490502791246,-1.2216531256673044,-0.8103793524435925,0.02512542078491177,0.7337392958468517,0.7550685083636816,0.18354246701943963,-1.1821485061070984
0,0.4377560383544068,-1.7239111063149883,-0.0044624994616988545,-2.3364348793580545,0.015596677969618056,-0.5484257445182159,0.6236584059193847,0.07006340578608472,-0.8222754856340061,0.4073342947293378,0.08181455183111153,0.4457722418592908,-1.1876372618322613,1.1258335176099528,-0.7395125506969796,-0.5972589371222526,3.7115777262924983,0.7594350318587111,1,-0.0561372241129626,-0.1039056323819848,1.684101157990098,0.0674960347030734,0.15540587305215792,-0.9116535657045771,0.4422557901203974,1.2002649095574682
0,1.6363152277165938,1.0035438619608759,0.8097725852732481,0.554048025103299,-0.18820467425521592,-0.9463388507596895,0.6952294966027941,-0.8641730978662985,-1.2254304843087542,1.8038481288769934,-0.04977089588500905,0.7658667623916571,0.9895725834504969,-0.3273809264819241,-0.6604250910939099,0.6974348541816723,0.3608857939014074,-0.5391915302095138,1,-1.4682173511045962,-3.0404492679897253,1.0983546160642788,0.16872930334473005,0.7425176473893339,0.04800188242266745,-0.061053769893426146,0.1255660053503292
0,2.166307734811579,-0.38905628721147734,0.9716524309738566,-0.7255936564614587,-0.47916630647093683,-0.8588401927898673,0.5479043049376641,0.15240264619543376,-2.4515934619744923,0.703078112121206,-0.7458097867799299,0.5770072532345738,-1.767829958778504,-0.6787478945531884,3.527973062641634,-1.424749688519245,-0.5075630156858241,2.067794295000988,1,-0.30931792054417717,-0.7267432269211042,-0.15695711508043936,-0.05802163983387293,0.3374685721418895,-0.24769269246130715,-0.7504116401748162,-0.9325430471164755
0,0.5157043634981672,-0.3099041223630892,1.4623591885399039,0.764660053008645,-0.27214204789460295,-0.805080563055423,0.8362585303811042,1.9847090443549493,0.18013514231066718,0.7147642390435702,-0.05374901432112064,0.3022671131816475,-0.32574989706098756,0.450531782227486,-0.0036437889714239224,-1.3959587296426217,0.011555862450971982,-0.2763100424931123,2,-0.3435664331433086,2.1539302628299293,-0.0028492752568020085,0.035055522775087236,-0.6502442887694615,-0.9028590229734408,-0.460459647720272,0.7068731415367001
0,-0.06526636302088373,1.8407083749348303,-1.0927640251688242,-1.293859276263797,0.18204040482842918,-0.5374339387323839,0.43073246008515403,-0.36447627887059797,-1.3797574515295161,0.005492580023939431,-0.7149364596213084,0.8539549762093579,-0.9512921590781389,-0.27730095295982904,1.4969855902183773,0.32614820188308713,-0.18052588004211728,-0.4809546008245933,1,0.31665925352736124,-0.08098981687378842,-0.6098583619268975,-0.13858845242106,2.4978838446566085,0.39410210140993135,-0.050777817808338885,-0.24362115534598106
0,0.2997676411859831,-0.5693676986423759,0.9411627658521876,0.12782805069745196,-0.48421904547339684,-0.5433676943128759,0.4459371741213094,-0.3523439264298992,-0.7178461057807228,-0.310711999208408,-0.4661331563636975,0.7971942694071199,0.6390133563016562,-0.032694538517964,1.7716819056996806,0.7770762576481896,0.252221955378568,0.013894770873602968,2,0.4265049044792625,0.005998764825921099,-0.7078394013773498,-0.07160852694832473,0.5188138770194161,-0.3529841151117693,2.4601429634817236,-0.41922263457277953
0,-0.27329255857297435,-0.94167899064639,-1.4572430378615309,1.3092591690767146,-0.6187873542366302,-0.8440945964769951,0.8311592110724375,-0.8281446969086605,0.672471546730631,-0.598588211729027,0.02601872604009159,1.8539070088773386,-0.7687377101336574,1.216868143420132,-0.3488397143981009,-0.7213142778591304,0.15646634214722036,-0.05526939158045477,1,-0.04925552445913903,0.20996554785601912,-0.7361590455459426,0.12880938055234536,-0.016188980423001542,0.0566107219369128,-0.14704264722675542,-0.6904229884429325
0,0.7878489502674578,-0.08531215529584102,1.822418298266679,2.597519882383872,-0.31546796573750185,-0.08253442727345452,-0.008937829825632626,0.32009227701496673,-0.5588099956738265,0.2899253055178032,-0.32748283841243353,0.4560784071031893,-1.3575282098652317,-0.0010016943479272122,1.1087261891071452,1.71334727217643,0.13687839280096464,-0.230241629245252,1,0.26786058276649083,1.1853543404817353,-0.837083612328585,-0.08260645132025661,0.36290086199882177,0.7786251068510345,0.6705845789982221,-0.6367435691887502
0,-0.6922697389608541,-0.64571590102587,-0.3353308667997685,0.6555919757999844,0.827446789061498,-1.0862738245747385,-0.607098185527603,0.1271532564608694,0.24862305520883554,0.9121672698773129,0.29201909326992165,0.3250690943296677,-0.5409247124822422,-0.7528996815726645,0.9342269345000784,-0.2942413572725817,0.8466206577506887,0.17727548546746896,2,-1.339171744005961,-0.4867568397002573,2.6535476548803487,-0.06952186780080791,0.3328979356413032,-0.2720179677491081,0.7367556900307027,1.8624427861726276
0,0.3873227724847814,0.09292349731259776,0.6975949249059892,0.7962043523790041,-0.46454006421112104,-1.065683769817434,-1.314661366468453,0.743257914910515,0.03453455001925004,-0.8429359409954873,-0.24872591601771038,0.22572517953127402,-0.049446983773189346,-0.9238753361868803,1.3007176900869448,-1.6173955452429323,0.5806738145813519,-0.5177356338018415,2,-0.030564854416784193,0.3143983218365546,0.24853673609115326,-0.0863068289182001,-0.7198318370805996,-1.030875690889919,-1.1923208441349193,0.45483703973997486
0,1.2396387552776962,-0.09485209954984236,0.27744398934121434,-1.4006193559593263,1.8131393753536496,-1.0755423608102825,0.5956523532143134,-0.6733280532714314,-2.359828939142819,1.4881427855235478,-0.5159551010472071,0.39490638891260343,-1.2892679485473986,0.4316623115766408,0.1666068475899325,-0.806067158163349,-0.6094879801546186,-0.3262231930734667,1,-1.2191192557903774,-0.2890972380060018,-0.8314475416407048,-0.04131050585390221,-0.02213479496872689,1.3068295351745833,8.256681470811714,-0.5468622689168743
0,-2.1281518686541294,-0.7020672792442404,0.514237967409508,2.0682118363328827,1.4400464510503435,-0.12070254996412225,0.653231486730484,1.7714075921092263,0.7865637423870526,0.3310362883097998,-0.1127660470110357,0.33590901737311896,0.6242369187153095,0.4016562832530688,0.5643537820839613,1.266040239943114,-0.3204725409694933,-0.27437966094268246,2,-0.4433714390931369,-1.7200099635432087,0.26680812532724607,-0.07601817765536989,-0.19138358204343736,-2.0911242753714006,-1.1322086138847967,-0.9927816444279214
0,0.10013816106866691,-1.8572721364175484,-1.3281582612290603,0.0016865837909672,0.5848379505915903,0.24170752101620813,0.669496012440862,0.2088656206500512,0.8454046531050476,0.4265514334289816,-0.05463661889091179,-0.5338892470843424,-0.1719855798597535,0.18927693614923174,2.0908354923780657,-0.572456535738408,-0.5730311567064511,0.2583002945241468,1,-0.17803940807544305,-0.05590872616025355,-0.5930622882246891,-0.13858845242106,-0.8210324345981408,-0.5719235613451943,0.3183097061688268,0.3215346732600613
0,-1.138904223280353,1.8496172277797553,0.5156830796838727,0.7268750167192501,2.372233027114999,-0.0246829472312816,0.519136025752577,-0.33576150623279416,-1.550346255153544,-0.06762313035973025,-0.33423348846230916,0.4411765474736715,1.4007784354957358,-0.8037739555819978,-0.17691994539347713,0.13974132971208464,-0.4558510895037381,-0.16599342998615585,1,0.8358882750051014,0.017469711490617934,0.639297269286458,-0.1291373332617193,-0.1805602492773391,-0.19274798881655875,-0.46348626430313633,-0.26213022117749923
0,-1.1574947249908512,0.2681443684940012,0.6268341195626183,2.426707326174895,-0.699151575848903,-1.432940991027566,-0.9073601910608291,-2.329100811932186,0.3997284270837975,-1.0093795236375902,-0.3711083126155446,0.7505183802847413,0.47376739583100996,-1.0074515263404655,-0.13420295123543824,-1.417343491619532,-0.65175997996054,-0.2931490115063108,2,0.4686729121943438,-0.2464692647366546,1.289905987374578,-0.13858845242106,-0.2615449299704068,-0.3357745236028593,-1.21975314077183,0.4775620795621649
0,0.44156998314463813,0.03479766000382667,0.21957129445881912,-0.18432731272339947,0.35764381898101194,2.2008340586080704,0.8760903699007674,-0.2557856649901929,-1.4715759189247357,1.8986390553662353,-0.1371870669782989,-0.8449696453559026,-1.2458076507695748,0.35587571541673135,-0.1771499541010385,-0.24015508179463402,0.8497397396213366,-0.2179123275287762,1,-0.7308764206200062,-0.32146306597512603,1.26604260401863,0.08305433091105005,-0.5602079693139648,0.3451207254301391,-0.3651520450953721,0.4471784271627978
0,-0.6000680939713984,1.2765025400993595,0.7757144402681218,1.8788347906219616,-0.7528737579380157,-1.2579150132951376,-0.8822238387645253,-0.7607859246856217,-0.08052618188927146,-0.24889323458580556,-0.15523767071317918,0.8279843660413608,0.7738010246248938,0.09419358708681291,1.403075497485096,0.947445951266746,1.0387023285625094,-0.4037058233297138,2,0.050821603907768576,0.4834534690482803,-0.4569003582866495,-0.11130481623746322,-0.6083076083280903,-0.4320783250412795,-0.4794020613563136,1.3474457078888507
0,-0.5892947702087438,0.317722567666638,0.7001830156227639,0.20795136212350973,-0.4156030365043819,0.41083443005844245,-1.8857098573523654,-0.4698875820193574,0.5738705353639034,-0.5546170591775882,-1.079611769063876,0.9229193386767665,2.172100412207877,-0.7356749537604989,0.24427009844142805,-0.16648586486989536,-0.29940213788741193,0.014971134021951549,2,-0.4227532862867448,-0.8442734756495264,-0.7305151727581216,0.04321953924978901,0.32929009710678214,-1.242541229758239,-0.8295995927816484,1.2860806883207194
0,-0.38164897749753013,-0.03882676292124687,-0.6723295570851517,0.8904878624431694,0.22689538219164407,-0.5543581233516218,0.7283681996041984,1.0071053452597314,-2.0309189386721753,-0.8224571974045558,0.3117093958772721,0.5779688197797268,0.5376592390337881,-0.538307958021449,1.1378785787066816,-0.30294763856077533,0.13991345939406563,-0.13636534293628189,1,0.052178673610424914,-0.3267939597128602,0.3040454750132885,-0.13858845242106,-0.6926627878734368,-1.143459306945609,-0.515459259362506,-0.3349236969702071
0,-1.0233787226781375,0.5709444951901794,1.718422130055738,-1.4210639079036262,-0.0420049031411856,0.42412181249922715,0.40848204870537486,1.7588721845469326,-1.0804437213183742,-0.3001308650238214,1.5968998998087065,0.09128148581712428,0.17175777668349457,0.0616722489889171,1.998183068522516,0.02357905902126442,1.6067339544982284,1.1883348032292247,2,-1.7828201705198117,-2.2622146297775303,6.6690870083432845,0.10060880774952863,0.1517359161286013,-2.5466632054723455,-0.7999592708995498,-0.5761933201256741
0,1.6840306503314162,-3.491204504062395,-2.4405842994232687,-1.0591334026220154,0.7366357552093575,-0.9535549440102631,0.6015540760459254,0.46791603607916343,-1.132810661713522,1.256483661568554,0.48570266710585036,0.3440536921647683,0.05982621528621632,0.760134786737642,0.09635629245456702,0.23387355501732165,-0.65175997996054,0.27044756791555624,1,-1.3795769164894465,-1.484184127702224,0.24575791590873014,0.011523369712317003,-0.3152090006008628,-0.019601207046567315,0.07310599008083715,-0.821928275869243
0,0.9436215986269669,0.493991024158024,0.8963396594976745,1.4707459396606524,-0.36923387895370047,-0.5567434659975711,0.8227526607706697,-0.20169540643600786,0.47690160255605263,0.44923088202631634,-0.6660352545846848,0.7643616236934383,-1.5963072081309284,0.702929554386033,-1.005095987837087,-0.4550288410228193,-0.5792167759901489,-0.31790146007578624,1,0.2515565618693574,-0.7708540439574885,0.5235860126753952,0.05724150462044102,0.6383835075435769,-1.2198913820344668,1.8853405361924302,0.2298898927238597
0,-2.472915212773372,0.46976010215748476,0.5066909878589031,1.133271425236401,-0.17998439831425098,-0.604387729057757,0.3793856878609737,-1.5858066670834754,-0.4556648700337848,0.8272059707479839,0.4663671063329535,0.29718699363965917,1.8420464169159665,-0.09452259344288218,-0.022341852306266397,1.5897596833638747,1.1487421333138812,-0.1968608431229774,2,-0.017214704589122443,-1.5101565708272653,0.712677537912713,-0.06957683422883296,-0.3887685729925061,0.994974707022216,-1.21975314077183,-2.0676429189395016
0,-0.1980796515799682,0.5184290469524193,-0.5243030067687573,1.4712661329668006,5.360611311833502,-0.7145721424623251,0.6123304018223269,0.1375173275288573,-1.1610966894928836,0.362280302334022,-0.3918488273697959,0.577787534690698,-1.1051155990034403,-0.8622329144771592,-0.3414813360820371,-1.2775077801268782,-0.3392615658963145,0.052720395185131406,1,-0.1502314797065135,-2.2840009100933107,1.0250463254497844,0.00961475436496606,0.960482724744822,0.2969140647175278,0.41194369405821374,1.1922075874989264
0,1.1309082727393889,0.2980312835691436,-0.42123462858309085,0.6241504959530632,-0.854142222245849,-0.8589530229444098,0.7958429070543183,1.0689275389490644,0.93953260745631,-0.12131622136443836,-0.44530066956757264,0.14980511562380033,-0.4757457856634907,-0.5856627123503976,0.01188381343570255,-0.20015241622416746,0.17031186457068376,0.5395246428727096,1,1.6716626557622076,1.161142871691563,-0.6628907741211731,-0.1096711891866487,0.9879200674170977,0.09940925358270158,2.0374486422272464,0.32774162032142173
0,-1.5315860617264887,-0.9702198883858358,-0.0681281659953894,-0.3643894288982825,0.126252245918133,-0.30327372756938364,0.36764404625106034,0.34432135035948336,0.1957740311817978,-0.5399825065539602,-0.21193720169156904,0.5547489042423721,1.0088676376409556,-0.8680735167809983,0.059760696657277734,-0.40109381319094173,-0.15202264137356586,0.004514682775433598,2,0.703542660496036,-0.3976281234201723,1.3095185289697029,-0.05767516947641213,-0.03848425331418115,-2.4839846647581867,-0.5087689498213604,0.18846364034012436
0,1.9578807004080883,0.036146817539404075,-0.5519658640617863,2.3865649074342556,-0.7636407462556976,-0.5422544800126199,0.03315173104960434,1.648755220838059,-0.8824209948504715,-0.3718228284632555,0.512543311459014,0.4993226206015679,-0.7522157403493344,-0.7713063121578134,-0.9320017403273568,0.40781963750163663,0.9027475119210582,-0.36929274970070536,1,-0.1983824524625475,-0.946828414816042,-0.837083612328585,-0.0929352803281459,0.06686742454594857,-0.5861670189421672,1.3197611497379587,-0.46226656232788055
0,-0.337856688385503,1.3820515239486304,0.9503904773008667,1.8305496376046013,-0.4457654775442057,1.6709369221931862,1.0967330090920449,-0.1292654777084134,0.16741980890494207,0.34548993669050576,-0.14590391070391823,-0.6745519299088631,0.177834283845304,-0.30998622937398873,0.28783538851744706,0.7364185061768239,1.8387874077622954,-0.2053041754188557,2,0.4218066461988208,0.10940273095421427,1.0330031402429043,-0.1171960438395512,-0.4502151274894013,-0.061984043149050816,-0.630658108228918,0.49524161329840666
0,0.1208534040787419,-0.5209064325707864,-0.14105175881361687,1.609938569000809,-0.6664173043509896,-0.7352882425742804,0.8655241514559555,-0.23269325202872193,0.7285917973892289,0.3350916543315191,-0.7157487491460226,0.04724209884914021,-0.16190623487259537,-0.4737070247517714,1.4186098360516333,-1.114388977264605,-0.65175997996054,-0.29161666736951175,2,-0.6335202423324029,-2.651126019386224,-0.5659016202106828,-0.0413553478500613,1.2929632442961323,-0.635835195926965,-0.08842358685615537,-0.044941910134796814
0,-1.4446508782036418,0.519763124144219,2.3676735866330594,2.5325544071658888,-0.07789137305308902,0.05464848379246423,-1.3037365055505463,0.35589497045999186,1.1265418368478388,0.6779486977627414,-0.14951688125606483,0.6368184292053227,0.6841839910044838,-0.6102430852244826,-1.280823617725627,1.5644101883605614,0.49169930052687155,2.2511581771643465,2,-0.8089503147894401,-0.07253139328143032,-0.7507334252691817,0.052871487390348276,-0.7354172903620566,-0.3278646196764732,-0.46881663513378563,-0.16452702588995338
0,1.606268756518884,-0.5911050835498162,-1.6758106329259816,-1.0216943188246268,1.2974331923918037,1.7047023075664411,0.7077292473613542,1.0406464399336346,-1.1990016257851175,1.3506377249238608,-0.8458838838759554,0.13354681595698925,-0.4754692751441,1.0313145677729019,-0.7741672663730387,-0.7306322040477624,-0.65175997996054,-0.07687606288946425,1,4.199035999109179,-0.6057560242893186,-0.837083612328585,-0.13363527595033742,0.48421437443194415,-0.11908306078388176,0.6684680868872706,-2.2516891082223816
0,-1.2400770068772862,1.5987316145664685,1.5023913134735702,1.6146411978107804,0.06634013695732932,-0.7026180688957264,-1.6562058106283502,-1.7249446165534517,0.25519607199483285,-0.10916533185901606,-0.3502804911297844,0.5777533028083399,-0.09020583590071696,0.00035182947477269133,-0.003756584746608671,-0.7968182952530155,-0.46877399639728456,-0.28076716757726716,2,-0.2752831159040509,-1.2585243826116574,1.0964079461356415,-0.07287676023860841,-0.06688005340028239,-0.46552338852447334,-0.5117510986389664,-1.1253701396375777
0,-0.5377445873025268,0.6875666956798745,-1.3212093395608218,-0.2326262227963688,3.4274744684215723,0.32561416923849246,0.40753180036503095,-1.371058251719099,-1.9578997963800628,0.5124938355335106,0.9350455677478327,0.672186899564539,-0.10838656952573301,0.4037074925819253,-1.0773462699019287,0.24264783077969668,-0.025578856582267356,-0.47643670363861557,1,0.2954410649158208,-0.036666347180844355,2.4462752843507727,-0.05634234588055016,0.5846026034407188,-3.468554660194699,0.9610970413436974,-0.286042625452118
0,-0.8260947398931768,-0.10146497287440226,0.7429545048184591,2.3037785150231804,-0.8356272004900491,-0.19569964039819307,-0.6363166508138687,1.122219148202098,1.0948511640629681,-0.2788566898777968,-0.8112113873914779,0.12279859594180659,0.888411966530994,-0.43662578359731397,0.5538085274227046,0.528340157637036,-0.5571900264863473,-0.23439160726160757,2,0.34089493641196134,1.5681850072500714,0.34107800545812045,-0.008145299359734327,-0.5639830198318274,-0.6252790101024962,0.5179515992157854,0.7461539007069388
0,0.33229030442666463,0.6257823199285135,0.006951189921350551,1.6242073426823365,-0.5544989214846817,0.06874338667996571,0.8775390974665214,1.4409789537533073,0.8893179729803471,-0.7437575405387642,-0.08004084709492533,0.6079152655188795,1.0637536846415607,-0.2493529602444359,-0.24623112208172326,0.028493866171415694,-0.543339816378358,0.14826826113764408,1,-0.4967942495083386,0.738390432229577,1.3263471789179087,-0.12150517898608591,0.07690884069187931,0.1684583483415255,0.5514005249554819,1.1561389595842775
0,-0.38401223450640665,-0.3208539030504258,-2.8566857485865826,0.9338324640145127,0.9138698007717074,0.16578926938612454,-1.859097939583467,0.0047741797936123875,0.42953182858425654,0.4928591803625577,0.7929921436759936,0.08421268404022947,2.8471071447974756,-0.37275715665085396,-0.37127281478972946,1.101099393809224,0.9505334691987197,1.2165367719806508,2,-0.6328773974939323,-0.8412790038411322,-0.688691356502013,-0.03206053558437891,-0.9064642143927484,-0.7919794207306796,-0.34749860042504155,0.9575835815915588
0,-0.07619343556004454,-0.3150572822633557,0.5635351749461205,0.9865698856572434,-0.09914923377511531,0.030935394390184806,-1.2817422644453056,-1.701446243181121,1.5131121989047336,-0.9058236502216248,-0.9520413887434818,0.5748978942296383,-0.34800229863626697,-0.6857987497332991,-0.8865476376017523,-1.431131526317077,0.20241417627519268,0.07830846067441927,2,-0.4394414157042623,0.24547045656375543,-0.5897257241074259,-0.13858845242106,0.22074826422995675,0.6092739679580107,0.638388507364279,0.8382755027761277
0,0.9782150844103459,-2.0478317342344536,-2.213970218650573,-1.2604400321251528,0.2980785050318765,-0.2253581678971931,0.6095197897614477,1.0524320181250626,0.31758673718163544,0.18227631481616557,1.0100628977514792,-0.30400081261675027,0.3872982860265003,0.7715073645604502,1.2199271725316883,1.3663450515055224,0.5179808400215898,-0.32397981037799095,2,-0.7547003982961653,-0.10288237418546009,-0.785241682690755,0.0332562334781082,-0.27946039490914654,-0.17321940838418848,2.2983749888406106,-1.1678808765454118
0,-0.5818769603158839,-2.2131120793928347,0.1763843285851927,-0.4717134636341392,0.014340848382006555,0.09245436362120171,0.9123716943977929,-1.719637298905651,-1.1657653407527189,1.7153168045674807,0.43122912808354097,0.5145299286425726,-1.4568573609583908,0.7899783907359146,-1.2308659538324713,-0.2271232646361933,-0.32083844862522726,4.0331796498525065,1,-0.7829501381905294,1.5973606717021682,1.0321001591620458,-0.09732661261618286,0.1938240342941442,-0.3165082197648124,2.880315806942551,2.393763555922134
0,-0.34204718539109813,0.22451376603186768,-0.5818468083399976,-0.10476725225746819,-0.3208108845924973,0.5273149320192676,0.6056020211238813,-1.9230689645784054,-0.1214748576549689,0.11004483836783291,-0.5115493728505418,0.8778336342744664,-0.456313103973909,-0.1301909394241907,-1.8525892649448645,-0.47869657872829385,-0.5623254316572345,0.14296760682388537,1,-0.12360043022798423,0.29479186206031543,0.274926095207869,-0.09199995242251519,-0.04898424069966639,-0.5408419522845651,-1.028902777693721,1.5397171525192692
0,0.8913774737079689,1.0125748642212655,0.41332380430912175,2.4906560694023456,-0.460358932771295,-1.2837040496556926,0.8358696144895729,-0.4897685009923114,-2.3935224778698068,0.41920543782045294,-0.49786819962549134,-0.2624550760638862,-0.5954317961818675,-0.8539286383034206,1.640148458446883,-0.0959635607141639,-0.4568110301124466,-0.4228793840692546,1,-1.1315100932792657,0.6521424942114575,-0.7040806540577412,-0.1063218771748935,0.4758830310443483,0.04057007111807959,0.8740116165474285,-0.689302493278284
0,1.5786749675019638,-1.0283376142848262,0.9303452500209037,-0.2613250199214545,3.5153843092718944,0.5980843899333355,0.9195265583303027,0.7592176586985736,-1.8980264017325776,0.20290425428772185,-0.1364517947776749,-0.7178652543554904,-0.7513004142354983,-0.17274485085539593,2.087774841859419,0.9335061487408773,0.013340957111021984,-0.19588439458920626,1,-0.2905613767782992,0.11427383737047112,0.22825605278851738,0.01767312466506464,0.7694073714783388,0.5231364563115429,-0.8111462143616728,0.7341716188643035
0,-0.38780324411906053,-0.22025920828083267,0.45868219498128643,0.08189839886315942,-0.6542042878502105,-0.6312684349908414,-1.3830357781826748,0.7260827504842495,-0.8527941441229274,-0.020241186218203477,-0.820933485326523,0.44451369443378863,0.5772569154669678,-1.0899123551640504,3.284600080050372,-1.189033094977887,-0.2723506182925235,-0.3485928674821024,2,-0.9449123468666374,-2.0160889669404964,-0.5290093824035794,0.04147677891126936,-0.07890234117160366,-0.37783892329802315,0.31837419143760215,-0.349928868343914
0,1.5393373356756668,1.314078174014279,0.577077656675864,1.4729778957678938,-0.022083491953864387,-0.9393367171856073,0.7637675511658495,-1.225868548305693,-2.463901349090815,1.3821060276401909,-0.5486867757018354,0.7469682147360652,-1.2587833051663808,0.20988484533780194,-0.09600980949411042,0.000598420816061207,-0.25465895607414174,-0.3731680959921708,1,-1.301105957838935,-2.1594440851530035,0.02343049324975588,0.22110646578597407,-0.06067674290577604,-0.03895957971641595,0.09187670944908857,-1.212713952651488
0,0.6486062788185234,1.0184376874127516,0.5563013338876615,1.5953930478705036,-0.8007555185068205,-0.11080679194730456,-1.0713873955743374,1.6592809704690468,0.8703544549656017,0.33591578964906166,-0.6950773442934581,0.9730612021274354,0.6751445482255871,-0.04512408054299277,2.150253417906253,-0.969936520422923,-0.2882373231655615,-0.30850858554403415,2,0.9161048720437022,-0.944085880441048,-0.4417897767960545,-0.06832863601713804,-0.010920184522804022,-0.6553613266793661,-0.46118216579493854,-0.2565964549394796
0,2.0206704541409564,-0.17539298793337882,0.2583171504081314,0.0239097875079044,-0.049187756522710624,1.974457034851584,1.1151855658041687,0.25173943152059836,-0.21714846897161832,0.38419565162991787,-0.8142184423618575,0.2843861430662016,-0.4210509747422472,-0.2810681032974952,0.7062412614901008,1.785787550398644,-0.18008095323338708,-0.39336901182396933,1,-1.1857697445961615,-0.6791323153073963,-0.6121807849430722,0.02302819755250922,0.8403287813520551,0.10267902419759334,1.7278279862721133,1.4662720069624295
0,-4.87981549896123,-0.2923722584897769,0.9210731043084661,0.09101954143284097,-0.375312152749668,-1.1541261963481517,0.7729806509757365,1.733681124219959,-0.002523886516341556,-0.24641780910462296,1.183021011845886,-0.04781004233103873,5.005501981848358,-0.3411840367921384,0.8295014315460058,0.25206156400454405,-0.2038151027606224,-0.44700092131161556,2,-0.8247854901951529,-0.3900325182243227,-0.3955171431762854,-0.043337924328364565,-0.2140919796843686,-0.42543897934729236,-0.5605955969196171,-0.8986007456620351
0,-0.6694888007910766,0.4679567909202531,1.0864523735243807,2.0499718031343592,-0.6041741445246529,-0.7373978904668324,-1.0193218718752892,0.5662253221420885,1.3775673524154393,-0.18056581795475685,-0.975137186230924,0.322331952631608,0.8183106893656044,-0.872242138421786,0.4053027656001742,0.05048108660782568,-0.1378817278943923,-0.3628925077917648,2,-1.4727871902207827,0.10241335312077063,0.7034832665149204,0.10992251556105428,-0.6093369972825804,-0.4583010767600365,-0.5008248112162479,-0.4283367319639546
1,-2.2188220192801085,-3.8404188663699,-3.153772487756503,-2.902703729876728,1.2359368215903759,3.343358229678326,0.26049247771895767,-0.5130422923417968,-4.011499080994572,0.5338084057802874,1.7237115128698028,-0.11779070934468916,5.2671366644094855,1.39158600084093,1.2711166220842225,-0.3483386267262193,-0.44909150722830254,0.09785717708433306,2,-0.9580448273783184,-0.45707024215859815,-0.837083612328585,-0.0875103765768781,-1.09095311408826,-0.3532371437188203,-1.0918561572046666,-2.1644564507788986
0,0.9666731376815645,0.4859551914797857,0.7040776778851136,0.4721158632869443,-0.8858411599040102,-0.28264316496809794,1.2210897595011831,1.6476819558199776,0.7569033403279262,-0.3268219000123843,-0.4987101623793008,0.4024685992857718,-0.9020061290124344,0.047134665784169805,3.4077244965398474,-0.0355317713381709,-0.2990571062002438,0.00916842288787395,1,0.547683164611445,-1.5502836197891372,0.833119786902553,-0.06762746431987501,-0.7163870831974822,0.35238767826888145,-0.44336238424142616,0.4930161017707818
0,-0.01035799680364341,0.47375371844968983,0.8605453087368082,0.7443939040567544,-0.08576802559263075,-0.5942383396831813,0.6832002589559348,1.8918975355895666,-1.2816400099762537,0.3139761372529567,-0.41258348531522226,0.4282669658744338,-1.3032810915780582,0.14517604260360473,0.341062512649001,-0.7441723557285363,-0.5144921604411758,-0.08879024829277535,1,-0.2997601839867603,0.05210931772071914,-0.6754707679948431,0.15809946322464669,1.020146097571702,0.5988782599546674,1.8868643786002768,-0.4245335500682495
0,0.5284944524059277,-0.3279099487964191,0.40969527592848215,0.14559221592139826,1.87951061937984,-0.8211825945156564,0.23235105250749688,-0.9601403131678299,-2.5580088148519917,0.18737477229408858,-0.1774981400631681,-0.34394793606726265,-0.9320653083845585,0.23306793705342943,-0.46748457092350104,-0.4260280016545802,-0.26442843256522053,-0.21492558664989486,1,-0.08086500213372749,-0.3978566260989336,-0.703843580746376,-0.08449235464083901,0.7868023597951488,0.4840045569238897,-0.3330798402837366,-0.25864511181839817
0,-0.09741791581701296,0.046390998855044385,1.117818229089783,-0.1075695279244897,0.11273865342251678,-0.47446223656198727,0.6451744158679711,1.01499444323062,-1.217047185135136,1.0380927018127708,-0.9913055098755201,1.36756638499614,0.4934890139146925,0.03339925949990731,-1.0627681082222074,0.08082147168073227,-0.5997311714621268,-0.4275461309934857,2,-0.5044711023238034,-0.7296835785566989,1.3616619968812247,-0.07791908375250284,-0.5957692787337571,-3.1832156568207712,-0.4376994116867332,1.6115699855843346
0,1.7608799951520837,-1.0053655000750605,-2.2597998627255946,0.3710113771524519,0.5854213348836204,-0.8451786207367202,0.8465167689128998,0.760255926576906,-2.4905693092893966,1.0664370731299737,0.41165591974431437,0.3061426725267502,-1.4901969224664164,-0.49925993809242875,-0.7491698114841396,0.16950557498799879,-0.65175997996054,0.4188626860866392,1,-0.9220330987006762,0.6350453670496765,-0.8113357130979099,-0.02371115836291388,1.2775615103233022,-0.3331722251267412,0.07386453759735995,-0.3805630360645786
0,-1.6392706399727608,0.43972759175562337,1.8909645339818106,0.49154577077109407,0.33101218985828246,-1.046225521838884,-1.3805520784062317,0.2980553345899948,0.9493867764797124,-0.2552199809795048,-0.0954246066118393,0.4760981086210213,0.2941104089140609,0.8433175822545469,-0.6092386023454834,0.22112734416999025,0.8759596550689452,-0.09855257114906277,2,-0.1814549223379105,-2.276576118197903,1.5517073134773762,0.3127317177114043,0.49438511854031514,-0.33452271083339036,-0.588221898198654,0.0012712805740634492
0,-0.7382264091155462,0.08937128369819325,0.10755827672720675,0.5758046156393215,-0.4076143703978631,-0.7376790926782881,-1.2444873311140867,1.1974481856412718,0.5267317497173852,-0.41556311593066503,-0.7239741267743731,0.32205510224035927,1.0213673869300095,-1.0780929141333284,2.5976168958286294,-0.913959555810561,1.299616507118557,-0.040440600705634655,2,0.41132773681177315,-1.0328291584174054,-0.3915636195911868,0.21179299883625732,-0.9153815298354493,-0.07960922126732348,-0.6896084369410629,-0.08837161983267772
0,1.1925357801157332,-1.916804344071236,-3.0139422443448307,-0.5009956820408183,1.704954262357178,-0.36328092057448774,1.0447939054102873,2.24465750324961,-1.6642257596998768,0.5104276651095329,0.7886055668407936,0.37733750861505516,-0.14889544315965209,0.6581639630499873,0.7496713223097505,0.34157361741285175,-0.5519573675644002,-0.054868627062800684,1,-1.2447370561287754,-0.11406942473935433,-0.031989776770646766,-0.10821881607274707,-0.30196190770259385,-1.0145966822265189,0.7580477773117515,0.34459551403280836
0,0.7104190678752879,-1.5675205345621661,0.27898488932995563,-1.1218959991293351,3.8895798117220464,0.0709970475127325,0.7133651047609273,-0.9424514265847409,-2.524111710921593,0.6252281100009675,0.35453502576651164,0.5258565707391455,-1.4409270749745022,0.7255027599286226,-1.6494220245063071,-1.213925235205493,-0.565627914902919,0.067012791221498,1,-1.1661695197501452,0.5892376877641208,1.0041563316950861,-0.03783195548161285,-0.585216306302843,0.8988864097727965,0.6888904239952296,-0.41902325736326135
0,0.2622890377187892,0.17445586087812565,-1.7064351500568768,0.1356738082393563,-0.06097717537385944,-0.16137157775928346,0.23143193026050768,-0.6625053973014544,0.5245208725001334,0.11347926890426033,0.10352485479644169,0.18970435197008656,-0.7367061832783586,1.4885201504550203,-0.8966834494968191,1.3908683651794511,0.3407348857042585,-0.07870074913583573,1,1.1839734875487402,-0.9649519689752695,-0.837083612328585,0.2133779582774305,0.075726592856996,-0.08155987322606222,-0.8788013038195728,0.897725564805927
0,0.12186181487945237,-0.5567679451083023,1.966623963251605,-0.5962416357011053,0.8455343112585889,0.7728914448404656,0.48410353106086196,-0.7531258975826199,-0.5151581811690569,-0.3299147432019154,-0.699515344045145,-0.07145936870465047,-0.9160914968762178,-0.47245638229694964,0.12109858907107707,-0.5694681290228328,0.2256847895093312,0.1380788604186191,1,-0.16636446790634882,1.246585041480564,0.01245421630698651,0.19967993169692097,-0.9656704834713852,0.4453041184147473,-0.6234410442348844,0.22332152926727852
0,-0.6697626406670353,0.6341158269919089,0.05989673895695983,-0.4942389641837387,0.6061985630712419,-0.25679367540735576,0.5144306301389053,-0.19356267328911497,-1.3120082500169812,-0.6628192506788632,0.35837105752598875,0.3841888175970008,-1.046067145806123,-0.6964569702563128,0.08972433898028292,-0.2504103611204702,-0.29020422505722054,0.48840160464329535,1,-0.09781633500086524,-0.16615339689161554,-0.5464307705818408,0.2810808026652205,-0.23995009499741227,-1.6162901980387894,-0.15110283032793478,-0.3171995111099879
0,-0.6568525445337261,0.5989537767438287,1.0035395219050383,0.7209586510882677,-0.6869907728357687,2.082966513618888,-1.7326392981219891,-0.02659401412420892,-0.9680455777802138,0.0066334936351230556,-0.4512117615848214,-0.6357045728779563,0.38282762264311604,1.0930958901451877,-1.105545923075139,1.0199084195086854,0.23659023778858781,-0.4779291048636921,1,0.07144815768779293,-0.12043551933280836,-0.8269697051250282,0.08016733035500323,0.15819471677528193,-0.08533758552375426,0.6868539800549058,-0.6125640388369782
0,-0.29385845020274826,-0.08296540964796845,1.026851663542215,1.8289940588308775,-0.061559438980201775,-0.14226601228514751,0.9170719587762254,-0.3625626002295387,0.17345423870087973,-0.7496157826132075,-0.24389972602816018,0.1871443031803694,-1.7190793795972303,-1.042019530436198,2.810204256411566,-0.12855194117170046,0.023344442717022046,-0.24095039330119955,1,-0.6883365905007817,-5.173220003127807,0.1781493676635127,-0.03460976646277962,1.4435200984796914,1.5342527823243244,0.3808421037736065,-0.7079599803097301
0,-0.26733036535865606,-0.02917595054668598,0.9383030900067909,1.4909020453711728,-0.4217461709525773,-0.4387640248318003,0.7518493668507307,0.28732610199039743,-0.9908916757085455,-0.7731197652247486,-0.19245641465869517,-0.34212100746462115,-1.0510021879719622,-0.38721891992957,0.21819523278835984,-0.3232064713065036,-0.033831841675111024,-0.18274820003439723,1,-0.86416687673646,-0.7021648686971733,-0.837083612328585,0.06889325953463359,0.5720541656994926,0.17823107333309077,2.6722745298615247,-0.08418121439573208
0,-1.0928483931393047,0.13104472929795669,-0.23211052854353542,0.0912219557372202,-0.07235936679443333,-0.5692499042880037,0.47957118679645977,-0.6958164994256023,-0.03529649947292646,-0.24789095274952025,-0.27256325739970355,0.2699753742418756,-0.3241321000344751,0.6513308887289049,-0.1205862611369346,-0.24469676802012175,1.518991090739734,-0.2661224237076953,2,0.11053800910668446,0.19213630256809677,-0.7325214878039462,-0.10035010032326183,-0.2200169860464536,-0.11953876763931423,-0.19988538274996137,-0.8314570671366894
0,2.24867707487614,-1.8315940904503993,-2.4549607056742055,-1.4453928227730262,0.11576532016425126,-0.4592465464026806,0.8356664017043012,-0.2921926359027333,-1.071683311418942,1.2092831435197398,-0.14610141828950413,0.607973391851043,-1.78526162662461,0.11124285760200187,1.4919977932388324,-1.6537404954773915,-0.572747085558077,-0.3264547895193192,1,-0.6694734883040642,-0.9941400064920549,-0.6592681746124148,0.05466034476813905,3.7388599462451197,-0.4544992633290427,2.265925766602252,2.442994093125636
0,-0.2343995777849035,-0.5115894412204964,0.03739393267751234,1.146650382312196,-0.1206629827287865,-1.0586654102985378,1.0226632757520884,0.5267986475725397,-1.457063507564603,0.802252725603035,-0.4333395029398601,0.5523247420847863,-1.649084774178367,-0.6748250084239671,1.9970388171848565,0.6851945888355395,-0.2913213112755129,-0.37521352958413723,1,-0.9250389959525989,0.06100423188182136,0.38448207916702937,0.26930896064748233,0.6802605294080915,-0.752629083113098,0.20178560555892552,1.1122035235826053
0,0.3490019135126419,-0.8498420625817004,-0.058001375514503455,1.336493910681983,0.6073453183434722,-0.39634131163964725,0.851888026056133,-0.1396681912715129,0.5076588128528466,-0.07501980976330692,-0.10225624113777668,-0.32270047722418876,0.5865638659525068,0.004230664920315014,-0.7763953000136363,0.6764493251741325,-0.65175997996054,-0.20284450725345599,2,1.3481426431703039,-1.2434197153237567,1.362252831187258,-0.13858845242106,-0.5067090041700297,-0.46321574047345404,-1.21975314077183,-1.337077973443909
0,-0.2709579065345536,1.6017432523948067,0.08302743865515477,1.357747878144691,-0.6454937003376433,-0.9375673878386594,-1.0575390533213236,0.0939165743779159,0.5100167602147034,-0.966024480594658,-0.30320360348052283,0.3445685376089568,-0.9477208494893126,-1.1282081955034196,0.6960559573737244,-0.09505568243127926,0.23996361990201553,-0.22602903233520225,2,0.26734150308489246,0.41173718394725345,-0.1587049501525219,-0.013821835344194358,0.17952802779168026,-0.28650564541128226,-0.37991909888382297,0.12362362380751821
0,-0.8209654418468304,0.9317087079280537,-0.3757189044374899,0.6745106027448987,-0.8054054581102479,-0.9038601584465407,0.9151382060485922,1.7294877934840014,0.776318937477488,-0.7033725925487986,-0.33467714385003094,0.13560316220667884,0.25368841163841915,-0.3976792698380891,-0.13910264867666325,0.299413049780064,0.14900462800405512,-0.01740998056838411,2,-0.38139807537627624,-2.374975395690834,0.8846490773461687,0.038459761564721875,-0.48849394718055306,-0.3423058372034649,-0.5350113388217667,0.14492874552100968
0,-0.35814769802289725,-0.33806812404246156,-0.7290859274328743,1.1033487500560917,0.6486494958865056,-0.571651561699513,0.26956871931663745,0.19789587487537397,1.5851961874630678,0.8666313017150461,0.1309957259254961,-0.03989679978618438,0.4993790157857482,0.4193540363671082,0.9385086448244169,-0.1555351762307073,0.9603634985854358,-0.43681464475316734,2,2.8080096422180505,-0.3614086908977098,-0.837083612328585,-0.01766238729439637,-1.059498314166438,-0.5278830054404476,0.08335244493014587,-0.4752042219416168
0,-0.645879952714193,-0.2744685068477705,0.46677466078154173,0.9053466533547658,-0.1892244891620356,-0.705367667969742,0.8013193853778987,0.7257088597012935,-2.111270738414604,0.12973618096656458,-0.16505079076439072,0.5258292707634368,0.30989192908801755,-0.4996573803114112,-0.3015524852937088,-0.8441245913921707,-0.47737506793127304,-0.4144484424256874,2,-0.6271407227111099,-0.7478936941580295,-0.6835518867283507,0.023144452247407493,-0.45622667279290796,0.29740200921311893,-0.8010664541023585,0.4652875373655276
0,0.5784434729225939,-0.11402294241252875,-0.6724796894554786,0.12707144089318484,-0.39829293549518396,0.3577469029228442,0.6394726348795797,-1.2234960520525129,-0.14754214617235545,0.1030703115141656,-0.12014523067523462,0.046642463308843696,-1.4757683220281241,0.07596292594233088,1.3533265670568,-1.6433468595066274,-0.2358420896290107,-0.005313933443854002,1,-1.7902234014483454,-0.7349717150818472,-0.8130653938633844,0.041298638694222414,2.0946576268581203,0.48151107247538416,0.9354292251072619,-0.15754531669187194
0,1.7194923110131102,0.002731280415027404,0.8493409299166554,1.1926395341848943,-0.5531280937340839,-0.41084530036632455,-1.1899661977276585,0.633385522323695,-0.11049808487086471,1.0843881440228111,-0.031096243107146954,0.35854654628879956,0.9700546358800908,0.3319129458873067,1.3763395871883695,-1.3127122974231082,-0.08940827442344258,-0.34298544834819983,2,-1.4880431826996863,-0.6082313391178499,-0.61311723824803,0.027275944319572712,1.0149893145058697,-0.16532073573186043,-0.00410465276074734,0.7667937343791339
0,-1.106242286844115,-2.7535029919389107,-1.9417764740832615,2.6640132541558437,-0.31586060912644803,-0.6538136379338613,0.9393139415290481,-0.24120874086679134,-1.7392430569476112,-0.17684966777408445,0.1503969142904139,-0.5518660538983124,-0.4444554747522295,-0.25942060054410243,-0.5446818699394023,0.6483265684905235,-0.5844093208386745,-0.5895404848804167,1,-0.6529738755223197,-0.24802337446069994,0.3477349928394858,-0.06440367900059996,-0.5861349989115613,-0.8709660740842267,-1.21975314077183,-1.771483466436672
0,1.808564240241037,0.6095652143468564,0.010660677533215923,0.1962605868702284,0.21948777734697855,-0.8796581197697194,0.5420417893278883,-0.831085567690748,-0.7525824546236564,-0.13319392760837379,-0.6953061236800411,0.4138414712077501,-0.7393275833273719,-0.8029002030628285,1.0376698332101295,-0.2854191776942877,0.34807651043434645,-0.16219776166069524,1,0.12781319344499698,-1.4806921486205058,-0.7563418794295917,0.02153284624427884,0.8584655480218254,-0.34093303475949693,-0.045226546079649044,-0.07340925948223531
0,-0.05494913230840495,0.753074017739618,0.48687747096844036,0.02827535082651833,-0.06452251942009471,-0.6124414769518428,0.827912241235453,-1.001550869696812,-1.8442580554260513,0.554998382757362,0.4912545898109354,-0.37207600706948507,0.10638476350922843,-0.6286097892217548,-0.3851578225853727,-0.20899629718718657,-0.3751917949238607,-0.32111554131511083,1,0.4221783745453292,2.855865522722967,-0.7059066813867608,-0.11999463247176169,1.0702620364447775,-1.6037813343471075,-0.3960338590242187,-1.6276010991951955
0,-1.3472841496828738,0.9542262280621572,-0.4230393129961079,-0.30843455035251677,-0.6285547220552702,1.4047893292047275,0.08601558504659579,0.4235393029958589,-1.2091915394707966,-0.4999642357805337,0.9661543149206879,-1.2576600027693412,0.5157397404807259,-0.6159434260626125,-0.5826149683695067,0.6521824326069532,0.741409887150943,-0.1317955039953382,2,0.22317543628001657,-0.04070456005305456,-0.07722083595372997,0.12989176281382686,-0.30988454882989713,0.016571966692188828,-1.0117968893744285,0.6490243359709813
0,0.8526321415170434,0.029543136623680633,0.4158754656195097,0.35569022932703837,0.21706600543462723,0.6946778506575679,0.9976020936134329,0.0673699840509816,1.7384232777893596,0.7994030837349458,-0.7387673638003638,0.35315691591980886,-1.1961043028805256,0.0706039979303702,0.9240833567691555,-0.7341645006398569,0.019425584107352706,-0.42666298106593004,1,-1.0334397933792823,-0.5550528762887913,0.9309124786610603,-0.017431418263160164,0.27794611630700317,-0.46346006841148757,1.438269049241537,0.6837108804198373
0,0.7425100118286226,-1.0597301485123565,-0.08354603941948299,0.30243595127864015,0.1864998527826489,-1.2128175310555163,0.7390799154585352,0.9155234201094036,-0.6672797383816362,-0.5274446954254726,-0.31288029926238214,-0.529510901728798,0.49774421680170416,0.37493627040411165,2.2616995929138253,-0.42777127705699314,-0.4780502184209981,-0.6810348334153549,2,-1.1643979358131273,-1.0728480116326167,-0.837083612328585,0.048480882902686484,0.01328184761139245,-1.507759666078425,-0.39855183620996804,0.29346364494458843
0,-0.36294946552756235,0.4569614499223425,-0.5800503573350343,1.9142158155295566,0.06477611575671466,-0.4337216213845385,1.0454607543940528,0.7895699993650627,-0.38938984344700434,-0.5583454752046862,0.22199649218767759,-0.06313712853505599,0.44460117792471987,-0.3354687724196957,-1.0927602430375631,-0.09814820625145393,0.8778094622361784,-0.14797710669981234,2,-0.6321542490605708,1.6109816404046122,-0.4535107786776934,-0.13458911213594377,-0.5871162877543875,1.6076829222541364,-0.23933591076257543,-0.5057356204795785
0,-0.21169722207832586,1.2884847042200938,0.4239164989178287,1.0266691948370807,-0.8319613165298531,-0.2674840428546626,-0.7798244179969532,1.2047043686126486,1.3594103669816815,-0.4169336949212179,-0.49173392918834313,0.6546258861510613,0.541031925400172,-0.9033598722619772,-0.45718061668402243,-0.8284677679690862,0.393700341669905,-0.0801541930051792,2,-0.3860380155768366,0.48140963869357667,-0.6196737371709312,0.013161344579285833,-0.34124345990862703,-0.3479115637579241,0.760565334584904,-0.2794492031113079
0,1.659632897009379,-2.0768714433287405,-0.21982768126087338,1.1554132702205195,0.5843895249810198,0.8616479872132439,1.1046141632247852,-0.39067541054942834,-0.17283207738659906,-0.2124436753396871,-0.2407836518626798,-0.6310345044792841,-0.7856469475349517,-0.34184958518987196,3.178804232543058,-0.3032871245707096,-0.4942301883188646,-0.004103558727582297,1,-0.5557537908087858,1.0400534446814815,-0.837083612328585,0.1633796674918624,-0.4312565660918035,0.9475849400557079,-0.7731675194497373,3.088477272038745
0,2.0286580828987697,0.1445909674796539,-0.47974718019412316,0.5717971076211283,-0.6584018688878439,-0.316287702945234,0.8549312012151897,0.3202323919979994,-1.4357565687746943,-0.13015287728401942,-0.1147923251469082,0.5220680935887021,-1.7296001780414545,-1.2209427200362586,1.2261038078895226,-0.213088179566728,-0.65175997996054,0.9231108413470348,1,-0.938566600017098,-2.141348736653648,-0.8264086427868833,-0.08953239271572952,1.9295758241054939,-0.9331385315190404,0.5502852563168612,-0.03968913470183749
0,-0.5405562231600378,-3.130474837131896,-1.4798438750760223,0.5454614015231315,2.086481774318909,-0.9115287861884211,0.9771445287729831,0.2776357741177934,-1.0839564793920262,-0.5622595563784643,-0.5562740442951751,-0.19424697140516328,-0.45287080941813174,-0.766111326644928,0.1620079531612318,1.0425523244448547,-0.569016914161203,-0.3106214908477868,1,-1.1142597474164555,-0.24009884643453455,-0.7241247258017096,-0.13858845242106,-0.20783545334031678,-0.40312348232049766,-0.9348639735895823,-1.6381528379121033
0,-0.3993130459533535,1.3717637401543312,2.285623167889215,0.5121987594811543,-0.5193861201878689,-0.8581787712101163,0.17327412710628198,0.22458302852796397,0.8122332208652514,0.3625490183345723,-0.3303998610731864,-0.544936976008866,-0.09662685776781121,-0.9416316722663556,-0.536007378720627,0.5213505079084748,1.058079377153137,-0.37320365334141636,2,-0.4147444174344078,-0.5788846268762171,0.014537035293258282,0.1246807809627975,-1.09095311408826,-0.8921946410864304,-1.127727740398269,-0.6057172835910267
0,2.06019990838829,-2.148165339381112,-0.7632527488245141,0.5666674486690405,0.7874626441914844,-0.8172035373575475,0.8039285964556395,1.1111827425294496,-0.9006630829532862,1.1588330318198627,0.06706468770552503,0.3973707869217519,-1.3313204328636927,0.46219514878235923,1.5641765082926633,-3.7283869590870165,-0.65175997996054,-0.3542281361531884,1,-0.42078287127145475,-0.2891244574195188,-0.6153428413308037,0.041236136463742246,0.5417225034354523,0.6601783884236012,1.95976919120419,1.3504388054562741
0,2.24867707487614,-0.7025948926019339,-1.8740878433414687,1.0490857641110218,-0.38699230168321236,-0.4326988953808705,0.6084990795103966,-0.9554453513150876,-0.5057108562576128,0.49066461810746087,-0.0217275388525566,0.7432188632070422,-1.440897483132721,0.581617283562873,1.4249631940242957,-0.2148597545604145,0.15662871479867108,-0.2355147490577557,1,-1.3888673168884256,-0.29022191273160136,-0.837083612328585,0.12817502027083796,0.25782624175893415,0.7858913011555022,-0.0020672125508066908,0.13583006189773128
0,0.9403001231062176,-0.235808780916882,-0.9699527243496768,-0.22140950035104123,-0.3410746231444119,-1.1857204872914662,0.6044555162604714,-0.38695674026756244,-0.5388854226987544,-0.879393526833713,0.31455442687782414,0.19462907552294845,-0.7762945695073942,-2.42873813349781,-0.09768354520244427,0.5037568664140027,-0.4634978778622706,-0.5593983589139386,1,-0.6373876227699166,-0.9696357737519927,-0.28180567248226074,-0.04669426592321391,0.1892123859956622,0.5834741214448411,-0.4799809202760973,0.22806812125647585
0,-0.4612893593652428,0.19640982100497617,0.45567018738164516,0.31804442908786157,-0.20542746765745915,-0.4073772220650339,-1.5560959112228483,1.4447418551584206,0.7085515899424933,-0.314798869538611,-0.4894889451379869,0.29936087383170784,1.82498633026477,0.3300319377760862,-0.30511287922742003,1.0398413923359249,-0.40562072548647093,-0.13003433576479212,2,-0.9168150700540741,-3.4775973055308764,-0.44479592534792445,-0.1035357560795447,0.36993522908011367,-2.107528906437776,-0.5396859805472404,0.4979645291277781
0,-1.4369708304291402,0.2369007034026378,-0.9625896430393945,1.4782035214569673,-0.33384602667287017,-0.7782051411366566,1.0841812671063273,2.580634937061488,0.8517780426704228,-1.1869403828238672,0.46510742460146914,0.06497527792753482,-0.47450787285177076,-0.35763480625784616,1.8002362673639398,-0.8897649641641483,-0.13766788150458228,-0.007140464012486247,2,-1.0261155883211106,0.9551694501276848,-0.3860724218422166,-0.08786280916203193,-1.09095311408826,-0.6159188011614747,-0.6367866804517511,0.3224422653365867
0,0.6495295629822303,1.5833777634131985,0.1086984569056928,-0.7180905955780665,0.05565017466280303,-0.3828528265329728,-0.20914209408500284,2.826484555590384,-0.2578623196517201,0.2396257885672216,-0.09317524795946908,0.047125929874262174,-0.8202873034418774,0.04812345371719173,0.0068667512373137285,-1.1314340780985266,0.70928373024527,-0.5553669848511569,2,0.1362367251042362,-0.36668542351433153,0.060744661427845674,0.24516280516630423,-0.6456278857054332,-0.2871511008584756,-0.23216291864715216,-0.05091216263400483
0,-0.8827844572052771,1.2415432813987093,1.572972968655287,2.0347585617746105,-0.7475954306692619,-0.3236574930339512,-0.08677245743644924,0.9304481464216505,-0.30645076663052584,0.4687486964167966,0.4143319342713999,0.12799234290415296,1.8572652412467208,-0.06780422027703775,0.09304107892598412,0.5556492206141743,-0.5894731150646308,-0.5716899219866605,2,0.18275726219512595,-1.0393694853875028,0.20565908260720916,-0.13858845242106,-0.32170830696624686,-2.2954034590617436,-0.5277246945976692,-1.6728921655660653
0,1.4400744535061292,-2.2009316255996083,-1.6377603976380861,-1.3427258777876352,0.006885220503883401,-0.32781489117994056,-1.020367957454042,0.08561082251631941,-0.1445084671328945,-0.033289207034048196,-0.12766756845436059,0.028873319770917207,0.11341329299802327,0.031335471120793046,2.1437278366516983,-0.8603050662496924,-0.65175997996054,1.1480775854712029,1,-1.0911340589737968,-1.5198841880194514,-0.5276517359212799,-0.10216340943621674,-0.41269193156769485,-0.3006804692912557,-0.5387976134248262,-1.0119791244749465
0,-0.5553057974931399,-0.8852790511145499,1.553929566835783,1.9632020391752423,1.7657422677007841,0.634369878373198,0.9074920131170965,-0.6984145144093494,0.36967854802302513,1.5553219890132062,-0.08813005588639988,-0.49431853377278656,0.223819538583958,0.24317471444479521,-0.049607388962867205,-0.5650537446017507,1.1226265205386867,-0.46084932599646045,1,-0.7499704648423922,-0.5488591950425251,0.8401959224035107,-0.029194373163805673,0.0071871627143261785,0.750618124057312,0.8588866915837536,0.3260506147606791
0,1.0551983821708475,-0.6550840295543168,-0.24817840912918868,-1.1614710161123722,0.7301763076152934,-0.5717647632690349,0.7555109947168576,0.4385274876794314,-0.16340575668359403,0.9137651603556074,0.765943676830997,0.7823916323049767,0.3110097918458213,0.8928404006576318,-1.6936774339678815,0.8716457219343386,-0.65175997996054,8.080656574012806,1,0.3989605578548903,-0.36318622355184166,-0.21130627469665925,-0.040177765260855,0.669571014457863,0.37840830667849257,-0.4793818497657397,1.0210718898114572
0,1.3713167509943163,-0.08326373773113571,-1.6992483170933217,1.1879567401460684,2.2871076796130616,2.015799509508695,0.7902101023870504,0.8576946577276677,-0.30611640999635126,0.44332076351876426,1.576973482823131,-0.07047430254412265,-1.47196275761516,0.35271308987180583,-0.8871349313760899,-1.470306677620954,0.0736571407160242,-0.2322102578984044,1,-0.583871735402137,-0.09636890421276334,0.02102405843007428,0.043574603370068785,-0.019668146015174415,-0.22252354669085994,3.0222200936196346,-1.1480956973230318
0,0.5697054083949017,-1.1654568778989904,0.964589812296632,0.653108789690384,2.165286090752873,0.6237494446059205,0.7696260045477276,-0.14671135702781446,0.5623020077902599,0.23361885918281045,-0.11442181573429239,0.6494143651106943,-0.6074648172211743,0.2842698211438547,1.8837811709810972,-0.7445035118352482,-0.5754911490187978,-0.3219139150079349,2,-1.87737378862638,-1.2924242075259567,0.031113771332030082,-0.13784364555275455,-0.4602427327597392,0.142893462914485,-1.197367443570247,-0.1556615891783839
0,0.16404141210912626,-2.8290856726433713,0.1274688052696692,-0.7891924395128027,3.4714621707188007,-0.9114536237100102,0.45230334427451147,-0.98654650250222,-1.283532058342045,1.7251099972944,0.36944408827084046,0.021890652176253522,-1.6669599397293353,0.2118483056546287,0.5426317430517146,-0.2100871758189553,-0.5969244824154565,-0.1475522265096747,1,-0.4066638961827673,0.6087177508294349,0.3530069296386715,-0.09090744178629309,0.13096945269278953,0.006459235564929833,0.7941894748430904,1.483694400868266
0,0.09671303117742411,-0.6702438054153725,-0.42683626361909055,0.33975642059505323,-0.6002034049904278,1.3026943158055204,0.8768070236059525,-1.7138452143595657,-0.6618179520362982,0.33846022819084864,-0.02866445544701357,0.15081136786562255,1.1314561742472666,-0.8387557083084523,0.41861074713145896,-0.38228957221709725,-0.5064471655113237,-0.2981410928845897,2,-0.7029785532538855,1.189888298119138,-0.5109248972959783,-0.13858845242106,-0.3735081026579613,-0.5400808200828379,-0.4533429470277782,0.3449628662421605
0,1.4780123339479754,-0.45607539935007974,-0.8088438945275908,0.30883901124467833,0.4223305566227838,-0.5777542228576443,-0.5656117721754059,1.9408582212730239,0.7101988038232819,0.5509402848221254,0.31289468732566594,0.07128192564538771,1.2511044930156676,0.39442331784731466,-1.4141778375180092,0.2668283907467701,-0.23083552573647376,-0.2555327271304046,1,-0.2938926893124699,-5.254076153804755,-0.837083612328585,0.232229134520957,0.09686092433162641,0.06814416311004268,1.6753486303704261,1.6094296604729958
0,0.34270116511990156,0.2616827449445783,-1.4334515402754442,-1.4770210957292935,-0.6975036978282441,-0.7586544778401778,0.6641109926546592,1.0864663514839075,0.46599878393821303,-0.3019315293785738,-0.05139536146889041,0.5172619951975366,1.919162239983745,-0.6512204726403018,0.29767065206538634,-0.5725491596745568,-0.18324354649294028,-0.3693643578660504,1,-0.2525645650307496,-0.305985385605707,-0.19044252784475757,0.1535633064390212,-0.5156369171633813,1.158207390130334,-0.0799733779157058,-0.07211999111808842
0,-0.7533922866452957,-0.06954154403799695,1.7989169537290783,0.9199957481241976,-0.8695343107055523,-0.9436875426082367,-0.7828413576189994,0.6085459633062451,0.8723295605905415,-0.3799987718633968,-0.5820508567743311,0.33653830065541845,0.1802396302427811,-0.8345577078628692,3.004192183117093,-0.4327143846253413,0.943773015528225,-0.22169355433533627,2,-0.010072846540878366,0.5180494771428927,-0.3247396872874397,0.008949608109046159,-0.8896107016680495,-0.3230516411372256,-0.6323701116447547,-0.2857050404364739
0,-0.7033773154305425,0.953564441452611,0.6655329386301785,-2.016798464136376,0.0345219002510701,-0.8903792696815636,-0.7832129894901004,-0.36068346642116866,-2.011789886124797,0.15708302317753364,-0.3718378471853826,0.655548916903028,-0.7284139376044435,0.8759468856314669,-0.870625189624714,-4.607953840560137,-0.04618720149694873,-0.049829827753167355,2,-0.4374471452704687,-0.22512839766450252,0.8620649984725745,-0.09865742091698422,-1.0824733504067579,-0.2746782106570418,-1.1227986375762318,1.3723085748677697
1,-0.2785996502184295,-0.8469322484853301,-1.9207037948562544,-1.0672675185997207,-0.28085887562125506,1.8808460534530922,0.829368692103732,1.9288075696894023,-0.7056086051330497,0.7275089679146233,0.8931104626786577,0.31520797945754253,-0.2776923106591848,0.11594399065913559,0.7844199577244503,1.9670892209537898,0.03935439140312713,0.18071420062790133,1,0.9266666203231252,-1.3525536293944407,0.015148780050610267,0.2926819750759416,-0.3358988161970216,-1.1724878773146379,-0.6985371891426797,-2.0073387874207174
0,0.686587325559506,0.5716518466981688,0.3458289407783582,1.7685797871278055,-0.7288378107419315,0.9060688175978603,0.48834421711989584,2.6262192408623646,-0.3183620457046192,-0.7446213773740581,-0.20273280192580556,0.4195511512230202,-0.3858932702427336,-0.7104694891244786,-0.7222544676605402,0.4009405058189071,-0.4300535498404435,-0.23597617380156077,2,-0.047304013043957066,-0.257250745624759,1.2590806202190734,0.01910422702191443,-0.6268362541191199,-0.32482897061388466,1.3776939069362986,-0.38532386313956163
0,-0.8383467490267655,0.3512890150392709,2.1587867902208195,1.5766467229249612,0.09480309064606735,-0.8853542090786047,-1.34703484042132,0.7976852738319262,-2.298663778077855,-0.010845100256827833,-0.3097413054028191,0.6774965924841516,0.06731528370093631,0.15167175489480034,2.4985517640481927,0.12246872302963,0.25533381054863047,-0.4029656493865391,2,-0.29553484868108,-0.5127680022418625,-0.14338750407071535,-0.06307472975510474,-1.09095311408826,0.5032329346515655,-1.0351892061882695,-0.13711568865451446
0,0.10577733347935281,0.005672159317051478,-0.10363197743733182,1.564451441822511,0.01486835627070493,-0.5985858263114437,0.693522452780557,0.6811640782969973,-0.6877814615680614,-0.27689499761915165,-0.13675025527067125,0.2380038465579834,1.1539639284604974,-0.20259146059338667,-0.47886615796355714,0.29293531546095686,-0.5466925911458936,-0.07018690942035413,2,0.4078275894712864,-0.8766278479818715,1.1023472214080465,-0.09949205922288434,1.3621547376790057,-0.22785024399319406,-0.01770067788442209,0.48726436201571854
0,-0.2895776733825146,-0.7293464408207102,-2.280883641628233,-0.8086250539397695,-0.4656804633681584,-0.929089553817714,0.6224018263618831,0.2098936883388569,-1.0042601683099597,0.12437114254956907,0.05489262213480461,-0.2233390581865257,-1.2919662625637582,-0.28364780432346226,0.1336401616870091,-1.4605018256702234,-0.5146351753287767,-0.5159176485106652,1,0.20093991055329755,1.9617288053570257,0.4198620186369698,-0.04022423531480986,0.1506628252537417,1.426274502816722,1.2260267164871417,0.5421376931670385
0,-1.0604281978182404,0.5869532725124672,1.8955751392560671,0.37254909467392344,-1.1415131926933273,-1.0193144399182994,-1.6652041953381451,1.1864305774221053,-0.3231429675948215,-0.11442646330191708,-0.7588922762529028,0.7641256710543818,0.2814245434954198,-0.6319800168719688,0.36143182445843824,-1.361634433769523,0.07332074291433396,-0.2867049188314779,2,-0.09059145951662295,-0.29954336531254905,0.05804143784463426,0.02641214653342379,-0.5717816650922367,-1.1527117819277755,0.20401190557124216,1.0950536214175735
0,1.3332270467902132,-1.3496727871348986,-1.65160631966612,-1.4233613031637704,-0.07512878764958356,-1.2119330212412969,-1.4435190529445157,-0.5196077444695912,-0.8688736521664546,1.4905381059914566,-0.28200803399412483,0.9003036257342516,-1.1016476000709443,-0.18920193088394163,-2.308898677544062,-0.4159039615314122,-0.3388354018520325,-0.08845703796594151,1,-0.05583395008034034,-0.12338349916635569,-0.7496394914846263,-0.09896993206938504,0.8865840182689464,-0.4133780395813881,5.987018058988623,-1.4406395682477053
0,0.9168013521106961,-0.644072764820645,0.037223126973226384,0.5426437228966842,-0.8597287256259198,-0.8897561126152963,0.6807079113199389,1.6938952901449205,-0.3044114452588436,-0.527402697516429,-0.564229084272095,0.04201768503176817,-1.5142633581433123,-1.1244064472842956,-1.128059572576022,-0.09366703892864073,-0.65175997996054,-0.17956701854801813,1,-0.5804832446114192,-0.6024914501844403,-0.37554158099471613,-0.11329481865285534,0.6592600895249509,-0.4524735717773082,0.15299678664843477,-0.3333383723531555
0,1.2687728201426212,0.6251287345298474,0.7657612704607987,1.1333543522189142,-0.6203900256732485,-0.9244547650617179,0.6250789293244339,0.8613226378423184,1.717406757804874,-0.8577015793870245,-0.8706616350411936,0.033077230540172364,0.926176634737282,-1.0324790993859025,0.04201098323731639,0.059060755318851466,-0.34104892736858683,-0.10943885884664276,2,1.5736144162530445,-0.08437482568524597,0.3812393196163335,-0.13858845242106,-0.6692277476340132,-0.3236675526312658,-0.7419740997527893,0.04300729707277484
0,0.05288011217545313,0.16079446717632462,-0.8584106141952255,0.5470913606356631,-0.22636082804105875,-1.0070836433445678,0.5779867093373079,0.953099121424527,-0.7487219228573406,-0.117199798557011,-0.6557780267010366,0.18742249276681883,0.7203719853965068,-0.940345273252166,-0.584698627120178,-1.3379251288337086,-0.41492787580659884,-0.008852289972573257,2,-0.04071515736343276,-4.062428470174083,1.9738000250781171,-0.08984824225680776,-0.37219528313027544,-0.13870501480487668,-0.16431213206929798,-0.6040589877040294
0,0.22194411928299135,0.15981210113657016,1.3586933260556635,-1.0922880409122893,0.48710946346181744,-1.158468459879154,-1.6724071381495822,1.7596434902613536,-0.38596088908456333,-0.4217944916916653,0.2775955465104267,0.7131419722166621,0.9936646595152051,0.44294769512173604,0.3274516446506077,1.083759933996463,0.06829828718110306,-0.6712610780282142,2,-0.19617130344394082,0.11248686573930619,1.418133818621544,-0.04576347729610486,-0.09186117040838465,-0.2108477208097983,-0.4009720716151831,-0.8250432727208896
0,1.847601554831043,-1.0339890669308678,0.03749737297022199,0.9293092945309946,-0.3423886807087932,-1.092468262082949,0.3943572569062954,-0.9793929419718281,1.0818029217891123,-0.16613212283489054,-0.40097294872816325,0.16707753768675862,-0.6529972521857363,0.12789558805502788,0.09044679451534876,-0.08369523159500572,1.1585771133160399,-0.005950385708771488,1,0.12051871956474161,-0.5269161872852941,0.1572183254056462,-0.023696523246673967,0.4179647661681022,0.3421765951665553,-0.36463018928269525,0.4422983554936879
0,2.219716393745442,-0.28168371770511413,-0.06837327123807124,1.0558305813762834,-0.21558052961611487,-0.3284081137831956,1.0003228120755168,-0.21510802851922434,0.4630893941433539,0.70609023781318,-0.0064770717614648365,0.2024902745079702,-0.1357521829529108,0.4172437722870195,0.02293002045523207,0.5323179984760028,0.030305790403204858,-0.40606377121078685,1,-0.032961035706119524,-1.106330951408407,-0.7448932296309446,-0.0970325337993707,-0.030060974535981333,-0.3546536665695099,0.3759291391319981,-1.4366924126168508
0,0.42485442721205857,1.2982564243289807,-1.304204053720906,-0.38924397501368296,-0.5567813781214528,-1.0735197152434612,0.3914082601919552,-0.9500551437986184,0.2436091271974633,0.600686028714454,0.22435045660000194,0.7643232685312557,0.8795035860724272,-0.45309721021717686,-0.6407038306360154,-0.71777359583801,-0.65175997996054,-0.1222703665192034,1,-0.21878646986301822,-1.8241135626813785,-0.837083612328585,0.054954515351085476,0.8184894377585641,0.23327412480626666,0.034424138348587735,0.41319129917492664
0,0.2292850190621567,-0.022816998598205324,0.6835578927490826,2.222162167468612,-0.21819473170650075,-0.4207146927819558,0.22811400791721903,1.9748819510734112,-1.84682590222312,0.8884973958322119,0.13251996528403925,-0.05265889761333592,-0.39686992672862303,-0.7133044007569198,-0.2241420818174028,1.55888820900426,0.2982507794244159,-0.2785604019578794,1,0.05333753337550215,-0.8287072479885674,1.0732192992964316,0.08937870099554923,0.035475241015689885,-4.46430769387018,0.8216439849192118,0.03922946617924061
0,-3.6611642742467723,-0.4824951705232718,0.4583955774621182,0.6746246079550672,-0.18824828924736658,2.773650278624952,-1.4509539804868106,0.16536520347918449,-2.9448751642260045,0.40796575676624625,0.7451518031710662,0.07305716719232497,-0.7679238463929087,-0.42536819493239664,-0.13063573326200018,0.06436057052960908,0.38701342501781894,-0.11251084111690421,2,-0.029129154327477647,-3.0217325634761516,-0.40034855604111963,0.0034052438370671817,-0.45283637399096766,-0.35845930030207995,0.48054656794809025,-0.17295015885407872
0,1.6260571637765593,0.20742792812844324,0.7511442711017752,0.6157980161609816,-0.07903925041061222,-0.2095294574570869,-0.301247375120251,-1.5502348370703039,0.9015093194343134,-0.5654657114789362,-0.043685786448124375,-0.41799942391544315,-0.32543787911021915,-0.39581650551458347,1.2727283098880922,-0.3687548711618552,-0.49479387426076993,-0.4052546233859995,1,-0.5241673782866965,0.5416523335399883,0.21116364195297732,-0.13858845242106,-0.1459259781165727,0.08832742417605619,-0.8098850156172648,-0.5009353485174909
0,0.4395851263218772,0.3436830374502473,1.3463138741272451,-0.26894054347704494,-0.16920183398674826,-0.6540900746732392,0.7192666005662379,0.8431619762422353,0.9319470607278587,-0.2005416079089833,0.2096295972151525,-0.13476323313243016,-0.4630049853356898,-0.5575237155046094,-1.311630677021409,-0.7479259938562344,0.20302318630198377,-0.11139398234844339,2,-0.2210687519952294,-0.7785438529774602,2.599644373356883,0.05177064818635463,0.26965298091904233,0.2103858011088443,0.3069999077500478,1.1997046727724503
0,0.002852893087690489,-0.023135013524041917,-0.4853557745347912,0.4087872993106303,0.13221216800468039,0.4456267206152913,0.6154859175302114,0.21323432943002074,0.4551575338646423,0.1575344817744705,-0.15342652361209225,0.6756344762675717,0.20931392118607955,-0.15671850424466713,-1.3196082348425393,-2.096572604239353,-0.65175997996054,-0.1472118546160618,1,-0.3594284755905519,-0.782607470573994,0.1949679092214076,-0.05336188418667828,0.020491944349374597,-0.08516518143765295,0.1801331589954001,0.5048055786121844
0,1.481738307563277,-1.6993540891798333,0.1634749964070451,1.2571861560848165,-0.31889603817277234,-0.46159868510241525,1.0891996151702574,0.31965334231698406,-0.7547530508048382,1.3158547379056456,-0.2051227022888978,0.6596927885227467,-1.78526162662461,-0.2655506788613148,-1.3215683087367718,-0.6783623566976016,0.019661828150821264,0.01217179107767874,1,-0.8498049766355602,0.3589427578045067,0.4945198631209779,0.038463577770167345,1.071352561964455,-0.9157699493460509,0.7391524511464543,-0.28480172059847225
0,-0.06415537230742405,1.3779626935602525,-2.3149361182015347,0.7079116075462792,-0.5197248798366659,-0.13445417346856278,-1.6122412502247645,1.1827905570671395,0.46291802489702494,-0.20548508915969,-0.036071546689557366,0.42338342649511485,0.2623608361528158,0.08194892390072876,1.7294854730481979,0.27509035582359176,-0.15853487490021567,-0.3711253788989325,2,0.07162945454242539,-0.5953805424383118,-0.6747847428957504,-0.09212330192870935,-0.6716801326624418,-0.7681714963437238,-0.280208731174027,-0.1540480178078124
0,1.2223668491034734,-2.767322928091274,-1.730030537980307,-1.5181696258869235,-0.4292490359671801,-0.6810003186585161,0.9071436909165512,0.9403885521665212,1.0852882821590553,-0.7397940312968287,-0.23687492378063285,0.03386644746355982,-0.8050682451932214,0.4281435196196748,1.2321746562088112,1.2489513202066687,0.6786638972492216,-0.2586389219930909,1,0.6394488426017843,0.3004340537952225,-0.8029552722658126,0.03700504050352295,-0.044037632954784106,1.0021754675063612,0.19579091141336416,0.2843973329254105
0,1.0020140413070648,-0.06715242492741982,-0.8604737074758342,0.7773625248063433,-0.18448465398611405,-0.10517799387597027,1.015277241737153,-0.554825691843123,-1.3191327230083598,1.1223354175453808,1.2728143498549733,0.6077280877235882,-0.7828812053700115,0.6510359603093543,0.3256349805779842,1.4094914902304834,-0.1113442116416063,0.5460061355272534,1,-0.3827925144156642,0.08350231769143548,3.9366022896527815,-0.10075191331580514,-0.11389762554529326,-0.6139636332991286,1.2287545827881148,-0.6028218704803647
0,0.5003179469375518,-1.646893841299294,0.9819897359082188,0.9860341820524274,0.39465980589113053,-0.08881425156330053,0.6086451610167165,-0.9637185604622911,-0.13734456161201009,0.9254470987189899,1.2835779328021695,0.9254812560043997,0.20115592714127611,0.1735657494901971,-0.3555717361393931,0.6057656712372175,0.04427617118375601,-0.041350763098614005,2,-0.10484899554931962,0.8253240845202676,3.07041237415205,-0.021619410691574664,0.27860556784019047,-1.8575313791344255,-0.5305276516535817,0.03694894915421751
0,1.420692578285864,-0.04374348335093467,1.4502152211300023,-0.2454294620431016,-0.15708906185270946,-0.19706710926350435,0.8454741671548058,-0.3069523620850513,0.24916342870021763,0.16914891618825736,-1.1237004158682051,0.6958657955232486,-0.9519621766123187,-0.6057514689396502,1.7976731748465622,-0.31478108849040776,-0.34541407837817484,-0.029481561214303564,1,-0.02257362236533411,0.21531001733339972,0.8143772816191558,-0.011536589631389788,0.2366910377895452,0.5937548824371873,1.6123802537393397,0.7961166156880287
0,0.9663099305698095,0.3187021610468897,0.33630638522514206,1.2533168130919339,-0.20450814624858613,-0.7890796361257422,0.9525927319387599,1.2727960334600603,-2.4827754681935885,-0.8025674850011495,0.3977409752709626,0.015479629168020675,-0.6499300236845675,-2.414805743894089,1.480775207555539,-0.3001454641287927,-0.01096983317239797,-0.11644532832492305,1,-0.8262959360406226,0.4238315093048164,0.2679261925084969,0.011329249530510802,-0.03573120890998477,0.39677780271317337,1.5342189398453505,-0.5127292371281883
0,1.5764199621394899,-0.5490365970289883,1.8979770951719126,0.35070216197648374,-0.6586971289805112,-0.3838300480797034,0.6051707681333489,0.844589717577418,-3.0099699179593293,1.176279698477277,0.7602644702515423,1.4509758196350133,-1.295213900249383,0.7831813040374747,1.5260561254045766,1.2119866513735158,-0.4491731388006749,-0.13151142745067923,1,-1.2306735007912588,-0.4568461507706969,1.703716787955417,-0.008457497241538874,0.7003329984076122,-0.36590951437361835,0.04315424619649677,-0.12828919686641105
0,2.24867707487614,-3.2439215598615037,-2.886858829094572,-1.9018566343124363,-0.21896978584162743,0.09911954731336581,0.7126585349909739,-0.4585220872257726,-1.9218957466667739,2.2464423571984096,0.22236345716102707,1.0360196425457,-1.78526162662461,-0.10788312544727821,-0.12371695064885327,-1.8411291903550895,-0.65175997996054,-0.3819683375422965,1,-0.36722254185906444,-0.17477700609116206,-0.7105138134621531,0.08830625233488629,1.907710961794988,-0.062231279471816114,3.135692923266072,2.072153352902912
0,0.6029790428542969,-0.273429802636253,-2.190434868260037,2.0657358943858553,-0.33235392262162305,-0.16084256756866305,0.44661830283263837,-0.612296406837781,-0.6563755048832282,0.17237704177516486,0.5460487032480718,0.17866757018558488,0.6810244405288564,0.2979607752545155,-0.5720428043392263,1.0969251771046218,0.16195612404373383,-0.09758968928532885,2,1.1478901240855472,-0.6292230015526995,1.2986740187185453,-0.09854321638072158,0.40935432414793416,0.36457685934353495,-0.8237870815077996,-0.039297430674243516
0,2.24867707487614,-0.5606227072104004,0.7286853931120736,0.26077589292054904,1.0798160052135182,0.7014077531993783,1.192808035938722,1.4457551653410277,0.6702902393673764,-0.08254477573258526,0.056743464153118206,0.26902954946446295,-1.78526162662461,-0.9103631756969139,0.39766609344522297,1.6698772186659423,-0.3032423195923488,-0.17967630814916496,1,-0.8446595808349378,0.5289605268042289,-0.837083612328585,0.07760310610099663,1.1648702658618564,0.7786912792877285,1.9869927397657121,-0.446297169248942
0,0.7891995627701668,0.02898686915856971,0.6134148567499107,0.3121650527518667,-0.6156413372964373,-0.8429757264171704,0.5280533367414186,1.1048302378249983,-0.36096413579454806,1.0236009232124412,-0.20503223091189515,0.3349258013117126,-1.125325270519677,0.21766136321415475,-0.17507290617772764,-0.2556603629369606,0.008592984956821453,-0.4375451312452451,1,-1.2363072186448152,-0.0820344266708399,-0.6351072003378846,-0.07693498304145241,0.7750951111549744,-0.25411181215339335,0.9898838583237245,-2.0257153466865487
0,2.1076568275456844,-0.22619804616425576,0.19278176650631723,0.6929373198597593,-0.26879437082797725,-0.33556386629060075,0.8545707451644695,1.4371830982578673,-1.7253695467717718,0.4563964059485881,-0.4492105516420309,1.533873983786584,1.4582559701562177,-0.3904378594195516,0.996294602207381,-0.16304372783454402,0.18888919462554232,-0.2601066161225337,2,-0.18844756335600477,-1.763787696696967,-0.25338898777406116,-0.041002442194663605,-0.606063509974252,-0.34860640174511115,-0.6390795591139238,-0.6284376721653133
0,1.5885151611238604,0.567602669072645,1.1881107959607118,1.0925566781573472,-0.6439864854585038,-1.1061609362378637,0.6757833537722882,0.5308803047582753,0.05530721337638739,-0.007111546479428799,-0.47663103326978734,0.3147211547360253,-1.4943055354581656,-0.9176346649853788,-0.5217422503978116,0.20806927805216727,-0.5999505594771666,0.01834228768099533,1,-0.2620314295943823,-1.0237805925109638,0.900656819779905,-0.0516866240867121,-0.34797929451699144,-0.528294705018535,0.8144473202012348,-0.09704874782147155
0,-0.7088758497982431,1.0787938079651584,1.0826802635713606,0.43988596869542423,-0.9377205144012185,-0.5709663581222147,-0.4223874333467723,1.6139920923506335,0.5353609607112026,-0.4865982640988686,-0.29088340016637404,0.5927312644727064,0.1865299854232048,-0.7933786460864224,-0.43754859829209625,-0.12080510004734837,-0.26404714359254,-0.18690825741537653,1,-1.0236095661064126,-0.5871790304421043,-0.6667726953485006,0.04884087828304322,-0.055500021729442905,-0.8288118101855438,0.7563983316273701,0.4862926802291129
0,0.7530241857364726,-0.5409008235099824,-0.15192117249376186,1.334216178370977,-0.027626726697811632,-0.7882099974975663,1.1353723383068164,0.5665490392656757,-1.0669138196845673,0.23655439517950186,-0.7774742729216718,0.5731821010622862,-0.521562672026663,-0.2800870772156267,-1.030824390126401,0.21809814300574737,-0.5975260072034344,0.01560780216756269,1,-0.5303986505257601,0.1419053536231936,-0.779535609124523,-0.09930660302989217,-0.5207362306255314,-0.9053112427609311,1.2389520708017796,-0.5549670450405333
0,0.1660921778680591,0.8225544103924463,1.897984026482737,0.14999289067613314,-0.09415853287551629,-0.5684333241210195,-1.2154897115349255,0.9351866718213799,-1.0430257018904827,0.16546697594778884,-0.41815456927027633,0.049579125281607184,1.2837184977074934,-0.25470413905127987,2.893352370209151,0.8618361872710854,0.4443442306420161,-0.3808809914636598,2,-0.7200063917586563,-0.6340735098318977,0.6299631120590043,0.2930094710744321,-0.07624378953259384,1.17342824684394,0.11749877791865368,0.09094809224336944
0,0.3464639260636567,-0.46233555397235926,0.7081914710390562,0.5476341570629957,-0.5073472211352417,-1.148109647467066,0.690605420487797,-1.5983675209144539,0.5162395039111448,-0.2889866481565735,-0.7402408285133899,0.22856483037792663,-1.5496978954426754,-0.5428144901032882,-0.48400517356540773,-0.5665960991820987,-0.511846441218241,-0.14124582973725802,1,-1.2152571218738388,2.230981722229658,-0.7435935464752904,-0.08025974761229278,0.25783077539336263,0.5695066156157715,0.11093109908837405,0.43218673022598064
0,0.7549725296110942,-0.1304072902602168,-0.3620960320934122,1.2775979306189427,-0.13066938161863367,-0.44644692495206095,-1.0891215076638274,0.41904178748356713,0.6329917464268588,0.1530023398480783,-0.3230004948937793,0.1984709215466338,-0.44281118217742094,-0.0836523337484329,-0.1423557094288004,1.2325691510520067,-0.65175997996054,-0.29763296145321627,1,-1.2437842659004894,0.04360978006375138,-0.837083612328585,-0.13858845242106,0.07322938686552255,-0.5262626029958816,-0.3773197141524307,1.4106859954321904
0,1.28201755520374,-0.398892384763905,-1.4988805427726002,-0.341240081889871,-0.44735793908488575,0.9885954984323984,0.8413337275942135,-0.7380645039877481,0.09185476965462391,-0.04766311378616965,-0.6773753361928703,0.4669019234220811,0.16176725324185748,-0.60218069020189,-0.4731360835594943,-1.3333644886886669,-0.6336063389158622,0.8620970767698635,1,-0.7082831251054382,-0.7464604378188552,-0.837083612328585,-0.12986716228791143,0.7230448004057098,0.5576248125367839,1.3587909065193906,0.994145617719684
0,1.3745942289014932,-0.29867339322075437,1.7283642611087855,-0.18634592870008299,-0.19551776652012304,-0.44142066704633925,0.9105302862713543,0.5471929197535399,-0.7981421630531792,-0.21178956392697354,0.0654364569243836,-0.5702333162818619,-1.751532754041488,-0.7143150989003513,0.018332323786512394,0.1339207115897444,0.45358042126917913,0.021445555369397407,1,0.380967388907753,-1.0411483115183027,-0.6087854625979796,0.02488910716744222,0.3602265254773199,0.7918020252348724,-0.09377494006158785,-0.07844359678533995
0,1.9863465597499914,-0.8557100030418374,-0.848716858032607,0.31808693017897616,0.19393420691570495,2.4546133720919787,0.7210186352706495,-0.2977827812892311,-1.3455176897722625,0.39808014325364827,0.19222394458779146,0.4619911981309294,-0.33847571188573206,0.726748653003123,-0.7763125965732655,-0.6329895658895404,-0.637559844377599,0.11659475776807249,1,-1.87737378862638,-0.8705172809555428,-0.6796081126789569,-0.03632558749074695,0.6671369358512362,0.5462040101394161,0.13786036707943897,1.4981753889457305
0,0.0034317793867297552,0.11442317914323956,0.2922458836321113,1.0913334198394937,-0.4232343311253646,-0.15423115348509742,0.6947217070948881,1.8716969151045566,-1.3922597509720993,0.38749093252074407,-0.3725583000534794,0.2240732347046172,0.5158903979550996,-0.0020775691838833266,0.13889877242767512,0.5778978166884338,0.11421668707023411,-0.31504995945643105,1,-0.648810446781197,-0.832214374209043,-0.7511237001056266,0.18395933779926504,0.8957551742155996,-0.25384826290778006,1.5082286439617816,-0.5522603866653012
0,-0.27177610320733103,-0.7697449838203629,-2.4567737753639816,-2.7766729360713667,0.7908089219687797,-0.19903472013306955,0.48147513191507463,1.4825583175775041,-2.3579967816542933,0.3657274169961826,2.6537290612591953,0.5104570872579672,-0.9548928244568944,1.8466618293269632,-0.5844635555335462,-1.9051968903540695,0.19307634889808709,0.049478997265518465,2,-0.520168434822524,0.0470447341764324,-0.5465324859823908,0.05338040338486344,0.1312792213977362,0.08878861600623716,1.9506272464946974,0.8527294006906336
0,-0.2886528244185458,0.8621097432639463,0.3912527931444461,-0.040475816784463214,0.7279243977751984,-0.5285177616105913,-2.2337739300958224,-0.7577888076833057,-0.6623765868889694,1.2914093121468952,-0.45259075776277913,0.32895134468832055,1.3245171399191147,0.24217619447863697,0.5763982563373007,0.1122042983461233,0.049793839557727926,0.36212418520467815,2,-1.3560917580417309,-0.37528407667324215,0.7257729750758762,-0.13858845242106,-0.2806955782847609,0.09844954746302775,-1.0677059927130932,-0.09535747468158207
0,-1.4568782537306095,-0.20980726479663336,0.3876263414102078,2.169338097820681,-0.14144748630352055,-0.5550293995741421,-1.7777443589983384,0.7927564355291792,-0.3291972214185502,0.021162631099855445,-1.0098673149213668,0.3543835938671103,0.024719371403106316,-0.3121622524785034,1.5193526871207939,-1.3866336934367718,0.4951064157691028,0.18330955708312868,2,0.032721326849430535,0.3734538721256796,0.06069113825777713,0.007093729809750225,-0.41923475316696135,-0.348771921189687,-0.571941558469043,0.6913285443782712
0,-0.938505937348165,1.1530421984134405,0.5004249485875754,-1.3575771725408805,-0.6967446637685335,-0.7573820056516396,-1.0278480165218906,0.25180011937124064,1.1071394950113054,-0.5416730943070183,-0.7527208321897885,0.20008399991317444,1.2818514945583415,-0.26695066677530443,1.081688106615596,-0.5528708866713428,-0.36701497200773947,-0.05153560028564649,2,-0.18032987425003408,-1.5846078166739552,-0.5875298623504466,-0.06620430142967289,-0.7432993738736962,-0.5779272445030013,-1.21975314077183,0.8121450536930044
0,1.619811212512567,-2.164242989794139,-1.1939908540781567,-1.4359589663447054,1.3730331853891542,0.6507759524807022,0.7195835909988666,-1.1876431365686475,-1.2166063063441637,0.4685868331544115,0.2750752435111625,-0.15046715829847096,-1.78526162662461,0.3111139149022597,-0.418488434718857,-0.447210866636789,0.46517481081528994,-0.09525137755234664,1,-0.037888981584867226,-0.20076351212917093,-0.7577644631901637,0.0018681990603877097,1.6838641550213742,0.14033783538403033,4.353367127765109,-0.4752260609514822
0,-0.8021375673625991,-1.1862896922971689,0.33139358766160104,1.367636793656291,0.512070373296575,-0.632424439832597,-1.1909266208208038,-0.7045736129041895,0.15384396948948564,-0.09296558463259114,0.22650409245092412,0.5091274744982333,0.7978762562177517,0.5647867733751515,-1.4744306867984438,0.5284080410994896,0.0661362822206285,-0.15218239964639446,1,-0.5306798098152041,-0.8487252084545034,7.159834557743426,0.023275953287368062,-1.0593581393701827,0.15934610092206658,-1.21975314077183,-1.2516174148869754
0,0.4606254642234924,-0.9489168760483435,-0.30687023016812864,0.41278676328704234,-0.3799624743698264,-1.0247065973216811,0.7901468391938221,-0.5885240534689148,-1.311277199004404,-0.5999869890165245,-0.5461852205251863,0.5971976023632345,0.22091879256140834,-0.3625958278722935,-0.3012429333404101,-0.6765850230931452,0.030739114860772798,0.22638962415909017,1,-0.3092932170637528,-0.3515544564772516,-0.6372094331275491,0.21365510148092198,-0.2342205420683081,2.0050667310757264,0.49795816038712415,0.9687434596400278
0,0.44645789991180956,0.27182106773068065,0.23214530958072216,1.5879908083428131,1.5985133316240594,0.06691337790485452,0.5430607715340823,1.9662741741582046,-0.24009435126318962,0.5938128922630037,0.4350778931317989,0.5563184919075022,1.0739877129014126,0.5668960998756251,1.1021092489409527,1.149216504164674,-0.3629390435438515,0.8538094554041006,1,-0.09314325121308997,-2.6435634666966905,1.4563573192567794,0.02862732405619585,0.7455889379943719,-0.363414634827756,0.9131523952218898,0.7315232933660546
0,-0.37342114087543155,0.548073128359185,0.2594801079186443,0.21832999376064047,-0.3361595740339882,-0.5058816156096977,-1.9858156184204843,0.9097605867787911,-1.3778394850994715,0.6965010932192743,-0.10688730415504555,0.36296586796528146,-0.011083201378775831,-0.2271194734112114,0.10035668456771218,-1.4792768690657567,-0.44841734453718013,-0.05898376017493606,1,-0.013818276729341411,-1.5525602803978078,1.4581342215120134,0.0663714506588341,0.09242297974223693,-0.5590825413636193,-0.16283530557648393,1.6039231563633325
0,-0.19611827691804135,0.5591751091065033,1.5246665135306143,0.6524832793184137,-0.1270855876447256,-0.26994497928172323,-1.715338972949343,0.6477561740436077,-0.8856321082506734,-0.21952190131038413,0.22043499251285464,0.18332921554338383,0.22990889172115608,-0.12588293630941044,0.46544410816660026,-0.7847729057564545,0.6826584223200696,-0.4402085591077947,2,-0.6330874135202983,-1.0637321831632893,-0.3843935575383416,0.25006980673755497,-0.5410714669653256,-0.6677503165553442,-0.779537527232736,-0.6034008723699813
0,-1.3348984285141081,-1.739421961679413,-1.8054965132680687,-1.130958586518263,0.015172737703609107,3.7357042775414735,1.2491417692896305,1.07053285703819,-1.2861840502753692,0.7530856300309196,1.0051022675753354,-0.32005118642983255,0.14118622129159775,1.2435962336499355,-1.523272696664276,0.4868403663451118,-0.33528541227942443,0.07260694361547759,1,-0.5604080313177382,-0.031411987889819026,-0.7594180461165441,-0.04530782442274197,-0.7412142369224346,-0.4597681837782137,0.21635033072892002,-0.13810361969586638
0,1.549886247145225,-0.9787755256156305,0.4664898463910367,-0.22269681927519547,2.3519653769378785,-0.9503815516447289,0.6608795223220569,-0.09644542040298315,-1.4800096726427898,0.6732491275388631,-0.6624491316512916,0.646529994706059,-1.0095707892149997,0.6237004385859561,-0.15213792898632006,2.24268941296186,-0.65175997996054,-0.2411213258354048,1,-0.8441486403144041,-4.9347968039455665,-0.7834101497090248,0.1464144265351451,0.11380984391854657,-0.5685232339755535,1.14248109097146,0.5853051645841387
0,3.800203299830773e-05,0.5260967667413453,0.1013731818618353,-0.022222360154431853,-0.8760613512700473,-1.16079208439957,0.8781760318778358,0.7326785309345801,-1.2505705970370733,-0.47918804661546316,-0.8603665972090064,0.34579171392622254,-0.3318838065246782,-0.5048380167060782,2.3829149979771707,-0.19029959968854193,1.0338512593186189,-0.145013847343877,1,-0.6144764648448447,0.36935519479175516,0.11715328496855229,-0.13858845242106,-0.2612558353381504,0.060685777612691616,-0.24161062289718216,0.9669878119045436
0,0.31468210044369127,-0.6592714697996267,-1.62309086715158,1.8178903760920795,0.1503558450152993,-0.8202787143185596,0.7635095721426104,3.293203390994723,-1.0725510882628642,1.0300354099402882,-0.7163990684271782,0.379802938893326,-0.9574952150117985,0.238511680368033,0.6756444589474032,-0.8461836291304604,-0.65175997996054,-0.31073635019554546,1,0.10362896397681537,0.8000973602663489,-0.837083612328585,0.05394580934588994,0.5206662602417126,-0.059678105334838964,1.9097903096718265,-0.007937864824836854
0,-1.1189757301972787,0.5910492385085607,2.2738964168353153,1.9286348297358935,-0.5522601103701615,-0.9923480153134523,-1.162108052981307,0.7327012911278021,1.1623618746074464,-0.9034505580968639,-0.2636521170488787,0.4139492509326576,-0.2608996444731505,-0.5091897695726344,1.1302701644782225,-0.7194139788431232,0.878120024583863,-0.48443445368534066,2,-0.0671597790604953,-0.7656191877103332,0.26835740450162326,0.08224167534082966,-0.48318639994544366,-0.9651417024803919,-0.8539770869521319,0.4982255010874943
0,1.1821977647284434,-0.5279827288914805,-0.05004560158763138,-0.028335298710904067,0.13346036715667764,-0.5996097151115111,-1.1949103592580272,0.6949103573608444,-2.2939518194801956,0.4027449757385404,0.3478956458450223,0.09054466501646213,0.2905606270942295,-0.017551985884192906,-0.19651373036254133,-1.4396565977177307,-0.65175997996054,-0.31368064620683545,1,-0.569917441071439,-0.09688272212076615,2.6386197957381405,-0.1051735917151374,-0.6366899956649787,-0.43908918146351483,-0.3774593122212361,0.355119178021718
0,-0.8217210556215927,0.27344265720807026,0.7422137432695153,1.3011517188190411,1.1487800728086182,1.1107137438163233,0.6562609080631265,-0.030063069180675694,-0.3008122255697245,0.8529257057237727,0.6150141686503161,0.36435931247693987,0.412551673378522,0.9892104935023049,-0.3403596264145566,0.031541422397343255,0.22840048043406921,0.1258885998794847,1,-0.17576630156799003,-0.013482587072297214,0.8577773830511326,0.22119530576264904,0.8515432473153474,0.7229211230557806,2.8996452856689396,0.4606040178297321
0,-0.2126318658127444,-0.2246853697661665,0.602828940767467,1.1949396604284122,-0.1824900707949857,-0.8469690281597395,-0.999039074448278,2.081103660480033,0.04521788152661102,-0.446882906208597,-0.3849453783059728,0.3515517843749966,-0.15911901198979983,-0.31290592783083687,0.1250406529872224,-1.9256381963132998,0.9344438719392353,-0.10706507071967511,1,-0.6460851813513959,-0.442472308257593,0.3921212665343445,-0.05149702773799877,0.18950606227829953,0.02142165209074809,0.4880049448632746,-0.1592400728798128
0,1.3214313473287158,1.2805554189200263,0.7659540826751822,1.3777671619074283,3.6539076199638814,-0.7670001972874296,0.1828024824652964,0.04177489052721961,0.9829348613758504,1.2943027185164024,-0.4305817298876861,0.4974050459122474,-0.2207652305621125,-0.17560675285499622,0.9081515334157397,-1.2926389816738184,0.025650146046261174,-0.11653636841090034,2,-1.3122989633186402,-0.09447960348797643,1.6287826813906383,-0.02629737484564857,-0.14583800417591733,-0.13779013641572196,-0.008137641443159094,0.7571168107808649
0,1.3227046873494863,-1.221878095855139,1.4512075077927182,-1.4912918354976599,-0.11503653018767823,-0.6957071967599875,0.9589670838553674,0.8395153028449185,-1.2216928816522237,-0.687721816684599,-0.23991412487179448,0.04582433629568633,-0.10497382713841463,-0.5664183338678033,-0.5716978516268352,-1.5261099906530595,-0.4716121716399759,-0.04781235071102519,1,0.1239035011350863,0.6476475048921966,0.7680405073249589,0.055656887014020814,0.5409687406719574,-0.35687512096384244,0.24681796846669957,-1.1261669818980147
0,0.9690723526497484,-0.03436930904967747,0.2257328964228048,0.18819844683537537,-0.24883214752962923,-0.8824598396752146,0.6823375193361522,-0.8651276181993657,-0.5840622283965181,-0.22710828615998344,-0.27728895136026965,0.47135618604594826,-1.003632700392104,0.2391122656138144,-0.9135475709322558,0.34709099539679333,-0.49613072215649645,-0.38741572704472776,1,-0.8647153741813705,-3.197831745496578,-0.10854909223923917,-0.044948789422445526,0.8226369870091479,1.0378791094035642,-0.03965343091654963,0.7899170153608618
0,-1.0099569514052757,1.329657746325979,2.023098936093346,0.8303085733659419,0.10466197584747466,-0.09634966346821244,-1.1698185884082482,-0.1466825605370603,-0.34404662073443587,0.8770346778232784,-0.3711730152546495,0.6480730859105648,-0.10380130194967674,0.6791466690586732,-0.5313657898964809,1.0474194210476455,-0.08339318712217086,-0.37955797562781746,2,0.2647384182175285,-1.962181440331462,2.035246304009186,-0.03770678331013129,-1.09095311408826,-0.2467391697060294,-1.1931822861415438,-0.0014126342492658261
0,2.0431488492823884,-0.8572046649563403,-0.8031083069949553,-1.8161510094250577,0.3636497039042845,-0.9450664976686818,0.407830998988875,-0.7191887588912891,-1.1346201482826133,1.287249792849273,-0.4061306563453027,1.3134605172564038,-1.5208880692123306,0.29529874392023603,0.4385838865688203,-1.139441875259759,-0.1479370932581261,-0.593161127933522,1,-0.010501836732322661,0.7934632234814141,-0.7090344865670675,0.05532094701823832,-0.25457070779020624,1.351650064389388,0.18927085209842098,2.9782372115590805
0,-0.2608272965986661,-0.0873251501697131,2.0923587759293634,0.0772559642694543,4.906434426620603,-0.734536866093803,-2.3733688614936983,1.4275505320861377,0.08551219913836872,-0.18718704507241318,-0.02383599719228066,-0.04773416341323028,0.6682464088292396,-0.7712145249189162,1.4247340826343469,0.02338120830377477,0.2865429020909711,-0.06217259053039345,2,-1.1095680777761041,-0.7803128617795969,0.04644307131881448,0.05452420179708911,-0.7648167669012804,-1.1483787218129438,-0.46747696064852845,0.9562221846958641
0,0.4657527024198458,-0.6419995602581081,1.6486381419280327,0.7902043407661876,-0.15640000802377982,-1.1653345868939011,-0.4373837718135156,0.2961292487602214,-1.6282609250813096,0.07927096939639411,-0.6701184429899694,0.1326187168367728,-0.5588297885271333,-0.7395950610214503,-1.01342994187714,0.0606036039297988,0.011239696535655097,-0.5490373193636477,2,0.6048030546564187,0.11519869928788071,2.7711785712620425,-0.0883126404234808,0.5007520169670738,-0.12200764768817818,-0.19155705515574006,0.7723665084113408
0,0.33651318261677976,-0.05696941655170229,-0.42386898260219663,2.152891764315604,-0.05416388059693111,-0.04822323419903585,0.8520322825354864,0.7975289947088102,-0.6162500119697751,-0.5834778321206784,-0.2026886938891379,0.3178559876108465,0.8501541267141743,-0.057708902730004924,-0.37353330223948805,-0.45674836736672797,0.03146911539093708,0.4036462019869019,1,-0.46868939476269006,0.7654436229319421,1.1767253279680499,0.06546522830668809,0.2427550620185822,0.3637266589677822,-0.05941014724160654,0.9877693857455703
0,1.9349607602789956,-2.1236815108422373,-3.27106105448009,-2.154605994085159,0.13622591189713007,-0.7770634766469582,0.314504304055775,0.2313381994439947,0.01857411259469107,0.2651740962906638,-0.12060043183588925,0.46632264377053145,-1.2512007555654756,0.4897734288628838,-0.4902812859140627,-3.1744072629032174,-0.65175997996054,3.1619637034674755,1,-0.09476829170962447,-1.3138515394388013,-0.837083612328585,-0.12317116090120339,0.7493704029858453,-0.12851463173912892,1.374489302885285,1.7895322404483025
0,1.061344287292606,1.0396280401075653,-1.9951522853678252,0.5576430214559482,3.377165028685452,-0.3625882234388994,0.6375825593673674,0.4306215924915897,-1.1209259591298082,0.052597007542093066,-0.0911180652694482,0.9967279226222479,-0.5590648828428002,1.7735110638337677,-0.6283593404952027,0.28604818581616986,0.6719104053144334,-0.2161474983608902,1,-0.8255989362974052,-0.3802998404272594,-0.6612666665957194,-0.13858845242106,0.6356095558745447,-0.08565012746484957,-0.15378514302835122,2.2694953827734183
0,-0.5507667434932022,-0.6923690085785177,0.39084201070769253,2.184381648090858,-0.4539303795893577,-0.16457788406726181,3.82247885296888,1.678999423570584,-0.7131877378949618,-0.1608435413143772,-0.18478408434242846,0.08105987487354094,1.8013981402584105,-0.1187131524986487,-0.10328968960655383,1.3689628574437056,-0.3364975688363313,-0.18809583510105685,2,-0.29786183090154006,-0.19066303647996452,-0.837083612328585,0.018329269733099847,-0.30610024823045834,-1.551584717287817,-0.40591388328745115,-1.189720490314405
0,1.2239006060762125,-0.3767848051558101,-0.22320381592687225,2.761025322853083,-0.1635685417969311,-0.7274908297946272,0.958492329980522,-0.32835044773996275,0.7013661232415077,-0.10360036207933032,0.0002632445684683238,0.6421746597586155,-1.618822448834632,0.09722618229786478,-0.0054380955560843075,-0.411471470584881,-0.31953972711648837,2.3853768304071465,1,-0.08803936557782338,-0.6231113064304342,-0.7193611473256848,-0.010422770265922372,0.4343136801062638,0.4002171642216614,1.3094584565064695,0.3423074882045345
0,1.0072337130323374,0.2213155344049706,0.6393719914316712,1.394881695611704,0.08274518270289473,-0.11783139789829507,0.6807287139823905,1.499489701963315,-0.07647514820905799,0.3904202450821286,0.014731147210002404,1.330634293652352,1.4379385585919984,-0.4098304407993345,0.1564215501458015,-0.8118063148728396,0.04729057276863232,-0.28237417896308553,1,-0.9417336059927559,-0.509558793603392,-0.5298689726264534,-0.09627665298711278,0.08479645550740317,-0.2596974644637957,1.0007011283173064,0.672375893583997
0,0.476089442319275,1.1513718668691546,0.4510064026634223,0.9444435165297239,-0.3659146037716632,-0.44214118522587254,0.9229657907907599,-0.9045975662311923,0.6076189973543074,1.9225799909231513,0.4367402858702928,0.21395260447147207,0.1525697379723296,0.54388084938946,0.2573236937420885,0.4625193172871644,-0.13637993155789258,-0.40722511939219186,1,0.010339003796658475,-0.3151022484949051,-0.25876023542243537,0.1032822576131324,-0.16377461344908767,0.8154940682111274,0.3491277778966607,-0.09797354366965555
0,0.7451637459509767,0.04428409921271864,0.0886269916938123,-0.14414312112030903,-0.10796674101408921,-0.11078289135510552,-0.8804524546297182,-0.14237530846028096,0.18926431719871334,-0.313822295448983,-0.8233812761375836,0.5427748669612111,0.13892752911520678,-1.380025951571263,-1.7451224015294726,0.5645114453517273,-0.3444316640369542,-0.23856714015507083,1,-1.4175181076574124,-0.9550595158233228,0.9003835755882216,-0.08834154359142357,0.22190135920237453,1.2546361415747413,-0.5879784823832124,0.46689756032630947
0,-0.9854190974129937,1.3105573874372152,-0.660022236704018,0.7784183105440527,0.18966334038323093,-0.5057262630751523,0.48600529732552644,0.9531373949859081,-0.691895755665088,-0.38218153410845995,-0.11480215844013278,-0.3554332075621621,1.8603747088573566,1.3200744619924456,2.533534165507408,0.7153647296566215,0.7529716647031991,-0.4835931126521167,2,-0.38350317856269484,-0.21394135640699144,3.668151246898284,-0.0338603691129723,1.808153265902611,-0.8451260753845011,-1.0115810268239176,0.8522598448558301
0,-0.9719579392083132,-0.7527443365899449,0.8039463055057989,0.033233887100432416,2.0985030540930145,-0.9854746380160083,0.5201700313691621,0.5177263409001764,0.2067450981649801,0.6614636389575127,-0.27386943250454804,0.9283594403123633,0.9252322977234034,0.014647080592134876,-0.24727880027822008,0.4430838399590786,0.023117787993158723,-0.28712926494177454,2,-0.03183012515155817,0.0065114968770985104,-0.19496787084691125,0.021785044896023925,0.17928520425223407,-3.500795329025192,0.27579795653039013,-0.3812695986031943
0,-0.33748818703672157,0.8840576438209761,0.9639664663413194,1.4059223706167303,0.031749330334071735,0.03500587547390582,0.8877769433056911,-1.9654918107824164,0.5672097411848667,-1.3489640126877942,-0.6366444697030416,0.11280144796804019,0.8350911741309271,-0.17688715900630847,-0.7679315661779861,0.7165664031311139,0.11633367004345732,-0.05948338271998416,2,-0.30846926294934596,-0.984382821779863,-0.8288886491893832,-0.13858845242106,-0.2703318166482246,0.09680126215460383,-1.0363788580487232,0.10152706902079353
0,0.46074564001584173,1.8471712948523034,1.3661169322342401,1.9362376877656295,-0.4456749496856049,-0.2911652862562178,0.7490855954955546,1.0292908035930182,0.9748037758661848,-0.8419259799594639,-0.8310033038683379,0.36725752882335777,-0.7705668678228015,-0.5524122081606836,1.1197106993164716,2.419003186067062,0.5508230721435241,-0.3407383227929953,2,0.873652224580377,3.5122056339291463,0.2428606866773863,-0.023298337332717342,0.9126844081395299,0.5009317130631532,-0.3922391732994035,0.32250749138753343
0,0.9575430616545197,0.5525229158528355,1.41687898247757,1.7175735091951176,-0.5156183236696271,-0.8813526902598601,0.8747115135365092,0.14137355302424048,-0.4813646075141136,0.30807045927112453,-0.46725693702481974,-0.20197128339693796,-0.8655290765327098,-0.4503409108953743,0.5638813073976408,-0.02835559133482063,-0.2789725604274962,-0.4346931132166987,1,-0.4185359333534351,0.2519872002791098,-0.3274641544265684,0.03377240984230018,-0.008330380226974798,-0.2843359872597769,1.2621713335259157,-0.859740444543117
0,0.1865482880338654,-0.4213870682707215,0.9389988585863527,1.9341550054875105,-0.3092749653941814,-0.19669409141154515,0.7469589946759548,0.28958907404844475,1.5625741144369296,-0.8498339101468433,-0.8934132052947865,0.16902360908371278,0.6226465058624329,-0.7420836145521399,1.7363129868747966,-0.6269410455305536,-0.27998395779465374,-0.27689287426637244,2,0.722839121239437,-0.5986851852556092,1.1200834508010646,-0.05470311506350455,-1.015365026291104,0.015982715375395418,-1.2013652658374543,-0.23910644178349538
0,0.6624904034423147,-0.14509646154402608,-2.0779110238214185,-1.0462913177222655,-1.1390075951682617,-0.8206639179855091,0.11419728603167678,-0.23800811306445724,2.4082216920463733,-0.6126413849391543,-0.2257165929592843,0.004647375541506793,1.2455365155449085,-0.7015561732883827,0.9496767948071465,-0.8897454582727128,-0.17425253484649783,-0.08019222398737252,2,-0.21970715235312657,-2.1260843733063073,-0.837083612328585,-0.07639293630811955,-0.5813828215291247,-0.3819056444741311,-0.3390308919180799,-0.27185227585149885
0,-1.830222661293516,0.7315530217281051,-0.40980769229087244,1.7489475482296992,-0.24358228462940018,-0.5649732991520675,0.5125138228307391,-0.15633979408654863,-0.43542373162021636,0.13756098362710775,-0.2147105555241809,0.31282325278695156,2.08553871868021,-0.25469056900545417,0.4977554970290152,0.034549686925046674,-0.40832079494115814,-0.41745500385075207,2,-0.46898100484568084,-1.1798203079354235,-0.8340580135224888,-0.13858845242106,-0.5173688555951422,1.077634247593566,-0.4777494609607148,-0.1749518558818835
0,-1.3674728792748043,-0.15877705249322643,-3.1428174459464637,0.6731407037403625,-0.17927291934327522,0.3453899916438836,-1.6829744101137152,0.010159387978503465,-0.6282405350697466,0.08984463984357693,0.5581431801638843,0.4353903927261633,1.6718930275258037,-1.1487586866785886,-0.6534419401395274,0.33446630472881345,-0.3056037083592019,-0.19556798312152562,2,0.7134488222677691,-0.19865360539434818,-0.8009216695633655,-0.13858845242106,-0.9905766735215653,-0.5470300267201963,-0.7736820879289935,0.03574048557824322
0,-0.06040437541872232,-0.1672777570610146,-0.9498436645042274,1.8822774602716472,0.05620118998404011,-0.5906165431348823,0.979043103444595,0.35560730791711015,1.3515996939746797,0.3004637345424806,-0.36825611388518104,0.24997248072568803,0.8944869405444867,-2.42873813349781,1.0579304786007189,-0.0810010382281886,-0.65175997996054,-0.46368765339599016,2,-0.5423870093850482,0.08380820319665083,0.09113657372289374,-0.13858845242106,-0.7402767428654813,-1.4722793926326658,-1.0748669732349274,-0.49999958813905926
0,0.42425676675752855,-0.30115686534363345,-0.17584642888029547,1.4676476929302003,-0.3589416768670565,-0.26603476963727435,0.6493565489190206,-0.5099352064482423,-0.05388925232538494,-0.5199602822455506,-0.5744297622726806,0.7347272274842688,-1.1724147531183975,-0.42186571897259406,1.0601703731966925,-1.2515308123699025,0.025320825356979354,-0.2443442177055379,1,-0.48625207682619176,0.10414940545260051,-0.7494919805649141,-0.08357098933572746,-0.2646714397417684,-2.049164708087595,0.7198182186557236,1.0255763560048132
0,2.2322826909443325,-0.16118783309691875,-1.3185921657926034,0.45507473004577514,-0.3275546940505202,1.2288720438474443,1.078273892862708,-0.32466280877380643,-1.9306804224892153,1.0512222778024733,-0.3763001021025429,-0.1559424036118635,-1.2481549432663308,1.905805073585328,1.5053353140695278,1.6755654552469479,0.9828224994308915,-0.10506654778978616,1,-0.3412490041189655,0.08007044667889174,-0.6978555347283781,0.06822670830755463,0.3463200132904548,0.26570403140902793,0.7845721830621865,-0.523549983368359
0,1.4387575716120955,-0.15397209202528367,1.0864434406371088,0.516165095540283,-0.3798706533786673,-0.2934563877281997,0.7782807452921087,-2.199072740104869,-0.5293036413763392,0.35731015194124405,0.5299715110739511,-0.40605192645531885,0.39055747852190215,0.29221312385786125,0.6650096686360887,-1.7803109425847832,-0.4571563699995776,0.3336794078621255,1,-0.6754181288588421,0.4110120143207774,-0.8313248509771286,-0.13858845242106,0.5142145977495785,-1.3426420455494807,0.2450062203679073,-0.7383248196664938
0,2.24867707487614,-0.944440740479694,0.4429889261886108,2.736247584374121,-0.4401141650212019,-0.5855518025510562,0.9896539689259211,2.4160235348203294,-0.7681940675893938,-0.28861620813263883,-0.856686563776543,-1.0475778143571033,-1.3992800725354664,-0.9981234975049089,4.473149417543638,-0.25381014028879545,-0.65175997996054,-0.2821251931899707,1,-0.23884769939370676,0.33547167515831466,-0.7542844619794848,-0.031582262462130715,1.3914475951007996,0.2001010910736682,0.5753399508075053,-0.3120686316648853
0,0.12178863453924105,-0.11344326609681576,0.6383255725635072,2.537420873891759,-0.6698438941178094,-0.6268176296726773,-0.08883221687050757,-0.1367194955785922,0.8000774793269521,-0.2523946180215736,-0.576917854755407,0.05828373347843446,0.757487546990565,-0.4051995464204322,-0.5883880803999725,-0.5758372229776587,0.7375244548633184,-0.2596143271858122,2,-0.637845146476708,0.8074530996196585,0.6746004814779811,-0.07347371792807343,-0.28931984176449654,-0.38282702987990963,0.08769589206417927,0.2743917592075714
0,-0.8409789344429137,1.4895409654228873,-0.8136519594983505,1.806445690511032,-0.7927587776018375,-0.8046895991673537,-1.0060232316269486,-0.6341579866936111,-0.12575830790499287,-0.8591623460152886,-0.3916824974621246,-0.44041528756124665,1.058159966227106,-0.047842941340892814,0.18323955471923314,0.5608201452640138,0.5935719757547853,-0.4455127657401802,1,-1.4684798173336095,-1.028617485050732,-0.6331555414966814,-0.10600918881892307,-0.4936450723729371,0.12418359784562416,-0.1683618094096826,1.3585934837169158
0,0.7220094783070778,0.659091026170358,-0.12558565766381283,0.04515564938710881,-0.6761499475737278,3.2708761637095036,0.944931374531987,-0.23384057102113076,0.3474641022885451,0.6162874097723564,0.12724690605350183,-1.151340625227335,-0.7288781152802603,0.2876108034472164,-0.5177610322571069,-1.4001249337065529,1.1214989450684563,-0.12323258621372213,1,0.11350543812948365,0.5841251257834402,-0.3846473941107358,0.005580664473258001,-0.1161851743249849,-0.9934810961105044,0.7334133570222187,0.8201442141024486
0,1.3243119232231355,0.1154262224969409,0.5137252997177132,1.707240404543843,-0.26450641723662727,-0.14364992484575168,0.9969306776539733,-0.8902464835239972,-0.7323051063792179,-0.27941818153117337,-0.34022125489168353,-0.5449372391706374,-0.49620149366588984,-0.43098525954858,-0.051978093587179225,-0.05564440129173254,-0.5435344976236207,-0.08640035906407495,2,0.07815310692309918,-0.3374029168155891,0.611509805310048,-0.10449082319708991,0.31613572993271377,0.1751120896322466,0.6371595740073552,0.001072122941190301
0,0.44960948842779874,0.758288741124767,0.481921938034257,1.584788591727068,-0.06874396561173135,0.27817758034226214,0.7776578843073416,0.06265292479083429,-0.27958725837284676,0.0973094070708358,1.5817597718321297,1.2974934616828575,-0.7165106921440705,-0.006935009599714381,-0.02977814857181396,0.7374543198115232,0.4023653438521947,-0.5426857931065605,2,-0.5336566712415259,-0.5843062400767145,0.2156547179393285,0.015435822010887279,0.7553933070120463,-1.0766537173822814,1.46089683115508,-0.5934760955596506
0,-0.010846349422055535,-0.22060178064126656,-0.11368820001123642,1.3585754330095323,0.1589444571170876,-0.5679217473960182,0.6699475435088001,-0.4381289473290324,0.6210078089381759,-0.39064658109492956,-0.27999353247266734,0.9357895337755935,-0.32397219273079314,0.10532610828957707,1.4217141450206483,-0.10288843316368235,-0.65175997996054,0.03223995241656613,1,-0.9027322567984952,-0.6279254471807885,0.24876782447744264,-0.1135469160454178,0.15732402835353188,0.20466387209701636,-0.15219679745152226,0.9476993720963289
0,0.583651853866702,-0.23922875593126963,-0.7539425281571452,-0.1259621353629145,-0.49544755962998,-0.8804714299542697,1.0135006529259696,-0.9097091981281971,0.8025017248457607,1.0305245085916068,0.019836142386399913,0.5955945726088769,-1.78526162662461,-0.5047621029897992,-0.2794255952060942,-1.2369819993722613,-0.17292423474384339,-0.2615448138656423,1,-0.3069314566485334,-0.18330456111486665,-0.5483145058319887,-0.003235010596354254,-0.05676763847612404,1.1932228010423216,1.3899722941436166,-0.04907325216878544
0,0.6908696470576271,0.749578861895176,0.8918344979716748,1.5817050614859856,-0.03221829119732721,-0.5111835715178834,0.4079601438922834,-0.6713723339607923,-1.0768950558315664,0.36908852949993465,0.5091547309059183,0.5533306355361837,-1.3921014733335824,-0.2978233332927578,-0.7099711122027101,-0.5823200179922372,-0.27913500895533355,-0.29804792462399055,1,-1.2282517724309518,-3.7752761583686674,-0.742658840444745,0.037115349725603666,0.54341637930129,0.07975191233757228,1.5242170650609186,-0.02910825197273037
0,-0.6042795550950187,0.705864082612057,1.2300752399155985,1.1059916857570284,-0.10682354265940253,-0.3920979792806949,0.4620250601443726,0.08266331372835772,0.6804493392082791,-0.08708979010160378,-0.046193919855529925,-0.4760049521949453,0.9127069259641043,-0.1445217792832852,0.27612656541149866,-0.08357723937898709,0.039487580379607645,-0.20532342927821823,2,-0.4967774215230798,-0.8218947005038677,-0.5058586676220503,0.2013444135658456,0.19577154726828172,-2.651934001952521,-0.6987024799811749,-0.04163164774999922
0,-0.2300807912342243,-0.3789431923089045,-0.12183667502452264,1.0336231025540477,-0.3069916355911376,-0.26126560475427657,1.6494524514852198,0.3132703715448182,-2.5150497031229673,0.5206681639127956,-0.4470035344676513,0.03557010875026265,-0.7297586746014022,-0.2169494359091624,0.2500849074600083,-0.222340663925006,-0.22447114980593022,-0.3206586343245713,1,-0.5252252337079636,0.6367112726843357,-0.08407858907477472,0.24594580887625092,-0.4844960574865662,-0.38981079720656414,0.5968796379038409,-0.6916523057285625
0,0.08877025308087433,-0.6365695589416345,-0.41535858877992937,1.3008558766839489,-0.059220970998254185,-0.6262435967343105,1.0132911186704805,2.432414003609539,0.9939906950515272,-0.6516640428955918,-0.24854788929643315,-0.7098738867974224,0.5714215756141393,-0.25810424593906334,1.1132676722335841,0.9067259705377777,-0.17912968296945359,0.013091720191168589,1,0.08686283905014928,-0.2368456027183594,-0.6484700469317863,-0.07003312550969885,0.6891560497189378,-0.9826431198826296,-0.03914840475173098,0.2396718670791766
0,1.382250358228867,-0.22784178649694906,-2.5171570882144856,1.658552131970855,-0.11003070402768639,-1.1923138725159153,0.9161389379851209,-0.929159895297717,0.29447399356496506,0.09567201884859677,0.550472156335693,0.8612358268029752,-0.8344778252825894,-0.6064264151212115,0.7427916774758767,-0.9663969588268593,-0.5957481689260153,1.1345045487676706,2,-0.2627161122205819,-0.6506916525600652,-0.7740400277010315,-0.11334559380424684,0.4933249283468261,-0.2919495705316062,1.0198190272605763,0.610151158318795
0,0.10420760208747878,-1.1641578645369224,-0.30726483486411416,-1.5681999939960445,0.6558569865693329,-0.5755860646765918,0.47950238239816656,-1.7426951504703858,-0.6556771651646166,0.5410263931866673,0.17447317541106927,0.4347722671900762,-1.3794121412499178,0.11215857039711924,-0.742047998518957,0.8463625523175817,-0.062344395180533474,-0.3021502109971132,1,0.10614651183136059,-0.15250781658011336,3.6044838229217353,-0.11470287188825834,-0.04807079042808801,1.1250293276566545,-0.18279368499486737,-0.7513207235940167
0,1.1827827310510837,-1.370556948001636,-3.42590343408571,1.4265450358290814,0.3171011417094751,0.31371860063707674,0.6034940356285559,0.439280579254671,-1.2113668208163277,0.9548113617592926,-0.20780315230013008,0.15295572388651515,0.06049016879893154,0.11967399647976591,2.9125486998489327,0.0912821802861048,-0.65175997996054,0.03624928865854049,1,-0.8798024407559027,-1.996588504756562,-0.837083612328585,-0.055998044783528246,0.9548380471964545,-0.29942783795430955,0.9606734474962908,-0.7189155354023786
0,1.0912734974485407,0.3478713543016586,-0.10333695045563779,1.2359066872429645,-0.3116469179657765,-0.09604210802472207,0.8598977872824027,1.6805247506105954,0.15778743628028902,-0.5935464719601978,0.21961536981921698,0.8128711676830245,-1.1548772706886812,0.5660366039144237,-1.346305211786244,-0.6532046299384966,-0.65175997996054,-0.27380649404688173,1,-0.40423798536458233,0.29220693295821887,-0.837083612328585,-0.055848409125278387,1.4279473724141298,0.4010468082891079,0.2534381148441506,1.824619647975541
0,0.31715267853960116,0.42604429000809424,0.05123681986986983,1.939695156400978,-0.6349915161949216,-0.6064853978759013,0.6692652391034293,-0.2648279823942783,0.7091267549277456,-0.0898356055292236,0.11748682628959894,-0.0651749576722167,0.16132001081983238,-0.6708272522586651,-0.12853345812994033,0.3595559888458312,-0.4517773983970689,0.00740788568934015,2,-0.13784762546423165,-0.47962976272041247,-0.1702557403819126,-0.10818662831006763,-0.3040042563256909,-0.23917314551786312,-0.04825425992129104,-0.4935166597945445
0,1.3544356730826457,-0.9677605217288408,-2.280692204391825,0.23385694617875602,2.4916849470374203,0.6506210832112687,0.42717103016693886,-0.4449850313728134,-0.8798192823883056,-0.45636099798048035,-0.32647647147827213,1.0830916759413718,-1.2858824494383463,0.575552376718178,0.551912331403067,-0.5270726803922727,0.12120628655905452,0.956668593322189,1,-0.8435824286184299,-1.9439417260305794,1.5232896487653191,-0.022916681980325544,0.3309165909294957,-0.34803442797703044,1.3099244760511701,0.5872292728583501
0,0.6341325678063534,-0.12395168024152393,0.15547504178936844,0.6014417875272159,-0.2412936403774516,-0.692737945951737,0.6081597831926215,0.9345664835543547,-0.13615931608981197,0.4268109960286294,0.5138741250812096,0.5346438895637007,0.32744150020437696,0.13073847978362474,0.24123341043877572,-0.19449631381923482,-0.65175997996054,0.32022218364510424,1,0.6013027689556263,-0.2839272757255107,5.258852000261264,0.22810242379506845,0.7096640390187706,-0.36365437563530006,0.6525617706188664,-0.12065650948070883
0,0.002963936780484566,-0.1505428467095261,0.8441423802807261,1.3433098563703965,-0.524187740164553,-0.4132801941094384,-0.837519404355214,0.8679836048504622,-0.7438937686793504,-0.5281764774509854,-0.15156076532641533,-0.11532696492000644,0.9369459511754175,-1.337058709060741,-1.3971061137708078,0.7256662193979615,0.2097965734733322,-0.3543208119359551,1,-1.1948776920354558,0.14587058182217455,1.217699796109528,-0.11895563731356108,1.0526439098435962,-1.2048139924076555,-0.29970752799751377,1.184070464214046
0,1.224270214443218,0.25396912642575165,0.9115955578140325,0.03015797835461895,-0.8487582068460364,-1.3842304625308839,0.5235771892010965,-0.11200419614884138,-0.018678895307738586,-0.513775727411378,-0.7342380224057278,0.6604903430054874,-0.6824885565751488,1.2196006289994812,-1.0973773411585288,-0.45079718608863,-0.3615887448436286,-0.4252509594191126,1,-0.6369498139042772,0.1901910586382674,-0.6445533057787354,-0.034283221420535775,0.4159940456144852,0.2789504336073382,-0.07927091862143557,-0.4738315274668748
0,-0.7990913223610303,2.2542837015019384,2.094436307991348,1.6652446644396555,-0.9488575553704263,-0.8756750586973933,-1.3262766923916494,0.09798440440512293,0.3825819725526425,-0.3704236325614625,-0.5139819193987545,0.08931075290691727,1.7382979203387847,-0.149416736620057,2.0436354922321645,-0.16795803083209307,1.7374608765855992,-0.6239590994472282,2,-0.24645303538766236,-0.05823069077290438,-0.011947031273493041,0.015360213044955079,-0.8403855648199694,-1.1449389786148072,-1.081261246835246,-0.8817836447554228
0,1.2753026588723309,-1.1190871477266224,-0.5299008413703531,-1.3797518047983293,-0.6960852428264095,-0.28500357442804647,0.5528661212484091,2.8628670967539662,-1.4278151158062302,0.46239493317851077,-0.18866044772954577,0.8909683096395233,-0.6859234880831429,-0.6912322442201602,0.06680860805346964,-0.22791485809855438,0.649825441328225,-0.2579035524778575,1,-0.20670690959594734,-0.32210076093803774,-0.837083612328585,0.06376568438707057,0.6265480797898315,0.3913274867228138,6.440684275354881,0.45371146077593294
0,2.194201178159981,-0.16500420275469485,0.06029095583144545,2.1098139517375283,0.07820339248039548,-0.37376411176363883,0.8993649476213121,-0.16005790434439193,1.4743842695515421,-0.36367213957415745,-0.8657724823306759,0.3307071863055493,-0.33793497262155303,-0.8121178461195235,-0.7519232066956365,-0.29208576730544494,-0.13103971748800936,0.019191331731422623,2,-0.9080579302092853,-0.7938152795143018,-0.652415915676813,-0.13858845242106,0.5951157057440141,0.4589318632226599,0.7113800493942766,-0.23091264858317984
0,1.7893760372700522,-0.21661797850206585,-0.6751383642732754,1.8537037140374601,2.4881924093408028,-0.703390799382994,0.7350131657699938,0.9376384194807654,-2.4237589410302274,1.6373821535902322,0.730697888700536,1.173509357532727,-0.7773936123058873,1.9867859220955935,-1.6022965275653973,1.0796928745307468,-0.65175997996054,-0.46878970574885515,1,0.09340962476752662,0.15047844362073484,0.30191451979443,0.009419233636366008,0.9409671255249488,0.6914289127027453,1.9246018692996278,0.0290508159834717
0,1.2574169107048652,-0.8514669313141503,-2.509752742634711,0.5262943948824672,0.11050234690913796,-0.28980952352133044,0.46759645309504505,0.8132551333399196,0.23272173115681116,0.7978186049416341,-0.33369892532656853,0.07712212210129266,1.7206111407712785,0.43731463000886683,-1.1128195510578351,-0.29310222943484954,-0.65175997996054,3.361130318567303,1,0.8781101183378802,-0.5978856312545734,-0.837083612328585,-0.11163863611910935,0.575819925785312,-2.123190635921215,1.5632103338118248,1.0804090979211929
0,1.719138949194287,-0.6654179535407068,0.7464719601743903,2.0855041283305615,-0.020705967523092672,0.5116585339947101,1.0861273630115118,0.552544959840562,-0.9221841710743346,-0.23345091242687585,-1.032896878432692,0.5706639011004027,-1.5892098771202612,-0.9187459621899796,-0.3530470645095807,-0.19986864517940794,-0.5448697405687541,-0.5582028476127676,1,-1.6940020304344832,-0.15433502480026817,0.9144782326438858,0.0396340643057157,0.6406423964734755,-0.16900447051986756,1.4719830712927169,-1.3876160989803314
0,1.8273250060676969,0.475614963209639,0.4519213390957785,1.8796133450331691,-0.7379427267933689,2.1448515891449706,0.9885982745830673,2.5440754618798467,-1.0814073124111654,1.010366232338423,-0.4694442705058313,0.2460181435473954,0.4768946612421826,-0.26660090178981605,0.39328935861144965,2.3226906271594303,-0.65175997996054,0.4660245965300256,1,0.22556421477174932,-1.5849623584978405,-0.6232135818482742,0.05809063881120492,0.8623624004451178,0.5481219988442312,2.3016757952759317,-0.04483876572225953
0,0.24819848674484268,0.004736053072122548,0.2523032661843652,0.7296083393388747,1.0344493311489311,-0.4159524502573121,-1.9016304794072951,0.2059266057870297,-0.44830195012771973,-0.64102864379935,0.05520079757099877,1.2754101672060125,0.949867345167803,-0.9336460791570659,-1.1107134728647883,-4.24693979669752,0.27638924990769415,-0.41790786757580056,1,-0.26422466329170446,-0.2691492362388558,0.05305908456932501,-0.03878021133695127,0.6274736149589168,-1.7232380409549126,-0.36929868430855806,-0.5095807293428185
0,-2.271632626699345,0.09754140313008264,1.4513884289610106,1.6399855180324328,1.4475830585971905,-0.845521452498777,-0.22263581050970982,-0.3596587321722476,-1.8203979666673658,-0.4885397166340683,-0.8293949405860583,-0.29975714625130434,0.07740441714391605,-0.8596904659843257,2.189855540165756,0.7875982415864855,-0.08287814620644651,-0.5394557861685667,2,-0.1476224631118009,0.14252721376136124,0.7574764038079802,0.16837872264339637,-0.5154673192394706,0.6831782616128431,-0.8319404472613808,-0.2746402197193293
0,0.024265335002043364,-3.538500504447377,-2.1389314455103547,0.12248597440675357,1.9178390452762812,0.15801760224424521,0.8699714424104737,0.2590021425073125,-2.1277853099982176,1.5257736735458811,-0.6338054982002521,-0.25846824516822275,0.0853617871915422,0.586219404130101,0.01199411542804163,-1.4754650215787073,-0.65175997996054,0.043477273297838535,1,-0.48896720044203745,0.7071632474624636,-0.837083612328585,-0.13858845242106,-1.09095311408826,0.24918611947828279,-0.6774119640640607,-0.769565388375178
0,-0.2394959282877377,0.5937022190021202,1.7761266404231502,1.6127069613235245,-0.376995903163078,-0.5531581502340508,0.3378633091107708,0.002245978344905586,-0.417269253717532,0.43261419353189734,-0.4177149837983681,0.6772809698544013,1.385959463133004,-0.12227595613380043,-0.0712043685924314,-0.9058591595831094,0.006433315236404169,-0.0008691838328989676,2,0.10444264676041765,-0.6786432313199176,-0.3256216993506941,-0.08268639815152443,-0.42944285864085496,-0.49672635793777115,-1.0942430040280442,0.3090457722534901
0,1.4383402422412663,1.1055456328671405,-0.2065078267255267,-0.26910764976497736,-0.580242244565687,-0.26608828514993976,0.5219862946796174,0.5452330229287236,-1.3365560272383181,0.4223070404187934,-0.9675507815174194,0.10289398381596354,-0.9450058045082892,-0.6869860254178277,0.28507212278599936,0.07094438600255237,-0.31618639150623673,-0.6396106656156205,1,-0.787555866790546,0.7328407985809268,2.8379129576446167,0.026030968997800025,0.4030264033295008,0.016547683443319874,0.17539710408564768,-0.09264124796203854
0,0.3645038712523092,-0.5632933743819464,0.15383590426396754,1.7374729455749083,-0.126174148456901,-0.6948981724238307,-0.10556874062303157,0.6045547784988696,0.3097521816097957,-0.23641333522147615,-0.22679154759215883,0.5514119117278842,0.5603617867495995,-0.568543643188186,-0.738993953402803,-1.7322987334555076,-0.22126958601019542,-0.4037648756944487,1,-0.6673329056753188,-0.9483664416246289,0.6391470991087772,-0.13566867425418666,-0.12082700091476278,0.7978542870202039,-0.6250221685396902,0.4667805670744236
0,0.9338965687222254,-0.6751603910206634,1.6606234714944734,1.556035122525314,-0.47902478746942945,-0.37779157206278086,1.0453947712934857,2.2769819769586888,0.9514939235680135,-0.7857769879091626,-0.8747190386719819,-0.022563640863088985,-0.6039814925675311,-1.1256914686288582,0.3269564952934596,0.17327773642172573,-0.2962654700824175,0.6539103633641539,1,-1.5473822855557857,-0.2026465991429034,0.2254978924980444,-0.13858845242106,0.735342068718317,-0.5843816387364558,-0.7744757611427335,-0.9228287430193665
0,0.32823259075394806,0.5361120787072541,0.025044523350508052,-0.7603122415885618,-0.6442700840908683,-0.2832197345040388,0.7308987670078264,-0.03792124702866184,1.0517736623347183,0.14735252113895103,-0.16263053885290096,1.171692158549091,-1.5793288219590633,-0.3039323690616085,-0.7763092757383406,-0.43878427373993056,-0.6395488122498721,-0.1528237991772075,2,-0.9153761820073332,-2.272097453212992,-0.6708704453895268,0.008805193528514887,0.5254806899133656,-1.084536794815499,2.1400030011718365,0.7371250313834756
0,-1.1227299210034882,1.0530854435412589,-0.7325025444902025,1.3177329419058756,-0.46258083063649347,-0.9385830684121026,-2.0819866143969294,-0.3583554838410015,-0.5192041937460715,0.5533869321333915,-0.6636150113142053,0.446900140681766,1.1497792683375423,-0.9026996929767299,0.8903682847313248,-1.7988692628396874,0.09394486870833342,-0.22781446011927148,2,-0.35680341955162276,-0.6536384362912667,-0.837083612328585,-0.05839743204226407,-0.8933556030474493,-0.2044278549452086,-1.21975314077183,0.9709274938838292
0,-1.039169221918241,1.5814125585925871,0.5502825075204975,1.3317040071335973,-0.3304545081529239,-0.898486351888121,-1.9308377631442917,-1.0406036215126948,-0.5778674118955329,-0.27256184461268296,0.06518441593828872,0.04894320914552053,1.4763527613192169,-0.3340328445883681,-0.6474050628524014,0.11501280817457243,0.6413660544745067,-0.5540758563927686,2,0.15379087461971264,-0.33413042641769264,0.7791943152638338,0.10987703387921702,0.27210571818962026,-0.13289844149867477,0.09126566013592483,0.3915397756444394
0,-1.8842243469342403,0.7702156544981729,-0.381759443811967,0.20443124043165684,-0.5125948454457738,-0.4264278552082068,-1.8542580808205025,-0.28191054430236734,-0.062101258479608734,0.09514840712931594,-0.2261365966576384,0.5848294669548635,0.9920452925466958,-0.30021183879568786,0.006069653183736423,-0.08500769059092861,0.566138046831761,0.040376331011577275,2,-0.2607676026428075,0.5598955836920192,-0.2587191583950043,-0.07197707363450156,-0.4934128033813676,-0.41756821743094474,-0.8198241785146952,0.5703846010647817
0,1.0928546193039301,0.17486812168157592,1.099553504665603,1.3036352655709287,-0.8391221170508054,-1.1439831021015978,0.6654744464966443,0.24611203673896737,-1.6954822039411157,-0.6811978145007418,-0.45277125118425304,0.5804559943542256,-1.0222591125022797,-0.7753208758925645,0.3521754211898549,1.1349303011466567,-0.3163056459732383,-0.40802704420877167,1,0.894372442168897,0.5859490765322379,3.3658881583393416,0.3130202955123502,0.7417090265109748,-1.5234161312077334,0.5778481846720624,2.1119099577941345
0,-0.7904399908861026,-0.42785252086896874,0.6070051041495751,0.9520149381178915,-0.7252206797680014,0.9490525236538351,-0.12850567288636622,-0.859509413811474,0.5238100755011326,-0.03826913149654876,-0.3853718121603263,-0.04244481231315245,0.6727825079142362,-0.4995810750308689,-0.8105885454142056,0.26250059155994093,0.19854388971533138,-0.1947677358778358,2,-0.565886018306809,-0.834401257160628,-0.778899281046253,-0.09984798841418846,-0.6965922537365339,-0.29173920491883526,-0.43625476469127444,0.376015333802184
0,0.7336790955802401,0.40184753528705697,1.6564295746870776,1.9292919457142175,-0.3341190603307241,-0.2985142690908715,-1.3869066276343935,0.502050292651685,-1.0590499390164296,0.2986843203308194,-0.5645505989803581,-0.13076518628587777,-0.9770653077200779,0.047395368592431514,-0.4513431504979405,-0.17815225806701,-0.12943183052816676,-0.14449337698160872,1,0.16351902420265926,1.4844930952801654,-0.7351620144126618,-0.10281945811464788,0.07051294218483656,-0.46723800801594,1.1465419982885283,0.5712621519234897
0,1.1514183901422397,-1.4040401174955355,-1.2156774854211982,-1.9930377288742975,0.03094281334812804,1.8163538261033212,0.9561416776145375,0.5580074676990883,-2.56147260291225,0.598323125837173,-0.3184683198247365,-0.3051462277275886,-0.29319635750342965,-0.5891362738330701,0.6025583336285055,-0.7423277690731966,-0.39772646927497596,0.4432336082326756,1,-0.3567383939674721,-0.5674203053644395,1.6161153619555662,-0.13858845242106,1.5124127765668987,-0.3643692686343398,1.9419492913155576,0.20134083522024657
0,-0.2406931790591229,0.7558505216428277,0.2495597908118633,0.3942662826199287,-0.14077011743914825,0.16142716600452722,-1.2252467940524638,0.11343991218976623,1.6526926568443474,0.17079120022881847,-0.6156205983924962,0.7352135897494237,-0.7468352903311694,-0.7802991884148673,0.1454304286405621,-0.830595772036248,-0.05606724678486932,-0.368134972545774,2,0.4604378990182195,0.5426616376953817,-0.2533363841398786,-0.05950033440210387,-0.17969245559044433,0.585916994953966,-0.5428439268316146,0.8489914035798185
0,1.2510128721756075,-1.322098767499155,-1.7703805278283928,0.9021593146594382,0.04570664206850297,0.3527242312344667,1.0534296508860723,0.1662972684313908,0.18911207110855188,1.6855001911616723,-0.22431698494762836,1.101393632311679,-1.1517703244862991,-0.2287119906165152,0.873191904416328,-0.2718568077498829,-0.38904922264885694,-0.5706176841859261,1,-1.7311910301541604,1.4715992494657013,0.15349802277388586,-0.0009975560534029593,-0.28944477902493815,-0.19613229749947125,0.18875540171438884,0.9393692529034097
0,-0.19407695967238664,0.9706666609212539,0.41424405455538627,2.1501076756756583,-0.2527606332955044,-0.9624372608327127,-0.1549228508021887,1.4295527773603889,1.170258229159745,-0.5276056112276023,-0.40419882794548767,0.7544977981504937,-0.31638488145196186,-0.460099675673936,-1.026312045444762,0.373421860083076,1.3794455694147576,-0.19347634656360935,2,-0.7275855414685669,-0.715793276022094,2.7348163596177715,-0.0012043905913284997,0.25466662922964656,-0.14937342415590238,-0.7421471950420725,0.1218529103761114
0,-0.42559685190224356,0.9936012586635931,0.18688768560608487,1.786512811321999,-0.5641890465613159,-0.03503428661346497,-1.5452641959099098,-0.02138081634017157,-1.5262323946428094,0.24676667302763178,0.01685505567599971,-0.058838901035704744,1.3810229832385073,0.008464512607151031,0.018994342711218137,-0.11619931896062216,0.8452319231593785,-0.18976625694311267,2,1.0671657610850485,-0.45769416122979184,0.7773338054371227,-0.07024880141702836,-0.7037637163260761,-1.0857625757540774,-0.6750662827606915,-1.4495144490309722
0,1.2285026785328812,-3.2412494992043612,0.5158042755817174,-0.10896886993687449,1.7322011131125639,-0.5794530948848935,0.94059817862082,2.5158190878889153,-0.9691378869713971,-0.7226194096636598,-0.4783660962758878,0.12744589185623667,0.5447291209764407,1.4128186822440472,4.53622087412953,0.27556248286505514,0.39187374888296655,-0.35056838271442153,1,0.6417119138067992,-0.09758069124123749,-0.10499204196066209,-0.09462945720582544,0.29765032889900433,-0.09967414653551566,-0.7110400267046958,-0.7978121713397403
0,-0.1523580563951823,-0.9852364521931711,-0.3502166528222043,0.3488959250819132,-0.5510228537694148,-1.1424969615037468,0.9506212443540413,-0.31292623794092245,0.4928437227521652,0.1155191342948525,-0.47470210055839257,0.25817204713384534,-0.1597490236594862,-0.5611509818654767,-0.6517883112225094,-0.8095848122724538,-0.5677473345196148,-0.1414560850054654,1,-0.09066341541834633,-0.2577921980974134,-0.19685551459301945,-0.058492597478929625,-0.08426300277563534,-0.5559980227995638,1.0399133161490914,0.7050217561047785
0,2.24867707487614,-1.58559010560982,-0.06626760213433885,0.08424771070626443,-0.6934815331637961,-1.254694688748169,0.42311760119152797,-0.001369773888248861,-2.0374025716573114,0.8159442564337787,-0.5764252826088302,0.9041289490853199,-1.4966121477052807,-0.022220071637334693,0.49228829347498415,-0.9823016734186314,-0.3756501307578095,-0.27418192884424536,1,-0.17786907970151902,-0.7994670741817088,-0.7715312304383145,-0.07226651228142282,0.874973148853684,1.7952118963478219,1.6326583058396695,0.010037995777940623
0,2.1066323701379144,0.08236216572070082,0.34188007947563614,1.4022742235332384,-0.727039550060234,-0.3458811238497469,-1.5185285496962595,-2.278572086518926,0.4387057294701052,0.594273863501635,-0.5226158973571846,0.06266400849976017,-0.9885166624367124,0.0799739936863777,1.0859568884986879,-0.7554272061193986,-0.30816600562769547,0.1123783919409132,1,0.023147648894067646,-0.992660419171328,-0.837083612328585,-0.020704137196301937,0.33987709392288035,0.3757206869502072,-0.16198074645830268,0.2633567396922407
0,0.5203687788213451,0.9840631930773133,1.0169272739172788,1.6492302221241817,-0.2831547682357327,-1.0211743492683003,0.5536843152220645,-0.26952346738581173,0.22960742470451506,-0.4724020817919531,-0.638990447978146,0.38202405452671817,-0.9642573896966774,-0.9182144916896327,0.6109365521243015,-0.36850278582037094,-0.2894737633333275,0.27339017569050583,1,-0.8477193350487033,-1.7967268856688563,-0.7776173662406599,-0.019262197583294463,0.37845154135652315,-0.25316207267983964,0.6333007743228735,-0.2498780221560532
0,0.453624394312279,-0.8079159231037132,-0.5181826454291796,0.6091551428655697,-0.3252218536007918,0.6536221961285817,-0.16085923237993272,0.3658011619376584,-0.1249734865857907,0.28535437370286876,-0.01842631002611439,-0.5610229135494413,0.30377202626046174,1.4639323054708828,0.6610731155130345,1.4902892762752589,-0.22537733882573419,0.27891168636165653,2,-0.7300985344307047,-0.5411091866643035,0.08962408064006344,-0.02923797631715224,-0.4347343508638357,-1.1138578533213825,-0.7902028027261622,-0.034236525726301203
0,-0.8638605650737312,0.9667354267324548,0.40385585446033834,0.5955659539658135,-0.39110258149811256,-0.2829709037864394,-1.523995481651609,1.7268943129696752,-0.6014402371391272,-0.3213556534443682,-0.23535802045793094,0.42558393995038496,1.421767957633106,-1.0400781183978625,-0.009511180416483148,-0.9960153144755315,0.470433098006056,-0.28158331353453947,2,-1.1126604008066479,-3.501360030179919,-0.03293933108384384,0.19408364701326328,-0.07949996300381348,0.802607464772524,-0.1710462161923394,-0.17117863252409654
0,0.039446462235206314,1.0122671636120129,1.8771890029700864,1.547850640038585,-0.3658158966402545,-0.046053563415472065,-1.6104457537145598,0.9505380395986508,1.260374662923089,-0.6798846265538542,-0.20945883034534005,-0.3331339565932553,0.1136767151740368,-0.3259024497908479,-0.0730856746473405,-0.40110297230702296,-0.11016255904598793,-0.12094897878359218,2,-0.12790353767918158,-1.0371738125459624,1.765784906145519,-0.06947054214838824,-0.8123493855647816,0.7317384956315978,-0.6545232577303342,0.18134486750696743
0,0.6807225232339051,-2.2283224134086206,-2.167157890219017,1.213975797301712,0.8641994604421404,-0.3776392538255045,0.48348321585646487,-1.01851292593705,-0.7630415816825507,-0.1646024803774101,-0.08554629096462674,0.39952572021409416,-1.1546444044015078,0.422339511280442,-0.7169011682204136,-1.022846461955829,-0.32142271655449095,0.029494465987700558,2,0.33383037128018506,0.5235494509285886,-0.8258777789774453,-0.11015297404891716,-0.38346546288174815,0.5514020147395577,-0.22567572764122112,1.187315638308728
0,-2.1606628344741874,0.8905412705081027,0.19726728674628163,1.4983337989928176,-0.45619088315887574,-0.9734420105584352,-0.9082750718592089,-1.3781327110256854,0.6600802456595638,-0.8970289918702088,-0.7187701302154821,1.9403473796622377,0.8703673034579333,-1.2791646916758506,2.8016966129541334,-0.6934992442790394,0.07617397972509815,0.07964594951176324,1,-1.2622866198161729,-0.4092448445264998,-0.17493575075384965,-0.04935931348994088,-0.7209762319365864,-0.26881816971215705,-0.453607283096769,-0.7725873731388421
0,-0.5713813846640723,-0.7105325056617364,0.5218976780553044,-0.2078404175946017,-0.27533002759519587,-0.2257500516960712,-1.598231897879312,0.8011163152188299,-1.2974971281622154,-0.4990873671604463,-0.10296908991687995,-1.169851595514868,1.251399611582543,-0.13852112639944486,-0.4686410384294406,0.7545197347297548,-0.0868172480592248,-0.17750143609131352,2,1.0510120846810986,-0.13351493973008302,-0.04253560195944643,-0.10434608901726346,-0.606127785095522,0.16653081226109734,-0.923028347901631,0.3255210352775752
0,-0.8541791799504534,-1.2004708813197613,-2.3032646512874226,-0.7831671785748736,-0.09086520947999494,-0.5398224225903352,0.8722055928134845,0.5445783239932224,-2.5448771505014833,0.7242860703187197,0.044645015096074714,0.08430270102347752,-0.8530899195531405,-0.4495648388148883,0.31586790583825297,-0.6507605528329052,0.9338600390651219,-0.21818219839239641,2,-0.4211534974687047,-0.11514120858325494,0.30494886021514384,0.11473141821767216,-0.4748323731268722,-0.2642785592038625,0.35915644903603083,-1.1679135849384337
0,1.310915424520754,-1.6861455292897778,-0.8789747160470498,-2.113353449362434,4.1799428294188505,1.3412035898034866,0.7427104875593222,-0.7806118471889509,-2.0526308174762273,1.823897623282325,0.23572820261456917,0.3156398917885986,-1.4362305417144223,0.23204121261240057,0.7471519669866973,-1.2328695055087293,-0.65175997996054,0.9799878885881677,1,-0.5190350720199384,0.01753330864847666,0.41244433269029324,-0.03822628405358105,0.3035068832379787,-0.6326996735999646,0.7509593637427563,-0.8099183183933473
0,1.3626557529564414,0.3517644017460173,-0.3007778995679367,2.0611978463714973,-0.5472285251864735,-0.5712784056026786,1.1294511403597762,-0.02414859390072399,-0.06703269630727161,-0.1959823599431374,-0.20821122832827132,0.5224184360121014,0.2739321622670932,-0.20611968595105534,2.665858216111279,-1.3865604363656365,-0.14854017538221886,-0.37433469727045404,1,-1.4844760234733547,-0.6442994341541494,0.27130999721866506,-0.03312919424868946,-0.0790669329489582,0.6813701815272823,1.4314861629663242,-0.26582806196492537
0,1.376167324630868,0.6640441110228188,-2.6305537375429617,0.7958142431649785,-0.7362065258632831,-0.13595575608725952,-0.13315107222504663,1.4020462293338152,-0.35081799081728804,1.491782932112674,-0.16810030696312636,-0.5748483779430669,0.42978785660631924,-0.6986934963496173,0.6407618276627898,-0.007812839062683263,-0.4412341549962687,-0.46423994817051006,2,-0.038036730472554986,-1.030624965058984,-0.8057008096464736,-0.009570438147282354,-0.18980781052548257,-3.1405316559911256,-0.5987619930652147,0.10850904065808256
0,-0.07101585861170154,0.08138296850871019,-1.159953592713366,1.4668102097919609,-0.5479906169218158,-1.261877748208783,0.4240831903382571,1.7151156250699078,-0.43866510451506185,0.05240636993914094,-0.0221605225926568,0.2909275860347574,-0.9187182536407554,0.6130471142670949,0.19631898301310813,-0.6893631375081622,0.25027906606117334,-0.6343016556378018,2,-0.33299105244150906,-0.5357359471373061,-0.293775843436792,-0.0379604692061213,-0.07398024293423694,-0.08740986022926167,-0.10294909304645272,0.6062221228818105
0,1.0287165397065954,-1.6958044422602327,1.7186842362909842,-0.5404369802966327,0.2226634267017482,-0.5288978436584607,0.8884273626822264,-1.051392759436387,-1.0904224911534257,-0.4555143599305468,-0.3124208956335345,0.1300423526435232,-1.2412159358970263,-0.3665374612211665,1.9965651902393113,-0.7540820512526761,-0.49950001472816574,-0.2506460877296602,1,-0.692234972247217,0.8479272410423009,-0.617301004597993,-0.1034934993568922,0.024116642027407292,-0.11391109051816017,-0.9567573693224468,1.1549118612869764
0,2.24867707487614,-0.38945759831805665,0.14941373677726433,0.6594108413817853,-0.19839039503590378,-0.07835924518054949,0.4644850730634618,-0.520882333024122,-0.12075329991209105,-0.05533242301732516,-0.36688880363303056,0.14958974643362866,-1.78526162662461,-0.4555154516512385,-0.2387344246225167,-1.261773215156956,-0.5284808734135641,0.13648139942373816,1,-0.2650061917719875,-0.5405855234762847,-0.5996412858308021,0.10959388814590881,1.055960480544553,0.3548052576403675,1.1156623310375324,1.6471482577833938
0,-1.3929614058967794,0.6339204721594955,1.321347603429683,1.3486401602000249,-0.48291049373056927,1.8372958720579324,-1.9795111778200567,0.2822741555904751,0.09040631997387527,-0.8349338857598902,-0.5144931230841855,-0.15467583242006377,1.7154398189833615,-0.3385411478965573,2.835407678487438,-0.5020795123467582,0.5017151454946744,-0.44510746772796006,2,-1.1333283381041817,-0.11714251398132458,-0.22290017458993805,0.009058012392753598,-0.2866170767324448,0.1572751314273595,-0.7291048935250181,-0.3607248241981583
0,2.2353519121210255,0.23288939133457148,0.1373543079050802,1.9353459787669909,-0.8928822129285675,0.4138607932585505,0.9125284174864731,2.5873691911937895,-0.8316160972497262,0.07374286576173439,-0.4447414714632407,0.5788030909609605,-0.821773589369193,-0.8676245342495665,2.1511540360004977,-0.5901563391682882,-0.5039290987346137,-0.35872803428633526,1,0.17799146561838164,-0.0795912323086051,-0.2499067112437283,-0.007703765466717097,0.18663489673966527,-1.2385298564674456,2.0580646738179937,0.2651953860697127
0,0.057906104394824326,1.3912919512687203,0.8090532430980897,0.3918368368455,-0.2163972936773247,-0.8419762707575846,0.9459618358933036,0.15499450010501714,-0.0892818435138249,-0.03258528039139463,-0.04040523798111759,0.4128623852890189,0.29223005498567844,-0.40800554516970033,0.3272093908141791,-0.07763927250532876,-0.5233139344992238,-0.5401433841678152,2,0.3317332881021274,0.562645148425528,0.10186096610525885,0.06695770664281911,-0.2889775088616809,0.20538605380823147,-0.3653858993241711,0.8700156040969189
0,-0.009076229495217927,0.381857079893439,1.1350567623841528,1.8155200496749444,-0.32659481014519487,-0.5796633001285912,-0.7409541793704855,0.9139211799184779,-0.046170976889728765,0.27333392498229436,0.1925495193040393,-0.189419383401966,-0.7412632035151399,0.17664815681839893,-0.1107804736641339,-0.5162657467551932,1.3782532568005919,-0.052424966893682735,2,-0.6793117552514133,-0.8246193150362352,0.8259925310677649,0.26388823886864365,-0.401331623168298,-0.4874914818808813,-0.14516741715967274,-0.23103796854015182
0,1.35609456198994,-2.377350170939465,-1.5478832597728078,-1.6102376607263496,1.2620795430584772,-0.6206575806286396,0.7275932023436947,0.9674622727566623,-1.4667973687573794,0.5641631174881974,-0.8177774081897551,0.7205914068772653,-0.8266739399331843,-0.4548121460397282,-0.6066590089326502,-1.6485232281291569,-0.65175997996054,-0.41603384325457116,1,-0.9487927526685729,0.4487793286771854,-0.05107305069702206,0.030375070205837656,0.5874116003158862,1.8106066199919333,1.9143785575965642,-0.9932829658947441
0,2.24867707487614,0.3961551002477213,-0.6351332341552136,1.6088570906514772,0.0881161244428103,-0.3637515713430062,0.7561347406633723,-1.2625666293376725,-1.2238879896050774,2.3693526317570432,-0.45129763184252186,1.0018121966219498,-1.78526162662461,-0.4089766861988755,0.057588695521260114,-0.29038442370767936,-0.6130911992577399,-0.35410476933181145,1,-0.8890559554305693,-0.214362315656476,-0.6904495118648657,0.0008440130576471624,0.9088585186232666,0.9147936954078382,3.193807385855216,1.0352035108605018
0,0.37967051758974324,-0.3462049425128375,-0.49496804715442755,0.33171703039625156,-0.3664589204578901,-0.8756007025217778,0.7968658214442179,1.3380202058890607,-0.44789460885956517,0.293532487485641,-0.14220350176935617,0.2295007809703899,-1.6759016302375283,-0.5950048192474549,-0.1409307674499355,-0.9734830822539224,-0.5603824246618483,-0.09860384281379833,1,-0.710508551401014,-0.2271107319496591,1.3027441917001963,0.09396499518234802,0.8160084262047167,0.0038757828389814897,1.5484383001388589,0.659996207702736
0,0.8231893390702106,1.74375955437348,0.41789263039376867,0.17726027067972872,-0.2577181682908898,-0.9547898385649738,0.6430069186237374,-1.2006957941489032,-0.6463465019722798,-0.08447753131781222,-0.010032259878270777,0.3620836204171322,0.11692082796608469,-0.3058175420661158,-0.3870018273217202,-1.201884061298705,-0.1733961272382891,-0.0019658096996521823,1,-0.5913305340782641,0.9856015211959687,-0.7538385742559593,-0.13858845242106,-0.016842490696931778,-3.0838297447570664,-0.22269102508565553,0.2413399521689172
0,-0.7354382571136041,0.5806837778472955,-0.08067636706785372,1.706789348358,-0.7237169658007712,-0.4505340748639205,-0.6622740170452075,-0.6418367114380565,0.021224663892817075,0.08373171924703166,-0.6329841689998419,0.3489132638064894,-0.5501036000041281,-0.4016883430339905,-0.22380034723865289,1.4919165275528061,-0.07086472691080145,-0.40050765879402944,1,-0.4991874695896914,-0.49567657959723244,-0.6593750607030855,0.18890016143926128,0.19047341174437127,-0.2631509547926729,0.19630804754936446,1.481910121657615
0,-1.867188823068413,0.9424374149116463,-0.05991762279261259,2.0537339305177116,-0.3189731077247737,-0.15906081970428526,0.5506689651118306,1.262318726930163,-0.7141097901154652,-0.09163079344764874,0.16412135608937145,0.2066997633908912,1.610073435458295,0.23900897113281971,-0.21590409980078645,-0.2513393887414156,1.1148217782224672,-0.09911508427641422,2,-0.7998397839708935,-2.1258234120310395,-0.5343508549084484,-0.0034116002821671307,-0.5091553717257667,-0.4212880196501015,-0.2052249067529316,0.324158220857032
0,-0.20607241898139483,1.6846775552264954,1.2869869358303088,0.5825120722085345,-0.6345781472283856,-1.2696932623402286,-1.1570355807386195,0.34944826368513743,-0.6304550481035809,-0.5439938370980738,-0.2688639519912696,0.41867273904136865,-0.15058245607338205,0.022573606116167932,0.4028359288753154,-1.7198872910833978,-0.05659562171818698,-0.7011015107253535,2,-0.3580282951002733,-0.44215605932028035,0.29006751517800294,-0.12852583252516464,-0.3416391683734592,0.0399338169983762,-0.44589274664215983,-0.8136506437309368
0,0.7251369128315507,1.1007035808835912,1.2226840219278,0.8877585878171621,-0.22627873597892698,-0.39014226702415766,-2.5403065243250973,0.17182685622209726,0.9788810627195308,0.25233459537394665,-0.6714389762647636,0.3594911270174289,-0.7084782763631401,-0.199373284592161,-0.4011086852466377,0.5598187702734577,-0.061115183892700764,-0.290964951026437,1,-0.5259812007304102,-1.736564067331435,-0.5245643548762491,-0.11638503373104861,-0.43699689925857244,-0.5704425439993992,0.07645128931163236,-0.2843595125144915
0,2.005411249826711,-0.25426189217136863,-0.8231941655302217,-0.6550592753651656,0.36967922004755144,-0.14084577113344676,0.3623699122820453,-0.43582023560094973,-0.9910126214192547,0.46718327560855943,0.4735862303861534,-0.9206422466865049,-1.2057300787741045,-0.1967830315424707,1.7134474094449423,-0.22184827545341163,-0.65175997996054,-0.5154602333009928,1,-1.3865590424539482,0.1890652472337916,-0.837083612328585,-0.11281326795244673,0.5021264737013865,-0.03209604950576239,0.6468450918392562,0.09728506464890796
0,-0.05669914224908823,0.18847043967696098,-0.6204412423354602,0.8257530433311773,-0.21930371881399008,-0.6396497301833618,0.5620071611469237,0.4075834776854491,-0.5977898326692195,-0.21661668840327403,-0.3176458974379928,0.400647090907156,-0.6723231598698403,0.8988006222349333,0.04123935597281991,0.1712230865059039,-0.220670610077081,1.8006243203810068,2,-0.6118073237335139,0.07605110292031086,-0.47535021917423914,-0.032812759302961625,-0.30889783545505695,0.3552935681766711,0.9265890824974454,0.7624910022599298
0,-2.0545558679767995,1.9132578111226808,1.5446132311987422,1.3269292675005848,-0.16625832553531092,-0.419958699387908,-0.7282989156910713,-1.5757408995807207,0.9542143143183319,-0.8431750500958,-1.1029259064816963,0.2892597567880034,1.0446321277734036,-1.1284051333765959,0.6016057709339215,0.653200553859224,0.5979301796833211,-0.5206946564991646,2,-0.36475756447826874,-0.6243497957781303,-0.47554508682236873,-0.06260566715982926,-1.0434550748415146,-0.18419249344885563,-1.0855382434535215,-0.020917204524809385
0,1.2649164628059033,-0.7279194456906304,1.8056686573020828,1.3259429297680927,-0.09114691677575942,2.284999041727075,-0.5519843454019113,-1.2855688206109366,-1.8567068342520585,1.4900990216117527,-0.07996353261926414,-0.2532963568550213,0.12000652180088511,0.435386403714921,1.3650811872006345,-0.3876476126298106,0.08980078219409082,-0.37815277221290694,2,1.0494136263890539,0.8529225847084033,0.11974190024050824,-0.0013166110804814224,-0.03497046618842145,1.3256102467507738,-0.04397683594454725,-0.5025639781975949
0,0.9350259665408371,0.20238100288823774,-0.03625036824593608,-0.030594374120433865,-0.7807840548496107,0.6019039928326209,0.7762312554376821,-0.14192095493509171,1.4449941156852333,-0.16622788664493535,-0.2993122260598478,0.978167138466689,-1.0211882482409291,-0.08628244283329428,-0.7776318983417181,-0.6217924479430997,-0.11425481017908928,-0.25526019799352,1,-0.4121427231447806,-0.5458472106055725,0.4700669002900943,0.002366128433587203,0.543062437260903,-0.49521522310912247,0.27595873867133036,1.7542527569017805
0,-0.27571989018157494,-0.07922213518063058,0.1524853918525957,1.4774444647156826,-0.31391375756048384,-0.3664154927786082,-2.25562167518813,1.7966207889299666,1.4290704989453813,-0.3855221115408035,0.008275984217326948,0.6102941003002906,2.5064180211794054,0.579499508565085,-1.1599426554518295,-0.4357914979791526,0.8236965174631293,0.8008845079026105,2,0.35211170824546073,-1.840515134401055,-0.6473329848904561,-0.027058214193506038,-0.9616557014832409,-0.2560699902809611,-0.6158398218492689,-0.4274969936762327
0,0.40825540333768334,1.210393302392169,-0.250016775867989,1.9776108072863372,-0.5179379053702615,-0.9928536268033621,0.9448433324098244,1.8375457369631534,0.7295468446726673,-0.7696207561479198,0.16557394447138246,0.7977980495095214,-0.18055725024432767,-0.6304329111017442,-0.47619890400011644,-0.9666219737586852,-0.16677603058298834,0.04721717925831015,2,-1.019685286844126,-1.497675917170558,-0.6709311435509225,-0.05412982208743927,-0.31209790434337065,-0.11270097737947854,0.1622685665303738,0.8393788442755787
0,2.24867707487614,-0.8156947145483846,-0.04228898644870871,-1.8242188601308038,1.6160103102376593,-0.2539723168533018,0.6768479484278119,-0.0709314067704041,-0.10642686954315422,2.2222490481224373,1.6009133936892272,0.2856125262766764,-1.1598406790555122,1.7197400210650207,1.799633325629196,-0.47841938987337007,-0.65175997996054,3.8046658894621475,1,-0.2791906420322741,-0.8091209161258417,0.3640446927941571,-0.0006979301319921805,0.7374919685112928,-0.2822521100448598,1.6087629453465713,1.1782655155666937
0,2.0370169528973867,-0.1998602072675329,0.6780014272502175,0.1732166685383637,0.8636079059216852,-0.7522648137383978,0.6397740817250491,-0.47408348879515017,-1.764151685650317,2.2418922436041244,0.8657302503357529,-0.6147012309106549,-1.1920769670288724,-0.40505456391306327,-2.82908779000614,0.1210302855092058,0.07163131059802624,-0.029133806112047623,1,-0.4207585965960244,0.5914599767898587,0.8381941920511902,0.0515293524725766,0.6932850837822334,0.5503123496541021,-0.2265095447462817,1.539104319657942
0,0.7821115766993779,-0.42898476213959125,0.3202808403028775,0.09104948892656353,-0.511266929479529,-1.1600025686908126,0.9171500558239036,-1.092018320493209,1.3127387409680678,0.2789661585627423,-0.8873459049580783,0.3887390076644713,-0.5893014857948917,-0.5101959457382941,0.9838282310394216,0.4996867460858606,-0.65175997996054,-0.42216557455578874,1,-1.1090945786837842,-0.24107829190545838,-0.837083612328585,-0.13858845242106,0.37444362762125644,0.6288199345357525,0.19358959235769813,0.6027887109254422
0,-0.18758704787267338,0.40658721825891464,0.6771706633962036,1.7727686169135302,-0.2380171503737513,-1.1853988516349405,-0.14096356484080097,1.1931774573035459,0.5192220729733845,0.12677503670890108,-0.16775181502095662,0.133659832200627,0.7104763421507149,-0.2989082361320314,-0.6857826888132086,0.9424622971336449,-0.42824032000650747,-0.23601748347178853,1,-0.481066213779892,0.023097292006776238,0.1952834684772415,0.1625748911420842,0.4466255860044804,-2.082561303951733,0.016304834121151413,1.0171029555339093
0,2.207638260832242,0.33101114199637344,-2.5289165463156325,1.882670841617434,0.3938645578317327,-0.8613340119157951,0.5966170607055031,2.0488669299617794,-0.4573784516504295,0.689683509998876,0.6313478880282161,0.8986631260056397,-1.186443248590728,-0.33812201397501984,0.7887963601834354,0.34294993696939424,-0.65175997996054,-0.20565810282102243,1,-0.1719504742596989,1.12936287183642,-0.6574076885966783,0.21826264843901397,1.1480081686168186,0.5802960946052389,2.146468487850919,0.46054183488254785
0,0.8897961504973059,-1.2045250284065805,-1.3680957067938813,-0.0801229753222798,1.8320196254785523,0.29232256676613344,1.1109961150121421,-1.7317741659645964,-0.24418354359708888,0.09088937534673353,0.18113307595323286,0.4934059788862682,-1.5131551138972736,-0.21559776100262568,-0.5847044455619763,-1.5989867380528684,-0.37226948629521406,0.19856665457910747,1,-0.8908801137095552,0.16456779329154697,-0.7416403725366919,-0.13858845242106,0.4410012540835218,1.3139936277947868,0.362305383710799,-1.9811246261433904
0,-0.5946496350385627,-0.7177344159646409,1.6278735391684447,0.12045618270007907,-0.5391820407844314,-1.1864932294763615,-2.58918649994163,-1.1460542597031174,-0.3181532280214499,-0.5993392008957894,-0.34123471577532793,0.669543251056319,1.7752735488869509,-0.23273203058803354,-0.05329510584276309,-1.503962590535037,1.4523394989720506,-0.1472451452180243,2,-1.2152644926342229,-0.4737782157892585,0.5683404960101252,-0.045410577178318715,-0.7083173069590434,-0.1757615654509004,-0.565131715533274,-0.3483439025960743
0,0.6069631638029069,-0.7749339097873968,0.05447573722421373,0.4681676050671235,0.12633319206795413,-0.8650819179527607,0.7204991726434021,0.359745133816189,0.4011268900503933,0.09255504972110028,0.768227821224255,0.6750899079946686,-0.041039103126177146,-0.20494632850764843,-0.1250321374485124,-0.07659955010776087,-0.5125218729422573,0.06485199498484787,1,0.04165499864337374,-0.28855549933610924,-0.06502840652853663,0.04422900349523179,1.0331761524196506,-0.3706430821656843,2.14122293138769,0.5306683234932498
0,1.051862910909197,0.3283704655532439,-1.1126124303673346,1.7150692773740115,3.099307969798757,-0.3966527979544431,0.5561378082961583,0.05978459536420078,-2.858353056513012,-0.20913501899731735,0.6084753335628263,-0.13971827454297464,-1.369622447187854,2.3732667434790327,-0.2551721338424819,-1.5095307995505645,-0.15192610502137194,0.2565260765290604,1,-1.0346585341563166,-0.05640398644666611,-0.6578326947921302,-0.02820529720046836,-0.02238227540475865,1.8443069821216138,-0.1118881060606694,-0.8280693241996158
0,1.0421884886988577,0.873665084316499,0.2489084044123375,1.1411805921676306,0.0205527408683176,-0.7016310947102735,0.5692815246712412,-1.195600869076121,1.0622320886709287,0.2563225382991908,-0.34137174404663145,0.6929711002507236,-0.8862526619624407,-0.6525412883119689,-0.9295677077357428,-0.5309622231566975,-0.5795359394985438,-0.2931244528286539,1,-0.3492397995696035,-1.1561461735867242,0.2079010007996778,-0.13858845242106,1.5021424888424655,0.5824186331118345,-0.9873905048511887,-0.39056801377789496
0,-0.041194658000641204,0.015890516564324164,-0.15393718264767003,2.0739482318962734,-0.4077389871457925,-0.7592817134390109,-1.4594819196843214,1.3925283128235275,1.4588535984627882,-0.3094280095864945,-0.6269247634597725,0.8874493317144574,1.9256355903955389,-0.8106684687884627,1.5328924962667423,0.5590029441741367,-0.469166787711546,0.18815353075170713,1,-0.5100923899961658,-0.7089949076178629,1.7088618435071472,0.13007161686192564,-0.11662602592438204,0.10051949950124883,0.5292959610235348,1.158155732537482
0,-0.20798299716961854,-0.03157462807692768,0.6711729806280438,0.32360483441326393,0.03017868257909491,-0.37203060143752165,-1.48670960176238,-0.8722650076470053,0.022677216305543646,1.5993540828678159,-0.7380576254352635,0.8660504738103831,1.022044778127105,-0.37856338909766696,2.8810679622723434,-0.011413672360086058,-0.2401186540953974,-0.522126017458119,1,0.05583260196715878,-0.0880599801872537,3.565659626809912,0.0937906901568433,-0.25481401811781235,-0.3801009209856774,-0.8424037604639012,0.15833516316534824
0,1.3173487503335575,0.0368988029506605,1.1166774502930785,1.4982523971615986,-0.41859310600609084,-0.607692448867639,0.9390314238280091,1.6070729089026492,-0.5124715193046291,1.1430311543183556,-0.029947420798407343,0.9146793534319295,-0.25898177847452664,-0.36994489456174406,-0.027497654393916215,-0.5455089698878003,-0.015407270420706054,0.2825173682611283,1,0.5453391373542855,0.18660029495071995,1.7576603721025519,0.08665855448581222,-0.2238688906643092,-0.31680699261473994,1.1282415207357273,-0.1472689113286238
0,-0.09701017661919331,0.2626155925350338,-0.2461478831728707,-2.1590992549206156,-0.4508813876008062,1.1067342690417858,0.6972279716635732,1.1995760930124582,0.278380042172405,0.7606232878842882,-0.34861502852720017,0.019099418881137715,0.736651476353205,-1.1515802918415998,0.21322014511926457,-0.5636744360970171,-0.42937443969230565,-0.4709082869158443,2,-1.0059471100649542,-2.073465835958794,-0.8109225596229324,-0.01585806574080787,-0.9595724362431518,-2.23105450668201,0.2389089394406546,-0.6470157325543155
0,-0.3230745244999429,-0.6351724319301499,0.5278694722951653,1.2723614567072081,0.10169413420040546,-0.45190650293592116,0.6956201361309049,-0.5620194570353867,0.5254919828215273,-0.06847892042790571,-0.6636234376910651,0.4877683268921305,-1.0358647511172099,-0.16469905358340736,-1.0616241436180605,1.6673058209078682,-0.5936385387391735,-0.08696350184344948,2,0.48836422856470063,-0.11948670467627776,1.1869940465837705,-0.027913208759464823,0.38221744685813575,-1.1347643639775233,2.3563999213655933,-0.5036487236726837
0,0.30367440129337697,-0.6083577156038724,0.5785555803573779,1.247373325223328,1.9749658234348888,0.5826893559842061,0.43834985814673355,-1.3456864383096208,-0.37176281521277965,1.1986276877853106,-0.00033894743375856295,0.5918493623566357,-0.9751840162030185,-0.06292262566187706,-0.3735248146673845,-0.007199991734375688,-0.04050061754795316,-0.20202911238109691,1,-0.8766703681469572,-0.04813986615536536,-0.5101298582294536,0.010382229353635447,1.7408159454233063,0.9029586231580359,2.307025679094995,-0.8191218115958478
0,-0.2663787138577065,1.5017970820260444,1.4332537236355722,0.30747652231761063,-0.3353579429390068,-0.7633407197105391,0.27704847331540894,-0.18611581483264805,0.39852493851018495,-0.26082724120917644,-1.0022222599450878,1.0282636031844674,0.5753267252046741,0.08686285790434262,0.1677328040409405,-0.39548001223939394,1.0494854484928253,-0.4831108351825619,1,-0.9366229407820866,-0.9781274310094346,-0.2731458291856578,-0.07657566166753008,0.5932997766097869,0.03254832371285038,-0.25877129120917475,-0.026320001213436084
0,-1.0276131123674799,0.050247413519880574,1.4972480793917087,0.5768287763183427,3.2438331289320743,0.09348641238637434,-2.3274907159780898,-2.1898769693794744,0.051788823956815166,1.2348037274200792,-0.5128915464039625,-0.13525439543033035,-0.11988743999661333,0.6166627832784553,-0.07486296043583951,0.3324670586316024,-0.3335729172112465,0.4328624689399055,2,0.059501683029828056,-0.8893102141841962,-0.6869513418513135,-0.13858845242106,-0.22130880406234615,-0.5328774655764806,-0.9532603959151357,-1.033119859336023
0,1.9060909304188391,-0.6015226733889312,0.40890743319696343,1.6742845263956954,-0.23050813326502745,-0.41936370467312334,0.8633733263179716,-1.3225199894546313,-0.6224522596597708,0.1379605087128195,0.15197136500424102,-0.506867446144223,-0.7417301257931977,-0.30844797172185406,-0.7837271297069448,-0.6289308818252248,-0.65175997996054,-0.43324449979231205,1,0.6999672420419658,0.6565492147514379,0.5375080752560488,-0.13858845242106,0.5773624748096466,-2.0268342209975545,-0.753494437986549,-0.7473169435378325
0,-0.008038939524386085,0.4133891210289671,1.0443404317357847,1.761704546474229,-0.48456353482484255,-0.8360431783440596,0.6083167707779635,1.3186725236217112,0.24772860501258967,0.30718664740917173,-0.18517356923708156,0.30077508097156236,-0.13586428243561188,-0.3679640896938988,0.24027739655508396,0.7803809132858732,-0.65175997996054,-0.2219855194809186,1,0.8488046840565546,0.1575382911068552,-0.8115260567690874,0.19027867695632605,0.5187691658050281,0.40117286459571455,-0.8375048839010557,-0.5811955395728121
0,1.3443436600872083,0.1971883115440013,1.1558735340876969,1.244403857162268,-0.5918898785331539,-1.0183385577822268,0.9317591762769861,0.5215776291338604,0.96781440941227,-0.4909845635668576,-1.0243563804436409,0.4919527004382455,-1.082001149206451,-1.195722686543933,0.2610616210854193,-0.5047908069318887,-0.5833914330983592,-0.19181830188132126,1,-0.7110413160313654,0.7557073060513031,-0.7797887995619146,-0.13858845242106,-0.563478627185912,-1.1320612297204455,-0.7554102095623059,-0.7672198329284149
0,0.06525609508060193,-0.1962758806535248,-0.1805453175970777,0.5110580807449975,-0.18698939999365755,-0.6556823753811906,-1.851299362901544,1.3094726675461104,-0.9980953559443381,0.7951784293327209,-0.07767930705004955,0.7298212520815791,-0.16289488908152283,-0.5625106040203401,0.16165916917147138,-0.4595720700578494,0.47527942377409,-0.22671800207635806,2,-0.05740337571286777,-0.3152672694408497,0.0955170408554995,0.3521115078973137,0.7798269410622038,0.03226205504668418,0.0743934184660856,-0.19075593267321894
0,1.0361063271393411,0.17818091391637902,0.15951150712391507,1.8470412357574655,-0.604348633454184,-0.8279657804823655,-0.1595920487435667,-1.3128875380617213,-0.3449025418711743,0.8282229874002336,-0.6863966199905582,-0.15892256884168038,-1.287395440641589,-0.303847964278407,0.8778156679343696,-1.4235804168048571,-0.31925907849295604,-0.3696769543701528,1,-1.165119945150161,-0.42791080030233875,0.45154930029479035,0.19983100275885526,0.2525534832783749,-0.47847861468838243,2.1824656133620928,0.3437414381795204
0,0.5358485227486486,-0.24459460176203318,0.6425176255021933,0.5013990621734032,0.2489461805315609,-0.9917455121874246,1.012849338712808,-0.32651324277536786,-0.29593472119463465,0.9602036330471995,0.18792632710109541,0.5889985635956496,-1.1111343033357943,-0.856269540091839,0.05549971236345791,1.8629910122377575,-0.225963892115996,-0.2832052420514115,1,0.37075438385642084,0.7054448565007483,-0.4053352650506971,0.06139799154915661,2.0342704826606584,0.9883779747380994,0.8552595093217651,1.378540654189485
0,-0.28191405532591707,1.0186543436192668,0.9268855612305631,0.24516690524153537,0.23573996480132098,-0.37837421213974826,-2.0276779730068655,-0.08828646737942475,-0.05068075494547536,-0.9233877718357926,-0.18395211069242684,0.0893364099997996,0.12137243837394993,-0.7756469358515292,-0.19858043461492675,-0.8083908330867893,0.28284854310067686,-0.32569988916523174,2,0.6087131393791869,-1.3425533768202593,-0.0874600299207649,-0.13858845242106,-0.812522259798558,-0.12417425410409635,-0.5898290271227479,-0.6045671231698648
0,1.9223818996125157,-0.972587018773694,-1.5926181935731192,-1.4414164132228706,-0.04397208180726947,-0.5165734594828801,0.6434116337825344,-0.05011859418374809,-1.9699673055644162,0.8187243313757747,0.5091028285767023,0.7955254988919794,-0.7135558202647707,0.28204989937868064,1.444477273501278,-1.1657139248793527,-0.5417166140063283,-0.27105056251755827,1,-0.5270687149752098,-0.23989104427064298,-0.6931933036658326,0.05313662190267472,-0.36336202034194326,-0.45210400589105115,1.8745249533908432,-0.635044183090692
0,-0.8827142823624526,-0.40904020131677477,0.12522992025772373,0.3168718028905842,-0.25989970744199975,0.43052801689437353,-1.0130344706308734,-0.6920741852327394,0.5491841528706831,-0.5225023076226438,-0.20942208844597526,0.20217267284066653,0.8053369977817953,-0.4303428626169814,1.8579769267666406,-1.3514130575184016,-0.5949850114999449,-0.5317571748029725,1,0.1057401869611374,0.1882891192845344,1.1460485900765058,-0.11549936396145097,-0.2827541346421429,0.1959005923078246,-1.21975314077183,-0.23008166329703847
0,-0.06055205390310958,0.45476988548704467,0.2928425020607399,0.5145755268103551,-0.808392738477404,-0.21753571284311857,-0.28875776091939387,-0.5881549665126137,0.11785042242998722,-0.4409333406294952,-1.0440477604351588,0.42327581518445967,1.2457463533364574,-0.5802476355041674,2.045134943360508,-1.1360226996264238,0.32395169523390843,-0.0591105387720387,2,-0.6873792468308515,-0.6819957956873888,-0.16021563109425566,-0.05443145713381546,-0.7858500931437712,-0.21001918091275312,-0.2533875153733411,0.41643547759663835
0,-0.11191399759231913,0.5805149546693661,0.7880245357786275,0.03719979493505898,-0.6974874886655336,-0.8184321329375723,-2.58918649994163,-0.8362525542031507,-0.04162037994310697,-0.05933719881594812,-0.06064471329682858,0.9558734415787884,-1.4709003636303049,-0.7451424372040462,-0.10124950105626374,-0.8131566995985026,0.13393042264348387,0.07730950874479242,2,-0.45552786031371173,-0.055534160523900145,-0.7753823837932534,0.015095129486336317,0.4840224211886792,-2.5059261416915346,0.08186193939758693,-0.0003815864395448898
0,0.6111807438784951,-0.01923144356794293,-1.0019999876501575,0.7330862258788656,-0.41151371380756496,-0.6035950083473927,-1.6254927382437714,-1.3910709640556358,-0.6550577763737062,0.5375125612247157,-0.7241752523411362,-0.19495115957222814,-0.8937698594139285,-1.297689457431513,0.5767206982069831,-4.9087480055884924,-0.2933178397757471,0.03651150995649415,1,-1.5068830107379056,0.8216147063836835,-0.6946504381098892,-0.0700807995986222,-0.01684182462609024,1.8345599998525288,-0.7138748294390274,0.946181827907812
0,-1.6225719273817174,0.19824180536551647,0.35877750804957764,1.0077194888828545,-0.10931453449408884,0.28433495943240816,-2.1298847726808376,0.1839718194177392,-2.4178683391982423,1.778887588034876,1.7798366672193546,0.12736053450342785,0.7435182266841287,0.15043887834561886,-1.1460240422774368,0.36291879296583085,0.12253124928604406,-0.47292835452630994,2,-0.1775086552743141,-1.5787026464275908,0.6564465313913508,0.16349647279224527,-0.5468616286065933,-0.5871079741858524,-1.0841429487161447,0.5357970643057425
0,-1.0979689658494693,-0.5305092714532071,-0.39373791312733697,0.29407227646937556,0.33530684419517187,0.8493546951409348,0.368590909034133,-0.6637358811566532,0.3003618499192746,0.9268929636468958,0.07522826248053163,-0.1503511905671447,0.4905275189470887,-0.039964369133384636,1.1950866143579342,0.8078364280374467,-0.05170085334370403,0.1824579938214916,2,0.9403302025786147,0.20469226836502186,0.1435457621820174,-0.13858845242106,-0.47050589904183604,-0.49983854397270777,-0.03970401373192001,0.17981916951991048
0,-0.5151059037049645,0.5221951248027952,0.22177458604066952,2.2836109375656775,0.011965374280320018,-0.9544432094716135,0.8500122950795463,1.334759492008264,0.0718439781150702,0.28982167876651366,-0.27749100086186346,0.3475743666204294,-0.3686819372176317,0.27090850196320393,1.0883382942239492,-1.3842631866426323,-0.08942903737405011,-0.5264502696619167,2,-0.819299706897674,-2.386949701102814,0.3493572066058066,0.010458097796223156,-1.09095311408826,-1.3569219144793991,0.8339183820078553,-1.1859954816294374
0,0.03509357488750042,0.43565364179460364,-0.475395835754574,0.3198272970315701,-0.26350900156822626,-0.4693248299388132,1.0508903418677713,-0.2308471099751648,-0.2661646375855681,0.5391291574166202,2.0618089374092357,0.09686651114494954,-1.78526162662461,-0.3687829205319164,-0.3341202659488573,0.6437535157746698,-0.5560732723918453,-0.3424500408127355,1,-1.87737378862638,-0.10370230909986078,1.5274554216212204,-0.08592710381897724,-0.09219817901192487,-1.6713048038906746,1.0165190048413633,-0.617858805189901
0,-0.15806991147241922,1.633309603893108,0.658995168059275,1.1800840642269244,-0.8753283719525415,-0.3145386325903414,-1.462629678396743,1.2817712276479851,0.2947772237410214,-0.1395197457187728,-0.3078675973877399,0.38564513444962933,1.9567294147533412,-0.22952032104927353,0.45882422148437596,-0.3210536435587273,0.4736083565374081,-0.19234820839581906,2,-1.0532120748966167,-1.2585350495297911,-0.21218734779475693,-0.023774679513919286,0.10890498336221904,-1.2165876069719292,0.5113083388166465,-0.3575967918410012
1,1.2526148081130195,-1.8520470390428208,-2.9805412409832295,-1.0783286824226208,0.7278129207344746,-0.3438486453548186,1.2963839378260462,-1.304012901244072,-4.321960185412367,0.46043550161877944,-0.12321498528201785,0.536010844779491,2.4875944481795327,-0.6387342316477963,-0.10756028331989953,-0.8132869808018023,-0.2512545432700059,-0.6396243380595501,2,-1.0326147740527634,-0.5149526451038386,-0.7838588281724062,-0.13763645027899088,-0.8937371487730292,-2.46794508341497,-0.8111720996728645,-1.9759160427102147
0,1.594535255342149,-0.8173348124495285,-0.5320882835707192,0.7850206015668051,0.20833368572963207,1.8333401461241512,0.1829702809985354,1.8378119492064795,-0.8020347806225498,0.28641281555211034,-0.2997939342963256,1.032807357227712,-0.4601950779877975,0.3260534432685799,0.1840249213227575,-1.4090442610585758,-0.5384608577257938,-0.19313169303623953,1,0.07993133432015027,0.08305834994822975,-0.8221887604899392,-0.11638984354222366,0.17882630387434667,0.5919391664365751,1.7184092737804075,-0.17907085766805855
0,1.4274234883104826,-2.2952960034480663,-1.2091810659999527,-0.9179467238102298,-0.8367293239486691,-0.8712032522232117,0.6541803685047419,-0.18240988576938766,-1.4310831716868448,1.69553490149558,1.0675906774379789,0.3503747261486844,-1.591861234752899,0.7857263760173236,-1.2034622370484438,-2.14978006099294,-0.5845348150279812,-0.2911470351477222,1,-0.3164014199947482,-0.43801205703255464,-0.6779303841394033,0.04247963719866785,1.0466243503806365,-0.0207780484154646,2.373415797737287,0.42812933095045913
0,0.3275535507118936,-0.1082889591260596,0.6730406763121372,0.4906968418520149,0.13594759555990277,-0.7056803607852666,0.5181311500350132,0.017449701607036405,-0.23125773111662268,-0.316232182798193,-0.24710953728698065,0.6778238454931117,-1.6855627640302946,-0.015124917322588,-1.071345292951509,-0.7025351951213901,-0.3719987568025196,-0.24221000992459052,1,-1.87737378862638,-0.10766945712770401,-0.7421009012789175,-0.04149430550995349,1.1287342504450653,1.5311550267890839,0.43282485952900707,0.21342995111294152
0,-0.7743798849673914,-0.7782310563230279,-0.11629175251278201,-0.99092259135291,-0.08107708772581601,-0.5795285561163762,0.6008185989949745,1.779543417353398,-0.9533191307448369,0.00734681105370133,0.1900845156006205,0.8440796787835807,1.5593099651959932,-0.154427389936853,3.510469720044301,-0.01778421901167447,-0.1678766335778163,-0.06976950409923324,2,-0.17474299745874666,0.03415662843455469,0.04578858965567645,-0.005175538407981843,-0.38389694596752444,-1.789233561782667,-0.2110928236917639,0.6256856758634495
0,1.186786797634138,0.5270252906254876,-0.5721698224656742,1.1836871843008219,-0.3282807643252259,-0.5171449841167461,-1.2466530176447095,0.9361816720149471,1.3998365515344133,-0.8431183914316042,-0.38074882848761304,-0.25028601499914355,-0.708735145544916,-0.6994045123440231,0.5653446797171819,0.29096519284141464,-0.6032861192075101,-0.16852916461345668,1,-0.07627355817930347,0.4364585602983451,0.7522088854435847,-0.12717151627224516,0.8744274033822079,-0.7945987967364849,1.0709288010797207,2.1577417241478414
0,1.9056121604377423,-2.63314745598957,-1.7393662807147303,-0.1740196475227207,2.9585560720163127,-0.5290044829883054,0.5039447128806203,2.3201052982708488,-2.098776032000184,1.2701986536585776,-0.36237863247575447,0.6707349850581673,-0.0979887739566914,0.05730030272931633,0.3273716577903313,-0.2639292352786277,-0.65175997996054,1.0887578771757709,1,-0.4297604267644951,-0.14313336743332522,0.35129485551982714,-0.13858845242106,0.17023217818837258,-0.0077018406692131725,-0.9340934212471812,-0.9882180788117372
0,0.10752234174389952,0.017323261244990507,0.6235044523357824,0.9809533780436525,-0.4247528472684935,-0.3621935767353536,-1.860230001164808,0.8629176735214337,0.9633339507595012,0.5142198603201314,0.7949467788958142,0.22482379571756256,0.34062134855778015,-0.7575201099676192,0.2057472313110833,0.43362929852594934,-0.6258443801841476,-0.3617434648098963,1,-1.87737378862638,-0.0624401621198758,-0.837083612328585,0.1523082325990216,0.3541532348788124,-0.4960776938465663,-0.20764943856852097,-0.7899208266840888
0,0.36107144614742626,0.5496449560616393,0.8530815872869606,0.4100510358230222,-0.5114351114063964,-0.31063029301625006,-1.2843326267122728,-1.0423912043957984,1.2363147406819224,-0.8320638031416071,-0.09824985403132691,0.2918544761995921,0.42176347416396354,-0.322822988327497,-1.6164172045793905,1.2120648985881346,-0.3082986107928175,-0.13049614054856823,1,-1.0751168908227182,-0.48374179564081454,0.3159306140380861,0.04465555893911329,-0.001993671908888772,-2.180859756079366,-0.7425650251336413,0.9553495780902804
0,-1.065060210104944,1.6535361445339287,1.00989494598207,0.9228376106771552,-1.0372620459869275,-0.5400563623488016,-0.606169951470032,-2.189840016612724,1.7337272104138566,-0.6214661459558009,-0.2652846793116241,0.21508680378358952,-0.06604644702286656,-1.0953682024208038,0.7829058561785933,-1.3206251460129643,0.4909579273267855,0.06366760978355504,2,-0.5965366186509867,0.04104834446415517,0.4491607039033768,0.00738163498077124,-0.6575612462215656,0.31417487303673075,-0.21916945991999492,-0.8626963201408635
0,0.9304050270930855,-0.45361998926418196,-0.40455839800649057,0.13262658187970472,-0.5128053664922784,-1.2098648537788472,-1.0451134185837516,-0.042922511505728345,0.017370237989924986,-0.9220860743449593,0.1394501312981245,-0.3829383592696222,-0.9508583607320309,-1.2972889688709508,0.28651938997593285,1.1099550572630674,-0.22598251697540703,-0.24738623753453018,1,-0.6830690274555761,-1.0472903346285083,0.5922824900904958,0.16221524643057322,0.5934248705457948,-0.18197080294380152,0.14717772868141385,0.9618094580060854
0,0.8398115980410947,0.1285545052685657,0.5843699785458641,-0.3025209267816191,-0.49499818208206053,-0.5418203736851499,0.7835931893984486,1.1858495870857642,-1.6194407776525366,0.14710088092427923,-0.4885098127371036,0.03304787871261439,-1.3031929353341116,-0.8495240218555318,0.8231653361169462,-0.954767162420813,-0.25097681577329134,-0.04700642708587793,1,-0.6437598600776666,-0.5016014255113501,-0.6349372280535148,-0.001852065850118878,0.3657782863539495,-0.13454371700467832,3.532337786217158,1.0001084861793768
0,0.9980084784381933,0.4756405261618344,0.11797413813912783,0.2870754942978576,0.2626476910782912,1.8580119431858786,0.8731900317556456,0.8449476843878166,-0.5388649060837108,-0.31154846518177837,-0.040887475479471386,-0.1903779539422663,-0.1679803457320714,1.0189997246228026,-1.3168005317604357,-1.1698879247420422,-0.4463688544729,-0.3211739505352793,1,-1.522628555531586,-0.7791880871309197,-0.6839694671334285,-0.11299910386737377,2.3464465245470736,-0.5414943479951366,0.12757241177723222,-1.4258569592668398
0,-0.22647034389808995,0.5183733978358085,0.7152327415392677,2.644385557004946,-0.3295969289806542,-1.1540515803734614,1.1626049505288478,-1.268563156359658,1.0583596261630581,0.24525204229834807,-0.8466191624676354,0.7637714324711107,-0.809565021527106,-0.1946588239726401,-0.7166512393730651,2.0784341877044086,-0.65175997996054,-0.41171149799690065,1,-0.3216412305098908,-0.7885673951106235,-0.018846145401991587,-0.08516688151926394,1.3581920981404187,-0.5374220634442106,-0.7748778873069948,-1.1192051811945656
0,0.6986217075194818,0.22336858375204163,0.20918465422113358,0.7077546805273968,-0.4279074051648405,-0.36299893954416634,0.3874615115368093,0.12030205787905357,-2.5959746791687865,1.9456957014881204,-1.0305485983878973,-0.2505743553237466,0.5202889566650929,-1.4156400829661866,0.6265032542549841,-1.049121022576651,-0.004961326709622904,-0.41470599708820904,1,-0.1239759549362146,-0.07849573772707796,-0.8349392161330218,-0.004762397778490121,-0.9947609073203727,-0.5206701537458951,-0.8295617178705146,-1.131555157773994
0,1.5006797693565466,-1.2319188252577742,0.45953164533851076,0.10127949386427354,-0.4448776550674007,-0.41254973584461474,0.7128179074545499,0.7632047021035044,0.22510954652110632,0.6342440018397414,0.7156560515804183,0.4309225264211397,-0.5007945132656926,-0.7471586394822564,-2.0588306112469015,0.5599693198518407,-0.25866707571443315,0.6515356003916355,1,-0.09301419032729663,0.1681378977934832,0.2683334575185881,-0.006253353805324338,1.9482888764704418,-0.3200418713030707,1.020985787241464,-0.4600611424767912
0,-1.5375269141928158,0.32817335797711517,1.5397008208996552,2.519189053882484,-0.47882301870561333,-0.5121381106560654,0.950827816246918,-0.048342452143142256,-0.17094182225238125,-0.7634727157024102,-0.17016343456323668,-0.8689445728870324,1.265380147251981,-0.5177111470102905,0.4939340756782244,1.6797615815183007,0.8193183434396378,-0.5309670694543684,1,0.11652208152870885,-1.022781085718565,-0.4677914228483336,-0.03791570948304809,0.04124089670684872,-0.2756506681331311,-0.3304932742635396,0.16534912616579867
0,0.13880194795630452,-0.4865604663078124,-0.6802818387349021,0.8104509641348269,0.30279988515246464,-0.7149903538748279,1.1266918053850676,1.8897437912021209,0.8242298147415008,0.6989805640083679,-0.5201922495286785,-0.04487316888713555,-0.8257869491478798,-1.1969858029414266,0.06454399339354111,-0.9435641556321442,-0.65175997996054,-0.35218223932278997,1,-0.5620797613538763,0.9736167649929011,-0.4094898551960312,-0.13858845242106,0.32741943199049217,-1.0440364925930137,-0.31438601474744254,0.5444518435808181
0,1.7530845510666255,-0.2602220466040811,0.9525074156061362,1.7116632447003741,-0.6252188372161436,-0.5539785826832275,1.1470889062886265,1.1314084280775198,-0.5017147500678805,-0.6925018625482038,-0.0322953252643558,0.23442760497608678,-0.03754895889968579,-0.9766181435112824,-0.8791435877195861,0.5246902692156441,0.01766205080228621,-0.35764693075775583,1,-1.0489841850616077,-1.6019698281837318,-0.8212329895584913,-0.11540463599609788,0.7476706741343356,1.4273687732183657,0.9758034752249017,0.8863057974683703
0,1.9629319060611583,-3.074410067302755,0.44966779553936853,0.5384137960081062,1.4014856324784424,0.6929888837878369,1.0378666673049346,2.5710624911196036,-0.532079752984603,-0.512763473379627,-0.5971364706724471,0.31124990797014174,-1.2602321421597011,-0.12578449419041196,-0.9739826949676733,-0.6103032477770798,-0.5107873389534122,-0.05469948453934673,1,-0.843240338621781,-0.1376714909832697,-0.8197571349516619,-0.10589458241027937,1.8414285585692207,-2.9992340896784127,1.1943325612525872,-0.3689859100956433
0,2.1609439770313923,-2.018416185731417,-1.2962490596271017,-1.6158910526219097,0.06027981854508272,0.2986271900852729,0.5642377320284446,0.5601632460101977,-0.7202362837040804,0.5562285850048656,0.6846089446979666,0.16585453675996192,-1.742498873564669,-0.08103460679456295,2.216093362183916,-0.6824706785854112,-0.6158731977357937,0.13155593805964363,1,-1.576395629169336,0.1433119830388232,-0.6746257187116098,0.17163705682501781,0.927118016222407,0.46031083655862787,2.574840233555007,1.0423926937714265
0,-1.1112712827928843,-0.38600486293511965,-0.16205543751384469,1.7298677479150182,-0.2702020303195315,-0.43238024447950574,-0.6144944768630569,-0.28301677429541255,1.1985361933069698,0.1632187838417474,0.44404016318256917,0.15858007753786696,-0.7637763234702248,-0.23866939631641854,-0.7891890607406253,-0.3507889956006885,0.8582540216155563,-0.17252248970398731,1,0.25113853631920835,-1.5023157250587682,0.3040132291369914,-0.02897068846502012,-0.016484859114820283,0.12391733764081536,-0.8528794088170748,0.5781259407389636
0,1.0285949510476695,-1.8557034184970307,0.600278567056314,1.0293539241137317,0.48065955533578675,-1.2015593027625227,0.9885878181483703,1.370080767826717,-2.4993584365550228,0.9811238551668685,0.6634479186014703,0.4146911447874315,-0.11442010277973441,0.3180478459008482,-0.4705257336801506,-0.2969693884386893,-0.2503716999085796,-0.5220931087373952,2,-0.7101804334126033,-0.8193831158500998,1.095361741229972,-0.08826775096207984,-0.4968497056511084,-1.2012897505801665,-0.5516099085369145,-0.5116209344761146
0,0.40329926284267176,1.8142720854453072,-0.4366244720389161,1.4893707605595852,-0.013997048588874794,-0.4396535215156986,0.6629566763231703,-1.3259991866375078,0.12250855086753004,-0.043502121760804674,-0.32144789977998794,0.8516068400553867,1.5984647466907815,-0.06806972443159734,0.22654950162674292,-0.5684809124385342,-0.37767922390153036,0.06113655472118379,1,-0.32622428407696,0.7549103590812428,-0.4992289908096041,-0.08312011067460824,-0.0131258825993259,0.016509347718077078,0.4747909936192372,0.08069050834712185
0,-1.253498333940584,0.731345156644856,1.5009426261218617,2.2443273142282427,1.071697563779947,1.1586965935376885,-0.9983645158312734,1.1862802300786428,-0.8087246991551352,0.2284095094862315,0.28716664562597505,-0.252154990898658,-0.33426690394396186,-0.7045412217317644,2.560833911572124,-0.14224899466536153,0.1499102207746168,-0.35529918323945653,2,-0.7654413470480343,0.31599154047251443,0.9421964837935756,-0.028456462692115644,-0.5124017883247135,0.8056183243650725,0.23777180964458786,-0.6025424853418423
0,-1.0331351586206532,-0.6230366188830612,-0.6404794822850235,0.1847328177604437,0.2780759727507067,-0.5143346683182766,0.734687064529435,-0.5680188541005546,0.04378643836637697,-0.5558904350484352,-0.5320917328564817,-0.4456036492078159,-0.5231526761733093,-0.6891967718682374,-1.1127692742451538,-1.2035620511932534,-0.39448252866557343,-0.05576508963312979,2,-0.5648365415613966,-0.47455880792667776,-0.40941797998829343,-0.13858845242106,-0.36632209643590985,-0.5866787090122977,-0.9458586292573575,0.40899646564071457
0,0.692503961292068,-0.4566287714167631,-1.420671888765497,-2.042554290016686,-0.5344843410849699,-1.2677364790250518,0.7352487154763111,1.0569801904315677,-1.583312047948239,0.14105799216078882,0.9724524050286258,0.24811694194820078,-1.2434272733089595,-0.6476627882620172,-0.5956779714506755,-1.5711459891962807,-0.2325872916246266,0.07320265650157703,1,-0.11103446296849928,0.7462931875955737,1.23703713643884,0.05831373810534088,1.2131766227572482,-0.0388590411335796,2.8675841577644574,-0.20671868516712766
0,0.8149473676495093,-0.3829259205926658,1.7575405229841268,2.037928092660448,0.42362753816230264,-0.9966264028420151,0.8920279777371433,-0.40323871947622636,-1.0605036258773133,-0.5720195151190837,0.08023892219961293,0.0837136659255242,-0.26641239953485785,0.40699781972193594,-0.3960420922853883,-0.20326672445814897,-0.08898206449003149,-0.5241351471134412,1,-1.3780239309106277,-0.37456015688354655,5.471744951044875,-0.12504595945480212,-0.27419933143526054,-0.3516990803538074,-0.5101573354428616,-0.06544786135517927
0,-0.2880776687998229,-0.007664359688305811,0.7851784651692348,1.484744438577463,-0.06053779007844623,-0.6695932563929805,-1.9877294974864248,0.5317121771013129,-0.550418377506874,0.1308532485551247,-0.7265469088233498,0.5056158927158572,1.1925177115463401,-0.12365018158670982,2.4757201520255414,-0.5073763445677092,0.22544524281798642,0.1173676643913728,2,-0.30229224032126123,-0.49839442243274656,0.7849763918892907,0.02765339425153579,-0.6386424352089215,-0.3333512043021782,-0.8662215828701584,1.0438030017605435
0,0.1955100517334071,-2.2496210976622257,-1.5194046751638532,2.2754542063883942,-0.11246893064100255,-0.5254260190382637,-0.7179721518491309,0.03762839092261694,0.45511078771746055,-0.4136031030439556,-0.05523602848784784,0.11252042320668298,0.4978721154189152,-0.6964115932629742,1.8015430269392958,-0.1481661544181072,-0.41348388988483753,0.2049091850862483,2,-0.2505381625279417,0.04452936544495156,-0.8068360686305153,0.12448851619307133,-0.4835124344880446,-0.3307642668356703,6.007798066300861,0.19589547031182003
0,0.3183174386231834,-0.293660320810737,0.32240011167375504,0.3802763737056682,2.361469955231608,-0.6304380130046559,0.9581500184008023,0.2361719493859003,-1.927502727975854,0.37500973961965456,-0.20617129319959132,0.5466579247626121,-0.5191438265064308,0.3171041292296248,-1.342075676180407,-0.9963586030185227,-0.2663893939708838,-0.13883877799341454,1,-0.8046459533154465,-0.275614663871556,-0.7326778044655474,0.020843144636570443,-0.007532578206921575,-0.210880727513173,1.645699871797968,0.11745491720959453
0,0.348937617938596,-0.7869030948030364,0.31578888316096354,1.221854106685439,0.0875477148480498,-0.5530704958339347,0.4814757567257395,-1.082133410250266,-0.4202646583057512,0.7332388192185474,-0.2853942401090549,-0.0843953550961648,-0.9295504906275154,-0.04950639746111052,-0.9953808122386374,0.9577029796901834,-0.22178568735121668,-0.3549195030695463,1,-0.9170334468960414,-0.300245007562545,-0.6803287728967495,0.13547606779172575,0.5542632704935928,0.17274092155952414,2.3800911639638933,-0.2586422013688036
0,-0.7887381971511654,1.620276599969672,0.5802641809793041,0.01204063360937524,-0.18243590254620917,-0.9819909823452861,0.7115876960100924,-0.3084912372154036,0.4058166422769041,-0.3587487021217326,0.05139404258234567,0.20850514728728306,-0.33570468980797463,-0.5768218055915919,0.34712133317807115,0.7519440220207869,0.0025547682317434706,-0.6607962254247028,2,-0.020274581821504878,-0.5985301741097635,0.8925064331844625,0.0005707967968068342,0.9096432535724253,-0.2390566671330161,0.23042533140021756,-0.11981902054035265
0,1.5887205907146957,-1.7063259118123777,1.6290828785666265,0.8137621045396688,-0.3092424056733359,-0.6140715154023934,-1.0530459139698292,2.943992231954311,-0.3126230245143909,0.5093545574426628,-0.347179013602791,0.17750993852332309,0.4260929232601485,-0.38695019404407294,0.4307906278166722,-0.6376534691865555,-0.07578346897899157,0.7068831712313992,1,-0.4277679499908026,-1.984929795585483,-0.6772620158279047,0.10898204844353426,0.19352413239786506,-1.0037309944873836,2.1347946478499678,-0.06998557649440768
0,0.10182430963603725,0.5844158488650104,1.5898685201306155,0.9565826518468648,0.4169450408729455,-0.18212216865050418,0.7602717770335825,1.641258663056831,1.327920333576552,-0.5300704880730416,-0.6723583310951384,0.6562481034796259,0.24349936164642205,-0.7028700051490195,1.389655511742695,0.09211207732968911,1.0235640260351409,-0.21384287301114213,2,-0.5494521423436624,0.3460695859248676,-0.1663601495993604,0.027309062400992595,-0.5196244673838097,-0.20651281669596594,-1.0366641483685748,0.789597223231251
0,0.9215494361130474,0.16454490993810167,-0.27078395622349366,0.6097471734016101,-0.31084957517048856,-0.6444360247049054,0.9338467778962412,-1.3961989203746412,0.24978045674895,-0.523489365048415,0.08470854585877344,0.46579037823271524,-0.006904101865611301,-0.10573803107242347,1.011795884195999,-0.4474969116931785,-0.14875312195740623,0.21256349175622638,1,-0.16185799232371348,0.08864883159339623,-0.7851206821177383,0.10486791640869249,0.0025591051524424258,0.6095913896347527,-0.76283091758325,-0.20483324400523206
0,-0.9969894750152125,-0.6040188025803747,0.43238112878084606,-0.16609596015931472,0.019374320274840394,-0.15668642976196376,0.6586482637492154,0.5647294110022937,-1.1341588822576723,-0.17666849610103968,0.2830568719400566,-0.3018857241435968,0.5248504944251866,-0.4720230952054252,0.898291729582166,-1.2991387163738453,0.08811836770857559,-0.20160465495731766,2,0.08838781864092658,0.3934996405086608,0.9727554373465495,0.2799419446480188,-0.5415585716259245,-0.34159965187424857,0.43340321883650956,0.8022970774481006
1,0.33415539242056425,-1.2710109720232656,-2.272652705333329,-3.073762517901648,0.36325144477876925,-0.2966410672164127,0.6581131693692548,-1.6185854322308773,-2.204595737042542,1.931222778979273,0.36719800701654054,0.2376561238600569,-0.6838639378513086,-0.23340884530888048,-0.7017180002233673,-0.9975995115543916,0.38935056023474135,0.20010147581467913,2,-0.6609693361580138,-1.05314460348711,-0.6453277864644998,0.05343967797889719,-1.09095311408826,-0.4415516137092261,-1.1543320909043118,-0.23321079468734873
0,0.5012861072938642,-1.2903977005685534,0.35614814361516905,0.9978612684398418,-0.26703712731234497,-1.0056464911228973,0.7512583281205881,-0.5245669561307658,-1.245870861428459,-0.12705360639980348,0.14283941993603935,0.7644279747957756,1.1275512965088537,-0.36236140877482825,-0.583260674649162,2.295626300362895,-0.42113466921979464,-0.15934159999619082,1,-1.0343359188648003,-0.7319997314024815,0.3757708651925065,-0.05885877916247534,0.5984173267139244,-0.27631139586292236,-0.15527784830581443,-0.49304584879808244
0,-0.3211443539943746,1.2287742273653142,-0.9707755484999949,1.9495252063873718,-0.22370130789949608,-0.27686908912837416,-0.5559121659551479,-1.1331842865742674,0.8339633859228882,-0.1935860656648823,-0.02193013597817306,0.013342032872340787,0.20305969013425818,0.5771633888882247,-0.5488461480993454,-1.045149653515661,0.9320267096816416,-0.2785820664849874,2,-1.2339086865010114,-0.24921342470964322,-0.837083612328585,-0.13858845242106,-0.35397154777146894,-2.3799783635551104,-0.513211479518799,0.689680510462959
0,-0.15662105658050962,0.42901900744344207,-0.12973601084966635,0.11520779096343456,0.41917087733644476,-0.6299952308585277,-0.8844256232623635,1.001292768150941,1.7027763936490168,0.08864101670368374,1.284590866103555,-0.1165601396906602,-0.7862527332503243,-0.6394251501865955,-0.21520635988585923,-0.9899142735343351,-0.3047130123399221,-0.17028218780591015,2,-0.3219228462936712,-0.21820932007319635,-0.837083612328585,-0.10741503650275433,-0.46718141914019173,0.398132843579014,1.0393498362374607,-0.12463294132124536
0,1.2829803171464915,0.5101166042958611,-1.1755069783151786,1.0007369822457581,0.05644065403025855,1.6790770987912738,0.6855779737387007,0.2877143915939928,-0.2159824743039493,0.3757799841719245,0.18447435699735187,0.1304415239423475,0.6993806688113202,1.1844827748645868,-1.3639215748406899,0.6492884842010737,-0.4042781398998323,-0.21752748870979127,2,0.321945730123823,-0.6127058342591192,-0.17064588922386778,-0.13858845242106,-0.5405608932678467,-0.4499362215120586,-0.856724649338326,-0.13510193696028394
0,0.06695030698583784,-0.009680127157176699,1.272848188100967,2.679388344429152,4.856256052736725,-0.1665861237603254,0.9413801189186962,0.1758488898090541,-2.3948550845120584,0.44568283985978097,0.568185865504196,-0.47304903588949143,0.13828586205705068,-0.19893739855827475,1.1153276433346382,0.7413500497514691,-0.5852314001252489,-0.36514954044359776,1,-0.9427185596197114,-0.24712873569453975,0.9596260166092591,-0.017916902249944182,-0.7026442146594868,-1.2350852063133655,-0.8564902385070597,-1.250341246387836
0,0.9850958554805226,-1.0307203881273594,0.3897541844316991,-0.7577321834234306,-0.07763819085845627,1.2219534391358127,0.8151336845456747,0.34785920925172065,-1.340655565624951,0.23834283527493447,0.6134151660781576,0.5211426934908684,-1.4090614148167353,0.34294192709204807,0.08781474777699377,0.3692558286716521,-0.41700331829329373,0.13933037693748662,1,-0.011009330092162484,1.2094857808104529,-0.44157182557994484,-0.012784327430238676,0.8485116865211819,0.4129449294175729,0.4338878537037529,-0.7401956271837038
0,1.1677588144565878,0.6591015066274223,0.32722507587556116,0.9861065231799968,-0.26998331062759817,1.5380373783832162,1.150525458516244,0.8826009413483982,-0.17899686523291347,0.031506015407018195,1.162593008773829,-0.2501077781665749,-0.17655221691490908,0.6976759966617299,1.2933429108797754,0.3468251978959109,-0.39088905879135116,-0.014857713077963297,1,0.11610313492115384,-2.7257110852784865,-0.815482224434309,-0.007838338476281584,0.19314408367837432,0.34514127203051403,1.7083087441561053,-0.37076669266656037
0,0.4531632508793379,-0.3142611666156302,1.8641257045992197,0.4727894593983748,-0.47487066757313723,-0.0645360568369242,1.0472340810797405,-1.7039037546998421,-1.1236479620934159,-0.10233804791286788,0.5613224716906187,0.3521510670075558,-0.5918239703304791,-0.18828427830061864,-0.062030683978473444,-0.1592760352697617,-0.65175997996054,0.010970522958011153,1,-0.7880804584016788,0.023452530443953623,0.6093815007297723,-0.11281235661980304,0.9612991438585892,-2.793490836310019,0.22894882517266282,-0.7294284144295802
0,-1.1896643603771473,-0.4771578598295998,-2.0380636131235104,0.03653094435359161,-0.301563218603922,-0.4949916158817204,-0.5011764767470516,0.20967807020501894,0.14681246716641083,-0.16237675575238397,-0.6366411319177476,0.5249659399524779,0.34541318641572283,-0.9067800404361692,0.2236115650481689,1.9888503945998286,1.7924879276604504,0.3567147725276946,1,-0.20134736953076457,-2.166869924907313,0.567092520292231,0.2844389487127595,-0.3991166587026455,-0.6756251875087578,-0.4704841030645741,-0.08580660416953301
0,-0.10827996153560493,-0.06808795693208225,0.12417251493611736,0.729817528654035,-0.45747173234137517,-1.0855550628810438,-0.6669557893531872,0.624883514800937,-1.8231404796160593,-0.15763304390223853,0.007347334848991138,0.7791843385739938,-1.1948636130276984,-0.6267241383615709,0.7664343846904849,-0.9196039766515559,-0.2357441567109722,-0.39225137362663254,2,-0.2261436732470026,-1.5419509417375705,-0.35039383427464205,-0.015102466555651659,0.10837382894477976,-1.594782671645438,-0.3225875930781865,0.8170398292227519
0,1.109992749559786,0.18619716626409855,0.42494104778688924,0.9013912677025668,-0.733720787458733,-0.003465971957101216,0.9095751359262114,1.8410862596245354,-0.2968818971161307,-0.37931622356429967,-0.6962223818397215,0.14006599654360719,-0.7262802004880076,-0.41148115163072535,2.140455408504232,-0.08747232230502017,1.234871700340908,-0.22016641880615856,1,-0.5622191698622584,0.03271095791892045,-0.23242998683662014,0.04739725143104151,-0.47496564449316103,-0.37022971370099855,0.1400178424094984,1.2272333405191065
0,-0.9675210323108139,-0.1695996759203603,0.6979665668098021,0.5580372701059109,-0.7770277803744297,-1.2600678317000664,0.4579779614557345,-0.8610595014894482,0.6541392913866376,-0.3983452188073056,-0.7543051048877576,-0.14267053659753204,-1.040667990415876,-0.3344687305790316,2.460372891168422,-1.3472400909007214,2.8311146721486664,-0.35468119776887275,1,-0.1682564986304086,0.8528256256510596,-0.8075281839025273,-0.09460958192688429,-0.4140989945404694,0.7201453475746942,-1.0008321540416247,-0.053916000784866525
0,1.0219960093868914,0.1434460915465844,0.6219228862058657,0.4589083878864942,0.23286200876658603,-0.8925732435567659,0.5126516079584333,-0.5399740360695454,-2.883866609112383,0.9725503782593645,0.27485423099219775,0.6781941801219711,-0.9084260664875308,0.8449643539146344,0.05338471384964205,2.499379411869517,0.7741654987575798,-0.5289890086288704,1,-0.2247123011410653,-0.38794232179728527,0.9526601258351759,0.3660117443048698,0.3902798073824588,0.11397584026626087,-0.416538195826499,-0.7599905584492536
0,0.9978585180216298,0.6294568939130625,0.8992573481008825,0.5312072813372016,1.188439166520103,-0.660248240652181,-2.02315177676621,0.8498939266150678,-0.9203293022281063,-0.4922054420514002,0.15907450108987803,0.09087798445169099,0.34128862278635624,-0.27311268115303633,0.1302922855387647,0.13240587025135842,-0.04572241621520323,-0.11589962830505801,2,0.06001481717521395,0.7949748253640354,0.4636772857262718,-0.06491182131167281,0.20543693647909655,-2.6489517359599173,-0.5482487845338021,0.1334356831293054
0,1.8856990927261243,-0.2432887733967527,0.42470786775382435,1.1149048541521935,0.24857218953454951,-1.1989740040614738,0.6000963467771143,-1.4077951628703511,0.9400683259800852,-0.15953932801679627,-0.730662095864394,0.7658749817899977,-1.745184832747074,-0.8075066136693289,1.8202863702283367,-0.3477166870843146,-0.6327907515269384,-0.3997912856973268,2,0.25847826369649674,2.2419166965962223,-0.837083612328585,-0.0805180423832673,0.8144343002444906,0.8729487329151349,-0.9326434074928963,-0.330987242970361
0,-1.1182534080275106,1.122510746463208,0.03515565173746793,0.5390457998623179,-0.20989449799137805,-0.3827121792494659,0.5961432237524187,0.7160178785911421,0.5122672010383815,-0.2857114862343382,-0.5020485302676683,0.8275486611125031,-0.10439870423794306,-1.0535590634404592,0.008203875541539285,-0.9269144197266627,0.12341487862429812,-0.30092912008250505,2,0.013722183301731694,-0.2318984145966353,-0.7187806052617111,-0.13021159539763727,0.12377560401745777,-0.218868946445672,-0.4655104157555606,2.028702810833567
0,-0.22589930050579426,0.9831314435575363,1.4557617108379315,1.4406923900417898,-0.040026024295457104,-0.9530759412453996,-1.0879328227265956,-1.1187707274345355,-2.3516539697210135,0.3522872770711559,-0.48357906220338714,0.021096065575802403,0.5800959715375813,-0.8135353992822014,2.2486184410167103,0.317823462047808,0.5438081041795843,-0.4183522489885955,1,-0.2771329211675213,-5.231400773898112,-0.8210682184464972,0.0623608524594151,-0.3617501072949641,-0.9238750913646481,0.11626269421853544,0.10048627598835835
1,-0.4298531482445149,-2.6283149437030966,-2.526109101006219,0.7690051263055571,-0.30157936415714903,0.0937394082424472,0.8741898026876365,0.3800118899016903,-1.0425632746509423,1.9105593074133953,0.15507170090485656,-0.6296205007183886,2.2156211054029225,-0.18283625113429733,0.762069247914502,-1.3180054049550005,-0.5431161836592648,1.068638792653694,2,-1.87737378862638,-0.5075180428770495,-0.47665185726950765,-0.07835824888687126,-1.09095311408826,-2.023450211971056,-1.21975314077183,-1.9229596029493594
0,1.3022359960190364,-1.7840219324751447,0.27075478785084045,1.1858536297020685,-0.36403883549754507,-1.0080868406571382,0.4946204825941332,1.998338842592916,-0.7249185853032212,0.03674264454647608,-0.2941544481043706,-0.7045005252906356,-0.3811896303039929,-0.13368605790814225,0.7303867807023064,-0.429227773359787,-0.65175997996054,-0.5640978788257655,2,-0.33177955405988124,-0.6210891093769576,-0.6682385576910274,-0.010320558614102825,0.10928316388566593,1.0459994621027495,-0.2940956026140915,-0.009630843398883482
0,2.24867707487614,-0.077863763321463,1.314527025043968,2.453636366052448,-0.1172828622760112,-1.1490689924998172,0.7118569932863184,-0.44562242845447453,-0.26668874220297195,-0.8348899680509123,-0.20914530425102523,0.8529060427108472,-1.2867070658731576,-0.30398405322218336,-1.0655466871403352,2.068250938673689,-0.42951545267941127,0.1058489528842132,1,-0.34473455864326497,-0.7784795976435835,1.0363135076962375,-0.08429385649009759,-0.014802415102064148,-0.3521472119565494,0.18147254874784877,-0.17763712831216644
0,-0.41023185389364325,-0.28193545349898363,1.102259580535275,1.2671864904143626,0.08414395395966062,-0.7492763315893685,-0.23492755392837478,1.0338395729255474,-0.2144922090655061,0.8152674029937126,0.1424164518504627,-0.2551309599880076,-0.40981050093094984,-0.7328027364595666,-0.24015904422326334,0.20269047690477393,-0.11132312044535575,-0.28906695945070093,1,-0.644265290290353,-0.6516459888281366,1.1708148712407784,-0.035911932654468424,-0.6097012427065371,-0.5012966524795346,-0.5143086840436606,0.16522422057812225
0,0.009114794199343051,0.09500111647585384,0.7977525494180021,1.3506322261165153,1.7401539004568805,-0.49490291523753616,-1.1320103694723933,-0.3652332166870115,-1.1749240558336758,0.9797259031507193,-0.0006489333638999839,0.451076605021932,2.46889065570147,0.6878134747347521,-0.19305676156789014,0.00918438436411198,0.09353410285121158,-0.4296889267782763,1,-0.7973285767473948,-0.29939808997971257,0.23189764386747502,-0.09362584896760559,-0.06742339165455535,-0.39508769714003733,-0.11195021886129397,1.144802450315879
0,0.3048971664649549,0.09214751488714079,0.3866031884050337,0.3089549199712147,-0.2831690979037616,-1.127690378707722,-0.29492868005988004,2.2307467152503717,-2.382732320905953,0.2618707312137397,-0.22533367523239836,-0.04465068133616962,-0.2056027475346227,-0.9958633960401129,-0.005566845407753318,0.21359216690976002,0.10890234359596901,-0.5762254674193419,1,0.5906648424903128,0.16025959915990384,-0.7577936992911474,0.019286734041212422,0.38741378933942494,-0.38773637675052186,0.1305266500413608,0.2601026462476641
0,-0.4497105711361691,0.4857840360280399,1.3625613842081739,1.8017779442705106,-0.26277562849418196,0.3309888565991698,-0.7264371195311938,-0.8597866881270668,-0.20085208298339713,-0.21028221830294477,-0.12190943468631515,0.2527867124577552,1.0280554125320456,0.8874855488556446,1.8092924915839168,-4.288130900825886,-0.09007336195689802,-0.33403636062962927,2,-1.045519317562675,0.32701037629855767,-0.35754621012738685,-0.008146815083124363,0.33182591223765123,1.6791314306193574,0.06161973306140209,-1.464347477974354
0,2.24867707487614,0.023120091871986215,-0.5208987773623746,0.27513229288530716,-0.3418683716955703,-1.0598702058395344,0.324905547116058,1.154595612204273,-0.9577187993708792,-0.06485441128678687,-0.5812526002502141,0.9866080099560129,1.2429933781189555,-0.6656150975380534,1.2693527886832527,-0.17851305161937153,-0.65175997996054,0.09985746646094545,1,0.146063282718227,-1.8666735258130576,-0.02300885632505212,-0.12283140214452368,0.4252825680172603,-1.2780254042943588,-0.7852469334562503,-0.6031564214744743
0,0.2664965312064662,0.4753631688697809,0.23232656385126635,0.7338434535184952,3.6974209499238753,1.937227677804519,-2.135711993454777,0.22867314569757957,0.03382935634686024,-0.22987160383745014,-0.7258815088062796,0.07735534397643357,0.3226897525256771,-0.5417409858805653,2.057456512921772,0.28424004164711003,0.8644028558693795,-0.16928246230379784,2,-0.44387653093485036,-1.2954004221114055,0.6535750614500354,-0.000552186524688858,-0.5405565200636102,-0.1647943909717351,-0.3844360139326437,-0.14829404695917703
0,1.8583284749145341,-0.8130960710337372,-0.09791339404170074,-0.2915018188932486,-0.3714691471409846,-0.3625224183167721,0.861591230896402,-0.20150480782564884,-2.0934856684198384,-0.004480365134139297,-0.29608494032415095,-0.13554787642115618,-1.0080421876320265,-0.2333768513584766,-0.15212389809101468,-0.40148701457910085,-0.4880686550979818,-0.24410978926232066,1,-0.9942125343529117,-0.5901450892781472,0.9809013346208906,-0.07183955293785117,-0.10845702795272466,0.12782521382478845,0.7033977931150965,0.9388554542360049
0,2.0929699075652723,-1.7937731463094813,-2.555261107713889,-0.31366343380180556,-0.04486247627430308,-0.2008163216250209,1.043614391363483,-0.275694317894748,-1.8300282047213992,2.2008798981208146,-0.5128257982776694,0.7092859221428254,-0.6767158759127767,-0.33885488124830687,0.6157802887415328,-1.1848634162661327,-0.6485678038915995,0.21699325428809546,1,-0.6923899543045823,0.39657396601574524,-0.837083612328585,-0.13009669154014458,0.09660606111251452,0.2578270717200293,0.31757749740890584,0.8668005417723721
0,-0.28896389230184394,-0.5909807891853283,0.2053042192973394,1.1849689442471374,-0.5574496308585171,-0.9768265081018137,0.6877276791741496,-0.6447115999395657,-1.4731609590910717,-0.868886210275038,-0.39607258862739025,0.37790518820944674,-0.9810208296527011,0.11702131209933689,-1.6293216513462663,-0.5865364297394167,1.4129878333856007,-0.24383935596717002,1,-0.9151268407455173,-1.0523507452930865,-0.7637275904683063,-0.0856902712481967,2.2653714151370132,-0.19277642609138282,0.32021878755537364,0.21559440683982653
0,-0.3392993343209719,0.1583378999976261,0.3208153763833396,1.300957323082586,-0.25796497303675836,-0.8656702398814242,-1.5714917090811447,0.0058548092317680656,0.3261344587955963,-0.7389931273317691,-0.37204873103979996,0.28811085237084244,1.1041948553741687,-0.9702248265151118,-0.2841161836204653,-1.0387738860322568,-0.2144360470872304,-0.15349811619925172,2,0.8768426777400622,-0.2507778745151947,-0.5053371965935729,-0.1257507908746038,-0.7793231750572289,1.3710245705729112,-1.0761095181868692,1.1219653529764264
0,0.4253091924769969,-0.6026356720843069,0.21780226524646568,-2.184215265974047,0.020501187976978863,-1.186315053448748,0.581975283731242,1.590625071825494,-2.4602385885859874,-0.32847439028545367,0.05584628357785648,-0.4826975428767063,-0.8375806252113087,-0.23271896937615555,-0.9228637725293034,-1.860897903835087,0.5842665417309302,-0.2674283059811438,2,-0.5452922180756948,-1.3745402394439674,0.3743039461831091,0.08347663054383239,-0.4254842513527487,-2.843778411352972,-1.1003962440400845,0.7118369833995619
0,1.936473922424926,-0.2648993603428086,0.9082661810969059,0.9499522939691116,-0.361570304241567,-1.1853195455674888,0.9286900275457393,1.4414988289747164,2.3314727818462937,-0.16724452733109135,-0.7347582457850084,0.9375543753918351,-1.779943332346754,-0.5441609590659388,0.32689487739179746,-0.35542616614261896,-0.11157739211960982,-0.5794326629640427,1,-0.6233428457240077,-0.9546475030229619,-0.3510954364020578,0.011815439167223787,1.4092562652368918,-0.19432180756955048,-0.14698842493761194,0.1615752357206539
0,-2.536194339277797,0.4417059064658221,-2.00597585942687,-0.0926300335421959,0.9083172849259897,-0.542062334925308,-1.1425796033039792,0.168100148249261,0.9154310617084136,0.04112428621414782,-0.02127507827542066,-0.42934663535716056,1.3829432369508994,-0.1334010699614416,0.2695949826149989,-1.3336600484234795,-0.18422876622819262,-0.038041050815894595,2,0.5992400381667564,-3.772726678985288,1.5110371537253846,0.060117176805430786,-0.467388310353688,-0.7332514307558536,-0.969809119169124,0.5706785794766928
0,0.9998164740968625,0.12816261487381936,-1.9310297607021223,-0.07274818964407392,-0.8057753201037443,0.8319783123121349,0.6363705739470478,-0.7539104127518732,-0.6547568752606941,-0.1119220548621187,0.14578682604068477,-0.10016106017635096,-1.2417276410474154,-0.469346799202469,-0.31331626460872664,0.1726270486748347,-0.3971427861767297,-0.40071565084730676,1,-0.32582705081971375,0.36585130273669697,-0.8243012421645335,-0.01975993645479302,0.3937440453891383,0.4307561836800134,0.7400968060413176,-0.6729968256705819
0,-1.3203403325811034,2.7805114131477002,1.6654267454730083,1.2377198228255595,-1.0215604677883827,-0.7351413873055839,-1.536069406095973,0.3082825451113622,0.9794101739014476,-1.1522648938909548,-1.1056051035464467,0.7794230468015018,-0.030190312705872968,-0.424067825487146,1.7822847386056,2.7195716857291954,0.6002329821732726,-0.18110611296811968,2,0.8165284317592476,-1.4817549849712295,0.08208864066679109,0.1457475308940292,0.36450032047101255,-0.32913655330542324,-0.9585121152999627,0.30557010198613965
0,2.120992770074968,-1.1504262677175836,-1.2161166495450364,-0.5712006184341881,6.660199660980302,0.03588926214978741,0.8683636818185263,1.37088822715978,-1.9044431924121161,0.246931519848675,0.7583011551837586,-0.22894971509439443,-0.8627351641960919,-0.03918184218813156,0.7137476407017597,-1.468262373945759,-0.65175997996054,1.0873608459558612,1,-0.11210222749382001,-4.455392342061634,0.4433335859996866,-0.04322131251325231,0.39460532081696476,0.4152292756878786,1.6604178752873913,2.1635966613992874
0,0.14028214443567966,0.16633625296251997,0.8881183920086893,0.7178541493377977,0.08429240665851562,-0.42083913198232425,0.6176533971413343,0.6873828692629012,-0.994375871112237,-0.38469796215309315,-0.9275082835390829,0.10593008740600679,0.21884549047848809,-0.5922020106644167,0.47498288728602245,0.08774015026291604,-0.24967010942004475,-0.5133572895799803,1,-1.1808779351530176,-2.0591930455340157,-0.0871938818659963,0.03252119529475299,0.6010147388044121,-0.15237350324093635,0.2983578494193573,0.23978684827371033
0,-1.2514819675781363,-0.520241678453771,1.5773838650487804,1.4791521891977304,-0.3377639595151813,-0.6832169661013268,0.8427319715637827,-1.822726611553244,0.48698108166820964,0.17415446406465518,-0.27711210012460347,-0.04620455367631831,0.7172335668448621,0.288968915181446,0.06600551865515447,-0.12991522505189648,-0.3799826643998736,0.4507505558116157,2,0.12463577251766234,-0.39218646650302236,-0.1468834867563686,-0.1383048621435507,-0.5395722713736364,-1.4041888588374971,0.031201669785699826,-0.9173469788220902
0,0.23379797855106035,0.06702933299688545,1.0564394439195242,0.47395620735391547,0.34975754220160166,-0.3482532168890926,0.7255542835391855,-0.8590867626067755,0.3206662622861597,0.434340416719726,0.22825100590441877,0.3269977876652017,-1.3902902785469118,-0.5278872262160382,-0.011643495063406561,-1.0795869466377261,-0.65175997996054,-0.21325140488575844,1,-0.7010327087873703,0.12079682697307903,-0.621103999627682,-0.09617552354280762,0.48250864717896935,0.2872250834909022,0.35042835335336,1.0771883238373157
0,1.0269624548303944,0.04891143210301939,-0.5585831197727398,1.7090432109324898,0.42360834936893765,-0.42120681602108884,0.8220987897564438,-0.809011048842214,-2.2569688762132616,-0.1655600765847436,-0.8621599179060097,1.152689162531426,-1.0137194884403833,0.10809700328434646,-0.743668984605308,-0.5336445698418092,-0.65175997996054,-0.0559726229399331,1,0.17082875234480088,0.1281436451382843,-0.837083612328585,-0.09000810519138946,1.4585123893612768,-0.5728607178300955,1.9020634006172583,1.5454026392692857
0,0.1892548785257694,0.9536199057180095,0.3479192622134351,2.612679604583552,-0.3830274056312672,0.019812660734762927,0.7588121301639733,-0.34655777806967175,0.8658004215046087,-0.6615460027946785,0.17119976058516956,-0.693360782020991,0.03673499039231687,-0.7754357053314901,-1.0122098589168915,0.7426218046031993,-0.077935493140768,-0.22408272633924123,1,-0.6985771092954429,-0.017108730949386253,0.0019955036743961596,-0.06357754409277891,0.6072937563961973,0.2618798336660998,0.23893369397950923,-1.3089073618476474
0,-0.4254577964615621,-2.1888962672371868,0.8097242828618184,0.8218330284331018,1.4973299602424968,-0.053360003135027534,0.9511850983376964,1.0534668216140524,-1.987124722070151,0.4372217831408949,-0.8884422763347829,0.2002599116737755,1.4370946893873473,-0.6101841241573287,-0.40146826329886715,0.7551854307869399,-0.46546767925537463,0.3016149915383776,1,-0.826298230370448,3.7047431493082774,-0.7516211867800905,-0.0058540735436798386,0.18073471558308446,-0.6472793012557027,1.4635653854275636,0.7593706448526973
0,0.6632303715041865,-1.746215875917067,0.27508568367129277,1.6144462714526144,0.2819737855067416,0.12539875980241888,-1.3801161224639955,-0.9416376547644434,-2.1521105392407813,0.6144896768593129,0.6059158548261104,0.10766770507574308,0.21458366031769432,-0.20374074703795136,0.5714657316985543,1.6319532649206663,1.0415484470875747,-0.1820708837879228,2,-0.8079548285634506,-0.5357453509764393,0.2518656614031068,0.05184168150297161,0.19109559322410638,-0.5507293920516619,-0.4298180259565478,-1.0926072511975558
0,-1.0075022030685314,0.16286631645168642,0.9714842363971068,0.006364879704340749,-0.334594362641678,-0.22456245653660528,0.5875811317803934,0.8907115225299453,1.118916264538061,-0.6925102454886414,-1.1460515154108213,-0.7167658182103518,1.7445793222058477,-0.43853747831620205,1.0475784156949026,1.157708046033236,-0.15476788346979847,-0.22850713749808982,1,0.058821261062395463,-0.2477006467355895,3.6489997484784675,0.060659802478335516,0.17484585763227845,0.4911580764248549,0.24850693936776452,0.21092806061309033
0,0.6786439254628424,0.07301693535607118,-1.1392530407465853,0.26244379036668686,0.217416875519555,0.20767358227511912,0.6937168842766566,-1.1751166432189655,0.9471429890520288,-0.4932337006091803,0.3150759680229974,-0.28585664716415266,-1.432474439450579,-1.1971491256757048,0.3301394207086801,0.35579482437107013,-0.5700678996446166,-0.5290669595493263,1,0.48141068738790777,0.651719727891791,0.580831915552625,-0.13858845242106,0.5735202477254511,-0.2648107967465213,-0.4370506843792211,-0.7314563282724825
0,1.9254558765141336,-0.3877093700501989,0.6689249788062064,0.6393383912622951,-0.5426624815473118,0.2533002732649703,0.7645423412373014,1.2073691962630968,-1.1027844232568318,-0.2865716396155191,-1.0255464894992112,0.3804501856088085,-0.2049317251775,-0.413312624581616,0.4121784901433947,-1.2100976358484186,-0.08491818235463477,-0.32463673982620145,1,0.516695697566764,1.3948033910718647,-0.12674248874927652,0.15842790999343548,-0.45103342636777993,0.8407142784852173,-0.9292401420678393,1.18406534918998
0,1.0809372535505488,-0.4603459496146106,0.10733994637810751,0.22651755929160133,-0.6302509145046497,-0.9010320059703532,0.8225144374439292,-0.930804306857536,-0.06665323479100965,-0.15605502030344853,-0.4162791762582042,2.040154520125732,-0.8748402124525978,-0.7733427834004105,0.29190921980100226,-1.83448118864295,-0.65175997996054,0.024327799064862765,2,0.694978190427843,0.5793063365522196,0.35772230825779017,-0.13858845242106,-0.38346887133458096,-0.28533484323734487,0.012249237807324093,0.7176102163260196
0,-0.06031518051065854,-2.227153837265136,-0.18963238905956004,0.9903009383263084,-0.2704428838874063,-0.23149697398794677,0.7610285130037268,0.6325516795124918,-1.7120682459180823,0.17166676902570854,0.523384309315784,0.0537552458078584,-0.36728865122275456,0.3847571970337956,-1.0943068306113317,-0.12126987150596213,-0.1571691885842953,-0.300440170550263,1,-1.0034538781026863,-0.2060669304506948,-0.7663568421654778,-0.08238129519897343,0.2679064100051826,-0.21829381233431802,-0.1470471596467505,-0.6843454183405084
0,1.2456489806704223,0.5311292262476057,0.6832177338769664,2.3329122182488025,-0.5069541808525351,-1.0839432316989988,1.0448137250268126,0.1611575975689789,-0.14780265144085836,-0.11837781181141704,-0.19880114619660488,0.6542099034735792,-1.3167795054258815,-1.027539258287933,-0.5261042647432059,-2.9707516294774248,-0.65175997996054,-0.30994628415271047,1,-1.7966432186562886,0.41935887018442874,-0.837083612328585,-0.13858845242106,0.6471930871207057,0.44410983322116393,0.5632753198782245,0.7869949295946432
0,0.07924403240982891,-0.7290279105008453,-1.8317715089842679,0.8575311623292895,0.08136789137757156,-0.36246028691784254,-0.32008029524002435,0.5111629370793065,-0.6515719006240992,-0.12550197935826313,-0.1862131518946208,0.4185032163429995,0.6728672180282296,0.18179290565777753,-0.45483182603996974,-0.8165875140806061,-0.5876051212578824,-0.43215779236072727,1,-0.5092121505912112,0.45715797863900676,-0.7390892597094663,0.027019505439554878,0.4652043859246536,-1.6865802443618845,-0.4440874894557904,0.14945930668546992
0,0.057610628070993576,-1.1414226153858893,0.9738467268710528,-0.25706152738922733,0.40179841180402653,-0.22183675312158735,0.3024857520740531,-1.2171735756166018,-0.49867439946458164,-0.5480771692816361,-0.4129168382074867,0.063334375827993,1.0540658239906908,-0.35767780163680996,-0.7107892942383643,0.7090768812575441,-0.65175997996054,-0.3103190105134192,1,-0.19614204465191382,-0.7615058928010934,0.39106336167838246,0.08396354378285927,0.9148934194523978,-0.08643520573158842,-0.17640551888219214,0.010429709377792806
0,2.0198554535536393,-3.4570904141167738,-2.245178359655387,0.3456848117284521,2.8723544155419676,1.4287526005412627,0.7207264149503996,0.6838978582354891,-0.8456776763362168,0.6679248781798363,0.27108978211820545,0.4477464688162005,-1.521887910417832,0.9203695792483932,0.0029612562863163827,-0.9248047048207734,-0.65175997996054,0.3123237831756791,1,-0.4228871385095835,0.45366863536938484,-0.8001251285244948,-0.02946139521058338,0.49969573965800085,0.49514235496254155,0.0615691427034476,-0.07637204879465631
0,-0.8253293284290424,-0.30589403286210415,-0.3631834778780929,0.48670043021299875,-0.469666235775488,-1.0603262952883332,0.7039878671392739,0.13325128865138158,-0.3971414288257291,0.45277277714206476,-0.36071568321393355,0.5516448919448731,-0.03639705172758867,-1.1190685285476114,-0.237592295450878,-1.4728233431320996,0.780752500876804,-0.24425205913693296,2,0.20175620155705787,0.0565251108896835,-0.6476096666233048,0.06455531615063982,-0.9873392290299026,-0.18148038331167488,-0.8074587390164067,0.536295513310552
0,0.9539787592461826,0.9946651055144577,1.6087259855526506,0.33979734131772743,-0.46706204984036226,-1.0550506233079262,-0.9959086502092438,0.308997883131145,0.7706310627321968,-0.4806649898436516,-0.5158836690128175,0.5816342105387848,0.4176829817817212,-0.2949987369272076,0.8034602009826324,0.006499706836738228,-0.5386628167589863,-0.2857560950735376,2,-0.8509808349586478,-0.2928852248486167,-0.3150590185397746,-0.014216347448431081,-0.3492172779505299,-2.8212367082512664,-0.772444793179553,0.2022579370629839
0,-0.0846568959866606,-1.5658609735282945,0.5919175108221617,1.5970108376761445,1.22634485379733,-0.42669448914546576,-0.05465207414907197,0.5443553740812247,0.018484136255026713,-0.1608396050919818,0.12347919405691549,0.24969019551115934,0.6066714181691554,0.5877177253786586,1.7302845245702763,1.3774793403428318,1.3562755242924907,-0.3130738775372912,2,-0.32360663228078734,-0.41242435692190293,-0.26953530489443706,-0.08870417487487822,-0.3708006787142689,-1.1060361140112245,-0.6077660360722912,-0.98387305778428
0,-0.08433074739480896,0.37656213607545036,0.8478545446009663,1.3201440738563575,1.1190302850896408,-0.9739528093695463,0.8699317590946463,0.49598115348037225,-0.1323365622299575,-1.0421172319874743,-0.4085019646249102,0.1580698047332601,-1.502863201521885,-0.5874389676317643,-0.4350530006504343,0.601316486672592,-0.14229976037855147,-0.4812076732780109,1,-0.08636997109151688,-0.19934528967777626,0.36696632585102185,0.013883721356904188,-0.3101509628524124,0.42810095719485713,-0.5028448628956479,0.5657018260612421
0,-0.9950201482101686,0.739692248334308,0.7216087290388663,2.0445751798336587,0.18470787197483476,-0.09576039606369985,-0.33463835061986436,-0.6010781990594345,-0.2516760019126907,-0.8926585033259661,0.35331921279819667,-0.49301574637556056,1.7772408154964932,-0.46541117006139227,0.03779848738778763,0.4283902008087795,0.08611966025642578,-0.3533392294071361,2,-0.22949112569851723,-0.38302696220760624,-0.5145483422503789,-0.08855497579796755,-0.7567679470557533,-1.1790958674616598,-0.9002122345042893,-0.700366334898947
0,0.7382438622331475,-0.07679111287817797,0.9729218413723317,0.8281230451091308,-0.49640049433222594,-0.6140579393745083,-1.0782057628550312,4.5720879529333285,0.5616083176623821,0.004632975618451968,-0.46378392491520537,-0.5267102812338297,-1.0391666200965242,-0.8982842273805286,3.858435153885771,-0.2729181987203896,-0.19787846164487521,-0.4467125047049346,1,0.4406788613685839,-0.8783083491392087,6.071337615248753,0.024902682226613945,0.263780837865751,-0.4490957789808224,-0.17113961401045497,-0.7612583129433007
0,0.9147057646823414,0.08977384746319542,-0.3382892589191977,2.76469758522363,-0.6056817057838014,-0.7675587385838735,1.1873680801958604,0.7318126184888819,-0.3799573006541584,-0.7785610267534162,1.1743017294340568,0.12868377182982105,-1.4899854613074435,-0.6820839979306272,-0.7690377094317564,-0.5701236634374212,-0.00517585231023629,-0.5118066400577489,1,-0.3729790358572609,-0.1933518362268362,-0.8102757310587279,-0.0922143370982458,0.49452369979113225,-0.5390985355054883,-0.12748783737211822,0.2620474262396346
0,0.6846956616843985,-1.5988697995078187,-0.2923405228205021,-0.48766194069846514,-0.20040006490940704,-1.1512472571754295,-1.3988922611957308,1.0346601623289808,-1.5684013551057405,0.6725922538562178,-0.7197494331857271,0.18774821867556873,-0.6787824088490072,0.20449454760655156,-1.023988109871874,0.3885495638310808,-0.46233801974983735,-0.2792963791578824,1,-0.5071858801314932,-1.9337109425061412,-0.2531576569790121,-0.06289954583153826,-0.03792220684148334,-3.285801076106443,-0.725234836520825,-0.07655491076032245
0,1.4291640128058172,-0.3784142510951679,2.4592890859568683,-0.5156610248018811,0.282305129495296,-0.6543578386645401,1.6430981473230855,1.7951352190753596,-0.161108593690394,-0.11706744779516515,0.41936639420977595,-0.045991057800139845,-0.8004377539583339,-0.15386023779316732,1.6204129192816703,0.10960825049945011,0.0916704733809465,0.06176793378980111,2,0.24866218925619982,-3.5029363335473045,-0.10049886703896521,0.09927017893624915,-0.620158181039701,-0.3680990869572399,0.8603127501473236,0.5422208835101244
0,2.2307362525869494,-2.281971177352463,-2.1589774548489804,-2.3800222261484563,-0.18810568503105063,-0.9510488748612593,1.0506777570841161,1.6470090422100616,-1.6274056827272365,-0.09905049885319511,-0.45914618018269093,0.3028557834409519,-1.78526162662461,-0.4459386278754161,-1.4883678699131324,-1.7661660250611437,-0.2920644909104059,-0.23416668656393866,1,-0.9350260510924069,1.9520669130008308,-0.6683430565835219,0.0006107461459613495,0.9299603860220892,-0.6826838472676422,1.8291388628396854,1.595115888168382
0,-0.12747822962559313,-3.04337526788213,-0.8486773748076555,-2.1256261586757916,-0.3776957874240652,1.3771538445836966,0.8392239876043647,0.8718236317110881,-1.228059118288186,1.542750495879853,-0.3754873337131169,-0.5588605821269521,-0.7700863150810001,1.1611018985185773,1.5074275896387486,1.8443417415143741,1.7144107198073464,-0.05125742879004133,1,-0.5378406841842187,-0.973334911353505,-0.5690214024924816,0.0009013763846087014,0.5242205662753794,-2.6327513613541553,-0.7644369524332442,-1.6070690424711513
0,-1.2603956980732518,-0.08805280666662618,-1.671535683102221,0.23807705898577433,-0.7842383200855775,-0.6970293001169638,1.154616975010956,0.9450781601731616,1.6694180707096289,0.502311796280616,0.06327302447764038,0.3623256235124798,-1.0232042211310564,-1.2357829772580526,1.0804077037903554,-1.4334715679511154,-0.34067183111400223,0.010722044279650567,2,-0.8639439994429194,0.5603106061230347,-0.01426310001159833,0.029623397978357932,0.349314378947867,-1.0495116850468735,0.2563499835648906,2.253046912665841
0,0.08634370071555475,-0.6938762296728507,0.7989044701337227,0.90852894709638,-0.07782558971638076,-0.7684601757758832,0.8496005972088774,0.27904981194663336,-0.6394769250023689,-0.04031070702494738,-0.8629966442076259,0.3158341293526985,-0.890872279672704,-0.6025309807003826,-0.12115795105654334,0.537567702249508,-0.32192760998995207,-0.23332760103421166,1,-1.2722059289965686,-2.157327817328988,-0.14177266703019903,-0.06230390134709801,0.07869006070068169,-0.24540497022503488,-1.111378206553408,1.3445797919967541
0,0.34815624794489175,1.5796486476723892,-2.013941355640885,0.7533356006174404,-0.7206846603602097,-1.0875049959042848,-0.5734143411196747,0.9050978570306885,0.7143932007280067,-0.6511946358262275,-0.43114109168374665,0.5381250333705424,0.4719945674788915,-0.940527538943815,0.21184126659651448,0.6313051048904056,0.26954996031610695,-0.17875849138022498,2,-0.7448570729838466,-0.9483338811971652,-0.7404850464628432,-0.03253436616640919,-0.3839582002357709,-0.6142230969140904,-0.8417239886034895,0.5312006843328306
0,0.9551711540660952,0.8064574709414734,-0.6847264078435129,-0.1871125383360731,-0.8045856943637526,-0.8787974396034542,0.977599321966417,1.152305365634029,-1.1603254927629403,0.4704958877337073,0.2962833926590085,0.06551649026679081,-1.5710187350152973,0.06107684244111525,0.6335929801394029,-0.8938712960024221,0.03304366489189456,-0.3588434674922215,2,0.1904705662164348,-0.38167983781284,0.2964615505319998,-0.08550178677277391,-0.6333077711942815,0.4943264823417775,-0.7888967919010879,0.1932646742926443
0,0.07925377133897682,0.7339179509010463,1.0197477366575773,0.7757286797622892,-0.08828107028788973,-0.770702803243702,0.38573053958323356,0.22539250761673035,-2.6556487480825606,-0.6220401037690115,-0.40548331433330526,0.5124012581059758,0.17431239363449524,0.3155448863329069,-0.4932833543753272,0.018455537282460632,0.8187006158870753,-0.41863699562348483,2,-1.1358866061874855,0.45336797941375506,0.8688380806630633,0.015796602149909425,-1.09095311408826,-0.22779551213400756,-0.7144658346123078,-0.45310034427668733
0,-1.4816167344112428,1.7570718465439228,0.06707679869673555,1.4999517060171261,-0.5479841918430066,-0.5176577904610666,-1.1873977773370785,0.6256378837431427,-0.8279170460184183,0.29774000592487804,0.3090129859201636,0.7461144727439415,2.5011996898607314,-0.03361702610018763,0.35613544662893604,0.6850983818981179,0.9886503404190777,-0.2867894023916731,2,0.04131909012957691,-0.4178667101409264,-0.38443168276151557,0.08223738448296558,-0.6441677818464413,-2.9093820370086103,-0.1799111413215665,0.7600497184697104
0,0.23332502432392052,0.05174786586938754,0.9303869036800679,0.18602496245652422,-0.013974880268299128,0.7712516887534983,0.9703593782743568,1.2341658486654796,-1.0857913480275576,-0.5727959851814453,-0.4819901878081875,-0.24806718748001744,-1.145881153319003,-0.28592577359222004,-1.2360814227535497,1.0050210519465983,-0.6390080337132247,-0.43956942632426477,1,0.48910813660252817,0.47705923240040116,1.4060147973443484,-0.13858845242106,1.0790453104058813,-1.071123475580571,1.7552510126463994,-0.15956279325918066
0,0.30960689961124543,-0.22012116873927856,1.5548703422356622,-0.552918878036311,-0.41616197657483406,0.672829744488484,0.6734169947128695,0.7753657686597538,-1.3803367900400465,-0.7869960060161496,1.1157276071617732,0.36951837281086014,-1.7364072389493,0.8144192991360425,-0.6256954037693255,-0.5745598867508964,-0.2548698828137951,-0.10690372617495097,1,-0.8065547294162412,-0.4669478950003192,-0.6322794555892004,-0.03734886690736799,0.8697986005643846,0.7545908330675988,0.876223202610372,0.6292077508973383
0,0.9325899810538045,-2.432273216047662,-1.485982632883814,-0.8643154938670969,1.4093140186632533,-0.5007942922859288,0.5227225828536646,-0.6437698951626514,-0.8771106944904455,0.8651492461235032,-0.5130849794329254,0.11779057722738678,-1.17075491288267,0.41869879320096814,0.5043417121715656,0.6122812842668601,-0.0776349321315909,0.023038510468340538,1,-1.4311614936718584,1.8436913434550708,0.18339241112278537,-0.03699133655523848,-0.6219821033928077,-0.16911403416526305,-0.2555345347515985,-1.6055430893092275
0,-0.807734561644958,0.6456561389107358,0.2701610327005368,1.1726671072073438,0.0072432622126957225,-0.7657157094355949,-1.62884636672846,1.1275932404864928,-1.9041068522206834,0.40033515286613985,1.7888470536636385,0.12854334337261225,-1.079284892028807,0.1720543868377743,-0.7134774490652637,-0.5216780091752978,0.4276786352723533,-0.33355357044342715,1,-0.17965045977429248,-0.8272353689364227,-0.5465576600722486,0.05393343041081307,-0.18247015200538097,0.14423858127580536,0.16903663208367847,0.15683493956099598
0,0.8183685938623936,0.32844618714824336,-1.811911127207522,0.6692011127218598,-0.10592445561605496,-1.1150275905264126,0.7423855583695961,0.28666367196949216,0.8740262131524136,-0.3506654692639751,-0.7655386648017453,0.17935532718161856,-0.4031032465240929,-0.7337286682158577,0.22577799925650688,-0.6215112589280226,-0.6047499373361805,-0.26476349381349257,2,-0.7931906535464855,-0.32962260101480734,4.280460050583724,-0.09854250123774425,-0.6883882784934758,-0.7033209436421979,-1.0114206136951536,-0.14119027111022275
0,0.23012756108003493,-0.6201741222616526,0.7262101167990814,0.8643631659365745,-0.10682429871896325,-1.0193232232436045,-1.1843741445979805,-0.7325936037745491,-1.8094890338940943,-0.21254933747132074,0.027217199593554897,-0.10891288562779117,-0.7693635945759344,-0.2635523647553735,0.3348876382994008,0.3925290802715947,1.7060198091220395,-0.4144670531404835,2,-1.27667709005543,0.23258025039142402,0.07854510282995858,0.03729983762766191,-0.6828475318982099,-0.08133198459695867,-0.24415028370293507,0.23159770786305733
0,1.382641074666884,1.4360589843179759,0.8789227730324446,0.318937714128985,-0.2813377002012037,-0.885069716478746,0.9224174010452655,0.9868912830437949,-2.075713670123313,-1.0221668904737553,-0.3054688270276569,0.15472904281065586,0.13401098494761043,-0.4260001061589854,1.1434028458238135,-0.0401634837164585,-0.4156390857142285,-0.530689069091155,1,-0.8882667021812556,-0.39606349356199716,0.32461628456403807,-0.13858845242106,0.5194401869822534,0.23560073613175775,1.3873926796419354,1.3167320783822984
0,0.5981684278344257,1.0215623110716285,0.8326844037240677,0.8116214857988923,-0.2084009524121749,-1.0117845884371428,0.6775791847156184,-0.8389728023171584,-0.4071915299269849,-0.37042716590753244,0.5069021303832929,0.2930860957085052,-0.715940348111592,-0.19855523300375139,0.7977509242404566,1.5330973236410925,0.2534443502636893,-0.42389688374847523,1,-0.529328176050377,-0.6673537706874729,-0.061625817477530154,0.02198626587801225,0.26982788885267134,1.1668008239814647,0.1775797561842969,0.5855302429434294
0,1.671104440060203,-0.26578141888161766,-1.0182977007097669,-0.3772656973513517,0.22315156106748646,-0.262128666065476,0.7863421340626258,0.2419202496890266,-1.2332522838240088,0.2777533029613575,-0.8711924695810244,0.6040646561434723,-0.8477407123871449,-0.5931733710555626,1.7049143501038544,0.21783192167292476,-0.65175997996054,2.1448909511633785,1,-0.9826069060018086,-1.776510473333567,-0.763803636411788,-0.12027075993410272,0.42138980767902656,0.8374651287654808,0.44057532249066395,-0.21755621560522087
0,1.1287811659572382,-0.18785685562272741,1.187876827719898,0.3975059969611946,0.8284483766094378,-0.5961983624528145,-0.55682832744281,-0.0136512370392331,0.46601486322204577,-0.1609820493655899,-0.3554661658132039,0.09285128275853766,-0.4293530253431906,0.46849820024079036,2.7171861785061444,0.9983510208084166,-0.5249486682218066,-0.20649790570430426,1,-0.14700196105886956,1.3193137136964206,0.23240175781753583,-0.05617477172299883,0.6885349425126915,-2.250889472080941,1.0725908633899337,0.9795436144223748
0,-1.6115460077017756,0.5626327830789482,0.4460045433103584,0.2899215460385942,-0.20642879453346172,-0.423914084123424,-0.9740929923207295,0.29674422142140916,0.9498686628304298,-0.8712969197116935,-0.3498856717980203,0.5475755920912898,0.36507552771830487,-1.0930280927924212,-0.5138106061880011,-0.5346558233854274,0.13249416890943932,-0.28037405445607194,2,0.5691806483421241,1.1415374584425262,-0.5959424496369627,-0.13858845242106,-0.5716592541043102,-0.48227564589460137,-1.0324523913728565,-0.8084776016610098
0,1.1176858678291655,0.5784845943653947,-0.12324383445478673,1.754399381278749,1.4523690953082358,0.636541050514934,0.5293819387399321,0.4707006889497667,-0.679431754075968,-0.20558322456419414,-0.26124780699115,-0.22546935976702015,-1.78526162662461,-1.1125628281516202,-1.0036734498219468,1.67688028369875,0.3398915564000441,-0.2675269619121091,1,-0.02350376970700979,-2.3324176082332686,-0.058626698010729006,0.11353525570984296,1.1665234525960084,0.6259418389132557,1.3543834025365251,1.378170007445605
0,0.15155444006244456,-0.25393751966990674,-0.7636571438373778,0.12880934897814944,-0.2947630441797197,0.47049227306131175,-0.26415424428708645,1.446907981978361,-0.6386541601644122,0.7019580448488923,-0.05458924887288613,-0.20548545794686657,1.6140190639479703,-0.509222459089752,2.4034309099158344,-1.4438775850853378,-0.14508837673381114,-0.198964303646384,2,0.37144773244571794,0.7310209160624705,0.39613805646063915,0.013958108786531781,-0.8435837133483836,-2.043043968093429,-0.3188016243984122,-0.1014628972145229
0,0.47460829883893585,-0.9597211487401278,-0.3097739877127643,0.6783959856450471,0.0012593910605335212,0.17529730932019197,-0.10861073860662218,0.20595738125243362,0.33261499932963323,0.3386426394558678,-0.2915385181605171,0.895608879852057,-0.582605676288243,-0.3254243540390321,-0.27620111151036264,-1.176304944532429,1.5340822168140607,-0.3131792587983806,2,-1.078508777452989,-0.5458367362753747,-0.7167696125340848,0.06749704729489973,-0.15060605741038308,-0.27124265316248897,1.8564983444329037,1.2789366287155688
0,1.195090423574539,0.2623677268880483,1.2227711051887333,-1.569790508982865,-0.01140182523648181,-0.7546318113705978,-1.8892741659571515,0.41488284175434753,0.23893150205159142,-0.7323623577636791,-0.6783138190308364,0.5267619681179007,0.6610248544408031,-1.0776977984843112,0.16346208952081376,-1.483849339866151,-0.65175997996054,-0.1721060648410166,2,-0.506821080383026,-1.9091197567695355,-0.32943690905112577,0.03366101125568041,0.4446905799930971,0.17738082730060054,-0.32828939009524927,0.5942113614476084
0,0.8309299293624477,0.5831777196240312,1.446641100564577,1.1599586450335402,-0.8180123626476252,-0.8304452285198186,1.0965827397219128,-0.39370625525649267,-0.8999601290016522,0.4653030173648123,-0.4429583990043583,-0.15363672925497318,0.11542876589510032,-0.5298570440799951,-0.36431525300167206,-0.3131066000876235,-0.33848188504679355,-0.2397475712902893,2,-0.2877572634890224,0.486152763296047,-0.09517022878462714,-0.06320026661786125,-0.20997065126967263,-0.47964865339072493,-0.7936360487644921,-0.3038902334514406
0,2.24867707487614,-2.352337169530122,1.2485155486102903,-2.1732838555977407,0.023405480060261566,-0.7793206770819943,0.5529908931403421,-0.013370460038854282,-1.6585241053807658,2.3741292819128192,-0.5003986407598495,0.8332570986180365,-1.4008114001352452,2.178167144251152,-0.013553990595881138,-0.4597643580465589,-0.5501843611617191,-0.03146386769344292,1,-0.9180011121146989,0.7630506982165518,-0.621593648885209,0.0708489920454034,0.7210701629973588,0.2134417713198356,3.439864574376972,-0.15381204732475195
0,-0.165614110204789,0.817620085451044,1.235270060072948,1.4998797739227263,-0.5010668206318033,-0.5785154795736724,-1.1285986357095121,0.2505631294081574,-0.31608799145522437,-0.23458900639567107,1.2679617953667506,-0.31436519115987305,0.32255746563353077,-0.2188526462684447,-0.27622055268631596,-0.5546922676312431,0.059736338988402055,-0.20299799842662225,2,-1.4411176702886528,-2.99936544326871,-0.5566944192868054,-0.05177413535758418,-1.0374303008022328,1.679057826698162,-0.9496472321851378,0.13288671513318748
0,-0.2889562297974581,0.540248063207409,1.2586817606268952,1.7260487378956473,-0.16027274908737688,-0.734921611132845,0.03707141207877451,-0.9011806922426888,-0.018982474256585308,-0.19365793931339692,-0.017551390459326133,0.48763105036842386,-0.03616340680886221,0.3504011388845486,0.1476958938729463,-0.8050947239255095,0.44913976926930554,0.13816525536304958,2,-0.5416422291264202,-1.7322060650309137,-0.12138133254637481,-0.002584701975039523,-0.7968025597113663,-0.9814208164700999,-0.3368680932934103,0.7218691986362811
0,-0.48706805738373915,0.7274779547762635,0.17590544974980177,1.2047946204972424,0.08570008822959872,-0.31644168297069336,-0.847340265697122,0.29298714191853836,0.04280527073530338,-0.07113709370103688,0.21837096624768149,0.5047104746222228,2.927822271159249,0.6104428469192996,-1.348250751462698,0.7922321818583895,-0.2862683799276782,-0.49474520345372053,2,0.0984781141527434,-0.38038506083988266,0.08584701156014032,-0.059466234581264876,-0.1967745621956941,-0.011733884107280601,0.40622967414962585,1.4363746362963468
0,0.9416085361649931,0.20761460188167546,1.115323355136015,-1.4682722054733945,1.081168479545564,0.1473132599427821,0.6670478930549991,-0.3992614548848193,-0.25653672476349265,0.6456462102963645,0.20356302723528463,0.6633527977161007,-1.550541758365655,-0.24634087490178722,1.3285747813969173,-1.2697720297315573,-0.3657946033911989,-0.39855177970980116,1,0.3987274405348401,0.3095252035755529,-0.6660202750158424,-0.006890764538251208,0.73403688450599,-0.8747544698870864,1.4734070803872907,0.06768169513698341
0,1.265695136247388,1.3322825073923281,0.5101102185742162,0.4948584018399289,-0.5110781520241491,-0.6592735165770778,-1.2030135704089482,-0.7105778932805668,-0.5898431330155497,0.2497217022220649,0.7588041621939977,0.1379705184131656,-0.32166743380183677,-0.6085130163173602,1.4795952894663689,-2.555895002118353,0.04891947350675502,-0.6670343499277611,2,-0.36387758679848603,0.7240596682723266,0.00135908206795754,-0.12033542657961166,1.687344601668363,0.6096252432144591,-0.22081470928552085,0.7239265644092131
0,0.8081700091861612,-0.2608495958235567,0.6544468322306696,-0.30220648669018674,-0.8450961619309401,-0.9401217595162783,-2.044953076809836,3.203691361823977,-0.22296522266419028,-0.09335016626899567,-0.9092583316984288,1.8095171455083314,-0.7720802830080844,-0.39235714836443647,0.2761891984471624,0.19648758825465085,-0.6339028860250677,-0.38023837760394513,2,-0.5226291691505055,-0.3753525633317989,-0.3831661627916047,0.02796163353216928,-0.23063694052880418,-0.06014876525332069,1.120546031406385,-0.528000804361789
0,-1.2776489538326552,-1.2582334828501784,-0.875908867746952,1.562029958198699,-0.521242399521073,-0.2565432517854602,0.7490251522224657,0.29745524776321774,-1.2316223269595845,-0.5527457661880903,0.0019866594927923087,0.2772115736827667,0.46436181201354104,-0.5538747164053767,-0.2840480133011738,0.926861206536818,0.06926631017252126,0.9056333531761878,1,-0.8773980862101706,-0.6045016445338972,0.8390468095797057,-0.10016882813436083,1.9139476037707372,-0.48918782639743463,0.7561233744580191,0.49887514195103944
0,1.5202082994751849,0.19102965008080097,0.05402710505095715,-0.9501484604348781,2.491032024439955,-0.335159386214112,0.7032998275646193,-0.6433788092568882,-1.1227765125999702,-0.0856146148475681,-0.21239168858560156,-0.3129241390366938,-0.3771580624551625,0.4472467310096083,-1.9229280415505186,-0.048978276243528795,-0.25863282915837976,-0.16378424189304713,1,-0.9033814237657489,-1.0244143608412928,2.1564841238890393,0.21207267742721098,1.1124104449508352,-0.9561635447782486,2.5118469118288775,2.0354605191579336
0,0.05670725225186574,-2.6004953219197047,0.9548221529037815,0.4693245326540063,-0.31121978811718476,0.7233266101562319,-0.47401037080165687,-0.9068732227284841,-1.9471976790703052,0.718966923042295,-0.5965491239257781,0.6422740892737431,1.1894666506534735,1.3294108095015278,1.58057343317223,-1.9545742582946852,-0.39716696803318013,-0.3834770377597416,2,0.07366520729953385,-0.04738780119222877,0.6588951442763333,-0.09015814282090631,-0.6073823007545539,-0.34797608171532957,-0.9177997770435653,-0.28140140573692285
0,1.1484279954202314,0.7815860211358137,-1.2658655309049163,2.8477912117510398,-0.4338934073715356,0.45102680867081346,-1.3276465765703975,1.0643275663214138,-0.44581004599531954,0.15490011402052728,0.08704955907071588,0.2592459341895899,-0.7089104512696276,-0.37933671811146485,1.1677904082721975,-0.4789678492396878,-0.6188925108129912,-0.30424691851272306,1,-0.8655411161314562,-0.2934864518795173,0.9017410220951709,-0.04587733296283983,0.765260931899716,-0.40203085480785006,1.8980365857095371,0.6125950099425912
0,-0.2809960669680831,0.4720840809068828,0.6931957463978532,1.245797295582781,0.27002702502169085,-0.5746233584937716,-1.170490675461314,1.363861245314431,0.08266320416591966,-0.072838870433625,-0.11344343948805591,0.6688429487340433,0.13810232283572757,0.06545634650359633,0.5849704455160327,0.6858152947757046,-0.46055600810733155,-0.11102669732835871,2,-0.32702690999858075,-0.47964228080422233,0.29640191589230247,-0.09045258553790606,-0.16068576233834705,-1.6231161332516097,0.275872389260749,0.6393796364627619
0,-0.1806271657841601,0.5105615184450508,0.942342041700813,1.7738025723433417,-0.3260305931917932,-0.2679231585943856,-2.106548885143565,-0.3476807554954373,-1.0917163513897101,-0.6742062599508275,-0.7901369249026952,0.3440775053749139,2.049354850104221,0.05382607604587741,0.6136342490206581,2.9486102849122853,1.0283276344062113,-0.28379670005738766,2,0.4079988317075872,-0.33139915218050187,-0.837083612328585,-0.13858845242106,-0.8497213504407558,-0.3399402490602869,-1.21975314077183,-0.3119691948543511
0,-0.8537510597605278,-0.4612998572689741,0.22955582374849215,-1.4645814913513453,-0.28275150375017166,-0.6001384439475155,1.0153581600825572,1.2444812337717495,-1.0101731309877153,0.46247450163499526,1.6401605691079766,0.01807272845921834,-1.2697340602521643,0.5918888010157015,-0.45645886008918746,0.816478841104502,0.20587581644529848,-0.27525501948864195,1,-0.6875592928749918,-0.13067346890820297,-0.701165856777937,0.02152667576283715,-1.09095311408826,0.2449352550980899,-0.7274006830806674,1.4417675637526073
0,1.316051832200098,-2.1383294841923712,-1.214559679606305,1.5046690134609682,-0.6120233464484818,-0.2108363045079792,-1.7184895774312754,1.5314617418143008,-1.2278143021141994,0.3175587464408388,-0.43934689303554836,0.5177481224374909,-1.5100683798214776,-0.5605628167747548,0.5835145739016019,0.12174529504533588,-0.568401966711743,0.3380724843711256,1,0.7089486310853672,0.39905148580072514,-0.837083612328585,-0.09874429180263489,0.645803639217707,0.6261479528817605,1.0539786215293834,1.752812740126552
0,0.7178121858708174,-0.09061942577991078,1.5817629599109257,2.928650972479719,-1.0087324535303275,-0.3910325797399857,-0.36341941309034276,2.197645038065904,1.148034693245007,-0.18120575496226526,-0.44808969010325894,-0.2569841200508479,-1.4617307508991029,-0.47086914264103286,2.1324498101548226,2.208764155114312,1.57176465135832,-0.5137534805372059,1,-0.5945423706324903,0.06205937333187031,-0.14963435767310518,0.04735320368659619,0.6187961092758644,0.4423870020960535,0.6617495129301123,-0.7818482353564558
0,0.5083198129239059,1.88234841049815,-0.2005919495876829,0.0888519660831178,-0.8603886084080559,-1.1935628733195656,0.6328226686248066,3.129064392174622,-1.327577628692719,0.11741096497704087,-0.10965249655350465,0.198642749158621,-0.00772688744901584,0.46256214371637827,-0.6260422025398857,0.4346340828269374,-0.01781673155069978,-0.23300287824212917,1,0.4708657370534753,-0.20101206850681308,-0.11388743090358572,0.01605835713701549,0.2026166430937133,-0.4698248874253323,0.0219233275419346,0.9671231809846701
0,-1.055128453934143,0.9082599426973207,-0.04845347770820475,0.9474818141266317,0.6933075147198633,-0.9031871361139321,0.4344645432495717,-0.1590272217144416,-0.23439369836736446,-0.3903335094436604,-0.8910204772720828,0.9214849593770853,-0.06610077112925794,-0.7962534292970349,-0.36076271045875036,-0.5085597667316932,1.3449893830048456,-0.5337065990067174,2,-0.6021456298547773,-1.8548120389751839,0.5736078344869027,0.07546308187783493,-0.23115850308724917,0.1740419636616369,-1.0999948693730137,0.08614467005173468
0,-0.38491003207116903,0.05618309430084978,-2.4884010418484728,0.004209100187211323,-0.21729703018318913,2.057949924963457,0.5098329728321459,1.358750694801769,-1.354233739178941,2.534793323112439,1.1579637326004277,1.1157340562409068,-0.09095012458589163,0.8201491724245183,-0.3986186206647956,0.5760784658999079,-0.65175997996054,-0.41131872106491063,1,-0.5415212679623267,-0.39455070714686424,-0.837083612328585,0.01909992350665253,0.3959096572730574,-0.14252207432146297,2.5784889005068865,-0.7458411153014098
0,-1.2140241759360786,-1.0173627695774825,-0.08334410180980806,-1.3001129648184384,1.9504585446340852,-0.675446301535613,-1.5035048457475022,-1.0729397613603264,0.9008275773956308,-0.23161114072392178,-0.15682483308800182,0.5647334521990135,-0.5903512571985109,-0.4363153429127105,1.9699242939392783,-0.35187765897778206,0.9819816219024949,-0.13869662955169243,2,-0.6565952524036052,-2.134689276558665,1.2166314342319717,-0.1251904246649247,-1.09095311408826,0.30797138742105834,-0.8192946064216965,-0.06184682942465558
0,-0.6446962820272731,0.2845967133769338,0.5638200301674431,1.2441747591561985,1.7866203681290882,2.8018016790814007,0.5913373546734793,-0.0864760485622997,1.8139210645660326,-0.5495364823470926,-0.9552234716879101,0.40696080534834533,-0.7474036327567195,-0.08050077670976075,0.14528950409592867,1.2090817449332039,-0.018885123528351422,-0.4867190291156684,1,-1.8493381370401565,1.4021804140264331,-0.14387353141580472,-0.030906881117891236,-0.3941160909623363,0.7387059917169224,0.13492765908263848,1.783467000031199
0,1.3700477886501456,-0.10125369709525783,1.2716619397662288,0.12885033332599927,1.3653029538793198,-0.7020595555783997,0.5890864351821095,-1.6405884045762282,0.7770557855700286,-0.30545177481356456,-0.9327536230166966,1.3036379521553736,0.2917792510349957,-0.39305529394384486,-0.0015724089649478135,-1.2241639750891264,-0.28151842542578015,-0.18970638603074774,1,0.34753457031912477,0.015815751175332515,-0.7648324483538353,-0.09629480369559973,1.9340067078136283,0.1541717145944595,0.663504901016931,0.050015838526716205
0,1.578684989184967,1.0966904669234312,0.5950066354763806,-0.5408176567720888,-0.1283101007823676,0.6238679515941258,0.7259847118519405,-0.6361561926671021,-2.274844812175256,0.013756349700132342,-0.5991176916832898,0.5181695383456766,-1.3370453161006055,-0.4789852781719143,-1.1614424091228397,-0.6327395044529192,-0.65175997996054,-0.4711397110194086,1,0.8033962764704009,-0.8459562191600855,-0.7641242463265246,-0.13858845242106,0.931466602806941,-0.09557324018731488,0.5708635467476947,0.17188113394320206
0,-0.22941230363436502,0.12456660461277203,1.005428600949987,2.1239648509437288,-0.9408707682055923,-0.8908293513168364,0.8864257885584803,0.2805341437527198,0.19671941469282972,-0.28909671577243773,-0.35199728410647463,0.8184472152309936,-0.1843130820590408,-0.7423707553441425,2.4731104259018992,-0.4019983238590036,0.16021351411411852,-0.11842928229282179,2,-0.17159214438449033,-1.1208939167764738,1.9365046707519584,0.11975125881241394,-1.09095311408826,-2.0201108196658093,-0.861746220796078,0.4615551199884293
0,-0.8578327838289997,-2.053006934679534,-0.06783663788269723,1.1484698501219115,-0.9437198121192955,-0.6789788507749549,0.6168691116397234,1.5765800863819286,0.797917415399567,1.041652796235217,-0.7736564100067965,0.283292517719361,1.598345778986545,-0.1572265719190636,0.5160244283103872,-2.0822538635872094,1.0231040556179845,-0.33575883530195766,2,-0.09873416511373412,-1.4886599313137296,0.2225311339762947,0.05995606078846401,-0.23692252394937716,0.8429176013917494,0.03842125681380232,0.16896782039315464
0,0.6046184144532474,0.3863831581554211,0.8050357153378647,2.2134841725470196,-0.051576941499753226,0.1522888923364797,-0.7199453884133279,-1.5308784893071765,0.9008568393707334,-0.3409591145356345,-0.15499641370783876,-0.4150920922334497,-0.19784915756670274,-0.4056732150694924,0.021682167896415305,-0.2715279701351059,0.6530235404557957,0.40609861200910535,1,0.29156694801907423,0.2730645099571761,-0.07637541004723786,0.07899167115415423,-0.3832003247946247,0.9076721412049702,-0.005041762909723718,1.076292125842502
0,1.36654579737374,-0.49986630747697597,0.7345627056946008,0.7180627556643904,-0.1902189820737621,-0.7162102494229694,0.92187033378308,1.315802529305809,-0.42742233576016797,-0.0942810462482197,-0.09778228227529671,0.29489406376893024,-1.4035407956279553,-0.5737828667609467,-0.9883144561834412,0.39676491424147897,-0.42865326733644465,-0.5715838875765171,1,0.07896349887456984,0.44722289550859023,-0.837083612328585,-0.12961724196777558,0.8809250172649593,0.7101877947457431,2.0372680941613797,-1.057827676044318
0,-0.2231321148729151,-1.5417446901730172,0.03456252296263201,0.6984174414841011,-0.22990342958305338,-0.07622370309198838,-1.808188690623291,0.1814503318800207,0.21532551679976297,1.6688496083804993,0.36030532669765425,0.028268209306091308,-0.6905560690357221,1.5760593341680946,-0.6253612614235715,0.8802549383523189,0.6811063433580263,0.4814293007349259,2,0.10203749018634037,-0.8879548735299174,0.6278055889895965,-0.02231165836409392,-1.09095311408826,-0.4278794698617496,-0.8050990053749485,-2.308529234325682
0,0.4317350335347412,1.5742663641469556,-0.05495723651492557,0.3842067704587584,-0.5467819501292867,-0.5476519168924814,0.568927381274183,-0.30711006393119133,-0.9891975039453736,0.3416782822018867,-0.6407142949529809,0.5729868099649129,-0.4938974264094982,-0.4932881911117468,0.6246367218426612,0.24051353450820953,-0.03260012689221736,-0.1757034304387381,2,-0.15250035704906376,-0.5604820824652215,0.24497218817147276,-0.09679986234812647,1.4706196396065339,0.2771649585637268,-0.03126248971979184,0.6198770947039853
0,-0.6602435354154241,0.7566065878454268,-0.6155745990453637,1.238920155738539,-0.6051010429962227,-1.171359978229627,0.9472111946919377,1.5143387549541558,0.2256609072727582,-0.0059532112961514505,-0.07083681941527598,0.4215332764140846,-0.06041209048696561,-0.5807453961508293,-0.21012705187420033,-1.2057774834792119,-0.022813800753819113,-0.4312050748796515,2,-0.7839690059671817,-0.395591012566642,-0.6914699871895669,-0.0383677811039127,0.09757800959909263,0.6813748277750532,0.32177344420713117,0.8568856198652244
0,-1.2691988515450632,1.094254250701204,2.119841872599451,1.2667788618230322,0.3238898448161526,-0.4982805977848429,-0.4989818162758148,0.5602696222266088,0.47012142089988895,-1.1940385563340428,-0.6551609579913944,-0.21335237275728447,1.7247775291571283,-0.3738152248969859,1.6754099804590212,0.05928984672620374,0.5050783393088474,-0.42882335313719316,2,-0.8584200583209871,-1.6794285865728735,-0.12316952361497813,-0.1380511597627091,-0.9776376445796523,-2.466211779952335,-1.0789172493473536,-0.12266000390707998
0,0.6089974605450895,-0.5152058731894125,-0.63334901590375,1.2571898324664061,-0.5069400225696674,-0.22607894571488196,0.7850880848565223,0.06596885888049764,-1.3523992499820807,-0.19371242506819084,-0.7825517770035596,0.6946576591923934,-1.1859187298476617,-0.7199169102540831,-0.2983336790677685,1.1628499263300804,-0.467011473074508,-0.3638822218267103,1,-0.8240834433341595,0.6715267868150715,1.2745161612441658,-0.019988263254232398,0.14506816279076723,-1.0525452156076431,-0.15798589888390893,0.3155946514356204
0,0.19743480529598828,0.4887950576811936,0.7559590187406441,1.9484246004879626,-0.7197445272857962,-0.3406478867223488,-0.6651797637497321,0.49636722865241945,1.4873222715386283,-0.9370603309960466,-0.2563913860803546,0.6689387520181226,2.1918888189306136,-0.9459587603559864,0.814499608048331,-0.1402212712804065,-0.2780689887949672,-0.30253986215656015,2,-0.3368607486608073,0.049717512582178824,-0.5983747911909016,-0.12053606532129985,-0.7254718711269669,-2.1046529356185175,-0.8583558740037578,-0.0009957464810061989
0,0.25756529701946307,-0.1806487628214365,0.7232624285352428,0.6916811987374347,-0.7306138988847021,-1.1384857611478365,-0.8092942060214902,0.373255110081195,0.01772020967798782,-0.535952215700017,0.9723687385245836,0.6046477577243453,0.9967222555464604,0.19205951409730937,2.0001978499227127,-1.028052012521767,-0.4663016626198234,0.2896606166012048,2,-0.24818534752477528,0.22655252879149457,0.5316951948883583,0.029623075214713288,-0.5829003229834402,-0.3238637494485803,1.0800780385903863,-0.3597096474933889
0,-0.025728070055821867,0.8423956768693127,1.0815284396228113,0.4635928631696157,-0.2009155649577936,-0.5544649033473843,0.7251867367737899,0.164198063746598,-2.201840225395779,0.4251438410164773,0.059982367189940655,-1.1403790811564884,4.703885909764074,-0.6735629424995639,0.7262107572768608,-0.6726302657405927,-0.1429326682051681,-0.4373261630306666,2,-0.26121928387060933,-1.1947179086778223,-0.1540660416840811,0.1624608494140351,-0.372947670191383,-0.23746023884959974,-1.0241575569831485,-1.1740070221832037
0,-0.0449958089332132,-2.648569778561873,-2.193576304049469,-0.4079521220525597,2.065978366939617,1.796083598928568,0.6855095484522893,1.1477504752179917,-2.2794798243978667,4.497561614542727,2.555129821588953,0.9882822651307089,0.37454565885126073,-0.18624377524152538,-0.33215318643822966,0.23781802359758622,0.1548128708799622,-0.07087535832714699,2,0.36587387931295184,-1.3987822510503585,-0.06508195464337915,-0.10506828532954865,-0.1571681079450077,-1.827358339891449,5.346741544635907,1.3055461816400566
0,-1.4999295977471299,0.44935696190662955,0.700794034667483,-1.1924342638907,-0.5012750379323068,-0.8377883619482027,0.9793128705878084,1.2324050068497532,-1.050278944419302,0.30016312070142065,-0.31771738124531457,0.30318278192672843,1.4734722914173612,-0.5757673677728872,0.46552700681338066,1.8356461566374378,0.2817886951644587,-0.4400940164097697,2,-0.12331919060779761,0.29429702841891625,0.7619446661314773,0.03531004405933397,-0.20087785295006555,0.12457660674237714,-0.778008776518536,-0.009089119812319413
0,0.4079621470509265,0.6527131783265281,1.0281243856963735,-1.7123058432219391,-0.6052253645544511,-0.3888630501296494,0.5062453048450788,0.10297100489222888,0.03356974248057676,0.08029661543024147,-1.0882925976225324,0.616904046895173,0.3637710473477406,-0.242175008733091,1.726395704886632,-1.1468176818442684,0.04957583859640188,-0.18746935832319056,2,-0.2563537331988175,-0.09635146909349679,-0.5674151294935926,-0.13858845242106,-0.6402301387178104,-0.23709298194475398,-0.7554360044579088,1.3096505200638142
0,0.9856485903832684,0.6219295969822821,0.7007942224619813,0.5536843281576399,-0.4431680977109468,-0.5006328231871879,-0.37199910390517177,-0.021148966220317367,0.09099140045168003,0.10606062309230513,0.07726219787096994,0.0004074871177505235,0.17961028044112554,-0.44381234118357527,1.6192958866928135,-0.024162826514323776,-0.11933451964027725,0.7932632154382936,1,-0.6827322437735257,-0.20799386515536655,1.277668050835398,-0.05552939780577681,0.308905185625987,-0.37174195258591014,1.209489900038419,0.8376481855593473
0,-0.27005722427943113,-0.703643447494605,2.084228348332427,1.7752353449241909,-0.44605931964371126,-0.5512583178132379,0.0875472699645986,0.9220757347329369,1.6259407258288263,0.037903561923769535,-0.4122296618697468,-0.39664507132656346,-0.8282805414034824,-0.36671828897014236,2.257497864066507,1.0498156178613625,0.0732328581105467,-0.18977197778149368,1,0.4136471511313311,0.7101098515078661,-0.5933226190125671,0.019365171935559436,-1.09095311408826,-0.4894485093290857,-0.8296480643571837,-0.34323260169343406
0,1.1450117965033642,0.5387730321221765,1.3572758545088264,-0.2718029526346256,-0.35243623941379404,-0.8389076407175498,0.4075650564119764,0.3367261660917569,-0.2556867403094086,-0.4747166638576482,-0.05199167479067321,0.4919131786731643,-1.2276062210986058,0.30683236658676083,0.36093584266354894,-0.704261677796813,-0.04583454343353094,-0.41672660440040876,1,-0.03256039388104026,-0.8007055023408804,0.586813398281647,0.056879541014721854,0.5573676431984794,0.6308264282758395,0.7678858593554606,0.5399622118241343
0,-0.5793181373363078,0.9495828780210989,-0.43560641935163485,0.00814245508454731,-0.6801003249813116,-1.388650799277443,-0.19890064065068713,0.6894802941202008,0.8333809330469746,-0.04573921155627168,-0.2979007645659786,0.47794508119660006,-0.5073704366117152,-0.45922698116198796,1.5199048760517584,-1.7879588154920916,1.2232826763957543,-0.08170993722377645,2,-0.16991113566077187,-1.4602015837171303,0.9556627334317243,-0.018487070556903885,-0.8160380091519436,-0.8722680408785044,-0.4281563705674826,1.2471926112015388
0,1.3151904448038436,0.6183359331680502,0.6737378914714106,0.6334823613914796,-0.31050592778364716,-0.8373121641539257,0.5126301837288264,-0.6177944986575227,0.5151230181170683,-0.22333049509211408,0.8832206788765686,-0.013138064807702188,-1.78526162662461,-0.9469249200653852,0.9054295601646162,-1.0647592489049302,-0.13810912308527196,-0.6063508626320642,1,-0.5577058539688249,-0.2960545661059717,-0.2894182032787523,-0.04974098031309947,-0.16755999629752516,-0.5045546603207496,-0.25262545919308343,-0.2992465616314261
0,-2.1025469921366553,0.6800894428426831,2.0871110676685043,2.7509914150056294,-0.01638141311079222,-0.3570366065406853,1.0201404889585952,0.5520309757119648,-0.3533928366942963,0.08106742424585156,-0.6361848847799394,-0.2735338920815828,-0.6006574636708848,-0.23488485070739526,1.5758453719437193,0.26637213224859585,-0.22848805266857325,-0.03703810509343575,1,-1.572647360072528,-1.4803079329476394,0.7945742587020622,0.0749226616201231,-0.6439186760239974,-0.36821638297099135,-0.8887300374052474,1.1474236774668907
0,-1.0089797396789484,-1.4530666353349364,-1.5041148714361927,0.6229148488885939,-0.21518714295339939,-0.7212650805252854,0.39999516195085866,0.005774850231499595,-2.510951125133017,0.7059326485093322,0.552319938939061,0.0552447476677293,-0.776783042352361,0.6226177704525757,0.2850311498242034,-3.15433500403505,-0.16204458750758854,-0.5004855131344451,1,-0.32434695516406087,0.9286968749283336,1.1607047479561634,0.0427237351158023,-0.11404647329931852,1.2106315653085815,0.4323149257719453,-0.2750438344966804
0,1.6660207854460958,-0.5782618326468763,-0.5058135437038536,1.905282238326237,0.37592670889044877,-0.46141852000261663,-0.3977221322373713,1.8578301085571818,-2.3619175138903437,0.1734060346311388,0.008444743146922173,0.0862446837354473,0.32082497854899733,-0.1813830116252439,1.9124027682788145,-0.7325939811418027,0.302981993769817,0.9136665517654925,1,-0.38026371243322077,-0.8282517029871118,3.5679128599792973,0.30348670622316654,0.4453105420499727,0.812878978869477,1.533526521130692,0.3035286962958408
0,0.8064899739689904,0.32456160877924034,1.1408914825504937,1.5147023505537884,-0.47888289223682534,-1.1896762998246473,0.5864141725084698,1.6489363857427262,-1.8565870692330437,-0.0953790839750212,-0.8425011279482908,0.6288624125029276,0.9067113066586248,-0.2652156767188684,0.28863550953328043,-0.5408122736503265,-0.24763038073459703,-0.32698766110535576,1,-0.5757632403977375,-0.017066426401056517,0.4141452398488248,-0.07204915311720238,0.13471279723743718,1.7145172328808254,0.24102595053597198,0.8130784598777767
0,0.6707975167410457,0.11233014293083854,1.486138785614834,1.9062858900524113,-0.5267228673208904,-0.6652679271506005,-2.2998476344526044,1.256871040169135,-0.4813638910843719,-0.4093670187789375,-0.8439017480074287,0.7835474563903182,-0.24616754525933657,-0.4409030021440224,0.15594535830914974,0.2936189529212676,0.03692598757779346,-0.1547568668681429,2,0.6765071574335452,-0.8189047187731917,0.38410824015409145,-0.022048912935607727,-0.9015629760262139,-0.2869782811600775,-0.0007575743405688895,-0.1253382441513975
0,-1.8440307306899886,0.06648421447330233,1.2345032596480632,-0.5236317029455865,3.067336187108019,-0.7756363186134747,0.6061354932576495,0.5539393331142547,-0.6511163076199628,0.2561339500070024,-0.3390399885776589,-0.6630374786690458,1.705530405683718,1.0743002434846738,0.2198832996828753,0.18658269037973563,0.05045372747496507,-0.564351489568319,2,-0.1652584141179524,-4.219886534301977,5.481245444401938,-0.03770900151910084,-0.5466440516754825,-0.31939341083630096,-1.1941061355724303,0.5615243013219423
0,0.9704446539448812,-0.4029755649626769,0.37319600734241315,-0.12064594793690755,-0.7959482161007314,-0.8253763007049921,-0.8606755120331933,0.21850813197135843,0.2312110578838317,0.11223754699415364,-0.2789132620497721,0.6486841939947178,-1.4397452424246295,-0.43904756745345397,-0.07094807688480503,0.9545899562053,-0.04266375717981921,-0.24047302037115303,2,0.0148939588157323,-1.244375627323223,0.7817174706076098,-0.06066395153052416,0.5839139869525293,-2.97455905670037,0.031241708184641614,0.40041533805329294
0,-0.28381711648773394,0.17523724773407834,1.0939471474224705,1.4445980653382962,-0.4381729504232922,-0.8040309760053921,-0.21996516155539775,0.06822481145217602,-1.0052403285381604,-0.17782485559492606,-0.23938720903009852,0.21401379644457325,-1.351502119170912,-0.7567688494991585,-0.394583224915093,0.2904097775572968,0.5025441875417797,-0.31219417270580463,2,-0.7606078409323331,0.013826535922411204,-0.8126789641011578,0.011898579284864319,-0.7823808072629185,-0.900608374380522,-0.9027574844827047,-0.39542824102364393
0,-3.2520895129192757,-1.3187952453165954,0.6236618386509684,-0.19501537267572183,1.6963144656461626,-0.9342579402531774,0.37589052317309835,0.0067887281536934685,-1.5078565939190456,0.7796177345941611,0.7055548526651041,-0.1561575315130665,-0.1495569885666964,0.9937292859386624,1.4294824236997001,-0.033098099302999284,-0.34710396445719804,-0.6763286614303308,2,-0.7484649156671348,-0.8382155777877525,-0.7809283989062766,-0.0021588374963800866,0.3621343988596675,-0.32608372402508223,-0.49685671030473166,-0.5874224729524364
0,-0.10572931890722648,0.7587559739396694,-0.3022820787186784,1.2056911814430717,-0.07678223539928686,-0.22251915907584313,0.8112460200365004,-0.07908839224857134,-1.3793959808801457,0.34040659763738135,-0.13630956374945488,0.7983422581781556,0.6082885810054905,-0.20999632634488244,2.4379184492155295,0.054330487940344896,0.4680006009283545,-0.06432891483865111,2,-0.371524086991992,-1.4506739064925211,0.259519321406562,-0.0323492908624472,-0.4088099177466268,0.2244312668045652,-0.6938851443121474,0.7098869883145725
0,0.681424496777587,-3.6735727945534564,-1.5540443707006313,0.8938535253401574,2.1655623467806406,-0.28411665161236943,1.0531482969703454,-0.7372600361272538,-0.9772337970778205,1.7012320460534163,-0.4300400368795028,0.0493611515359938,0.34400712755693874,-0.019236869636077403,0.49756482958042303,-3.0588298028179253,-0.3792050086954163,1.1798701545495562,1,-0.5859798013986979,0.9765226796395883,0.662038614396492,-0.023528100746810325,0.7650530554319812,-0.4007164497837824,1.9303947445131677,-1.8353864729975067
0,-1.6928770073910973,-2.245967465090939,0.14101204309451265,-0.8630361157509762,-0.11529970204072142,-0.31064391828208493,0.30118897784051124,1.0372524009952069,-2.509847308538889,0.12886042308786794,-0.19765387534883774,-0.5876842991045508,2.257024814183387,-0.48341657609644806,1.4525155983113853,-3.768626662312157,0.1521788426480212,-0.2965608169734222,2,0.7463994114956283,-0.9686680091530672,0.006639037122719342,0.00853220510083548,-0.41706828557530407,-0.28868172886782917,-0.2595011291795121,-0.40239502943248306
0,0.7031896127680575,-1.6534971397082652,-1.8814896695154608,0.4532710428773967,0.1274262432286194,-0.6197768775002565,0.6658491412843255,1.4263457646316549,-1.3370439814495716,-0.13259524391857677,0.25646759036146893,-0.24498744840506723,-0.8629408305060167,0.36729952025173823,-1.6828322101265891,-0.7543677267370344,-0.48613603992482357,-0.2763076323875562,1,-0.631139428137765,-0.5760358134322119,-0.7318468495588978,0.022486144490477436,1.0963010754932005,0.7519024086873989,1.1994483362463884,-0.8400434109948707
0,-0.3697450127783487,-0.4008271873908265,0.4334499960732892,0.6177039112140568,-0.9447254666074528,-0.7581551020374422,0.4994768176361468,-1.2125871945078814,-0.80544388157867,-0.2657190377127786,-0.44790753760782276,0.7694501896177302,-0.7262064341099108,0.21647568799308997,-0.4919327634860232,-0.5999955780920045,-0.44758859044736843,-0.12233152372070114,1,-1.5143348905786416,0.11691484970821822,-0.11722033637089746,-0.06920932351851519,0.23137354577563585,-0.3568510096152521,1.0557099504618315,-0.022008926650962823
0,0.2540678677490351,-0.02676613020624763,0.1715030104287295,-0.3029180072814847,-0.3053046422710797,-1.0544473788507962,0.7025370764995577,-0.5640477260393733,-0.7213957920550893,-0.32304241709254183,-0.253247689123808,-0.08676366066022673,0.11922351439417911,0.5005111973356333,-0.7270773668881618,-0.557261040020853,-0.4271192037495383,0.4566033596676155,1,-1.87737378862638,-0.7067094815466336,1.3836889199523013,-0.12152582953064411,-0.3350144336973814,-0.6555717815028971,-1.21975314077183,0.29838734049440196
0,-1.163980800140206,-0.20460123528579893,0.6942671121110151,0.4486475589505766,-0.43648821939766796,-0.6245107560410557,-0.9930704681072623,0.2543773162970386,1.642019349112502,0.31781418332116707,-0.26713449149603985,-0.3795525809706409,0.7152070764687217,0.02359958733084258,-0.379405538598773,-0.08603048176214578,1.258264159311893,-0.2687124696870372,2,0.19814180541762397,-0.9292850201906038,-0.48044546233187485,-0.04498684726761716,-1.0441994820076972,-1.2726023434021663,-1.1371747678430788,-0.7925349081569265
0,-0.5713599875220621,0.49958257087805796,-0.8774889985131715,1.8377792526610812,-0.8029521097967789,-0.3714686878239325,-1.8583606682299982,-0.6312296732465403,-0.2516316267987144,-0.8206576801074534,-0.6670718423716941,-0.3579900823492127,0.9483857152133632,-0.26798458892167687,0.8628236385347134,0.6023956155679545,-0.3002371142754976,-0.25697352050154043,1,-0.40835782401724063,-0.03258506299730901,-0.3386367856601201,-0.04014660749392391,0.07430247284407998,0.530407400053574,-0.5119291688684712,-0.09035447232696048
0,-1.3882070388694352,1.1506565613815398,0.009508617851078795,0.6496189848348339,-0.9374251677135489,-1.5435613595205582,-2.2294369951673905,0.26174049491648627,0.5308651456282663,-0.09801326889087542,0.09926257937795017,0.6574531557319729,1.1170791864829075,-0.5928699221204454,-0.6049461073539729,-0.7415679594402964,-0.08418903435664615,-0.507113817944008,2,0.44237515600904137,-0.6197463401365103,0.7593480162567696,-0.09963419863615583,-0.22924580871725828,-0.72039376613375,-0.7409691151818852,-1.1536217363672225
0,0.466219885031252,0.0876130775153394,-1.182540154796131,-0.8053884914044483,0.5112382467749289,-0.032266320032528606,-0.565031476667584,-2.044590806524627,-2.1137055365209325,1.9270974325398793,-0.15677345863325914,0.22687680720559256,-1.1883451233519229,0.3131407410153031,-0.8032013481238964,-0.7755511294736873,-0.45180200593473774,0.5067797564554674,1,-0.5776914765303788,-0.6945291475464468,-0.7113403973428932,-0.08069000262582418,0.5483932060385065,1.6087350945156649,-0.2580755379667836,-1.319510151381394
0,-0.6484951089687823,-0.2172663660493518,1.1403680306029544,-0.7728826788273347,-0.5876743327961841,-0.028399117728018536,-0.23185794514595304,0.3076519583020039,0.9723542104809917,0.33499031296455845,-0.06268768670787135,-0.15188234928020322,0.19136235692113834,-0.7017726224076511,0.5888747686014795,-0.3491180427733108,-0.06347587334607785,-0.16196207391343187,1,-0.3677775014993486,-0.733269046839403,0.033340557253204006,-0.019130993521013828,-0.7072717165694671,-0.6565289640321172,-0.5722445243856212,-0.014770081037821348
0,0.9084434772354354,-1.5173166182705382,-0.9323979192498115,0.7255867779988924,0.6688683376828284,1.0750758382021517,0.7637371715201013,0.223233941989123,-1.6435416343377587,1.827243963490568,-0.4847931138372343,0.1963614730202196,-1.4237648564917704,-0.4265877191304326,-0.7291578054302432,-0.27860425268947475,-0.542278956287614,-0.6226490942934266,1,-0.7589062119812002,0.15899689763721034,-0.837083612328585,-0.03542575409297853,0.6622590721337938,-0.2522125380417625,-0.23280390484546032,2.240947948744407
0,1.9743337622280097,-1.8005673167626128,-1.0714651566978786,-0.5511973545974227,0.37477845328663417,0.28275143398516994,0.6902236768640786,1.1583471659886877,-1.6221225390235545,0.9306772312037146,0.3794987257226169,-0.15360881920671476,-1.2214157885204204,0.2815433174189452,3.0718704435338022,-0.3468054963734202,-0.14137568248132104,-0.11304034629401133,1,-1.87737378862638,0.7178257210881579,-0.7193772113766529,-0.033610608882071416,0.20603192642492185,0.49688771070133647,1.1146010833552746,-0.38868658000872064
0,-1.8356604860079226,0.17505023314155432,1.098932787497732,2.3051225578148786,-0.5170338246817843,-0.33218742101246,-1.396831092044207,0.3636113799408955,1.2081116338511289,-0.6063630357876135,-0.6919627440057461,0.0240307977200499,0.9963289330159197,-0.4404839903848038,-0.5152297024237364,-0.5872450163408927,0.6257680242072096,-0.18298817884518656,2,-0.40798605906906704,-1.0765310988808696,-0.530234753518513,-0.1344892642531688,-0.6205557162952375,-0.284167726892104,-0.8362340792419971,1.409257932811828
0,2.1229549536116967,-0.7547834163852483,0.9874166179630008,1.2565262276578144,-0.17177682667975713,-0.25441630360750866,1.0093658647773847,1.3712225602383756,1.9706565901154303,-0.21914474615299795,-0.02723136921930691,-0.0839146687131152,-0.08291930415661553,0.5392046061144609,-0.6826109629834594,0.16996215582273405,-0.6177116236928147,-0.23536793894230568,1,-0.44659855012494987,-1.6513101787409656,0.2707313575193037,-0.13858845242106,0.8935496528817659,0.30477207945505225,0.24952267544529957,-0.04424190309124265
0,1.6348902978514075,-0.35575062575974903,-1.2586825769619288,0.9701039165460188,-0.12235173326366422,1.0168194916074773,0.3995398241728599,0.39606394096241127,-1.0471258214169767,0.26611610810684716,-0.10402251547279151,0.4211369144835125,1.2099668953975948,-0.462593154373542,-1.0317735247472213,0.8659775047132847,-0.5440399605635462,-0.33047915052033355,2,0.09114102158707144,-0.5727125149691381,-0.20723634641388397,-0.020672158280686685,-0.05300296973454438,-0.4464954417642646,-0.2818841223375428,-0.3595806969757088
0,-0.13473198423837165,0.5396171468114411,0.2439279374011953,0.2684567181254425,0.9265422760042812,-1.371193357284977,-2.5237686483310817,-0.3733898504633634,-0.19536727800968556,0.08312891418091001,-0.10106590741594054,0.5119877159021187,-0.8121424122430521,-0.8200769535302347,-1.1203888082393179,-0.7002021369659032,-0.2869276572081636,-0.06203251994034745,2,-0.1804700292571736,-0.052097222300332424,0.07774242792609604,-0.02599029055256699,0.009812940474412446,-1.074694788888435,-0.046995211458271235,0.2675550546995436
0,1.2416938441884235,0.1511224449558819,0.14418881410045198,0.8447164229474708,1.5647438442533197,-0.203450849399108,-2.34767291334744,-0.7805241717314328,-1.8998568634332231,0.5809343978337626,-0.046153322175621514,-0.46360052431118226,0.2537787955415132,0.09619531168352019,1.1909934236837245,0.1326413645413634,1.2056606603026643,-0.1491089601814511,2,-0.09272182121143324,-1.3343896486875702,1.3220846214547821,0.0290040715025794,0.2699141476834364,-1.5191096013882752,-0.5103471511426823,1.0817934955370725
0,0.030554792129844188,-0.32431094374453096,0.35171569436406297,2.3865148982374977,0.5048863813899973,0.9300770853306776,-1.6449915811120728,-1.0582093975468772,-0.3585700806530953,0.2797619820386845,-0.5143420609435208,-0.21171744224717437,-0.8377048116989356,-0.8347685765438742,-0.605461981843679,0.522381073247581,-0.49294466673533494,-0.16381667796726407,1,-0.9740933935233858,-0.5808429234691538,-0.26189869515376807,-0.13858845242106,-1.0237069220941617,-0.6869381905830081,-1.112781451820705,0.4630499651363814
0,2.1747310031224107,-0.061412613204617744,1.954920573282335,1.0313837498645246,-0.45724080479575935,2.046558670569792,1.0804451988588717,0.5578693005322487,-2.1389635904130726,1.3550667960542482,-0.13761417483144955,-0.25411855381526127,-1.0975262686361877,-0.3716056666866294,1.306999787345704,0.42930602507000687,-0.6335568778400658,-0.2646461418555039,1,-1.4873016986306329,0.6721559868521441,0.7376343527606677,-0.0504227856822809,-0.0035945185832616244,0.44276483816852263,0.7148014396796014,-0.5813050174503811
0,-0.9214596174534155,0.9621812080881106,2.072151181009075,0.7595924386062146,-0.5119583905724849,-1.2588099179536543,-1.8531813677206614,0.8474141056153834,0.2774366021088982,-0.018833808311927713,-0.6601985632574906,0.59389483297212,0.23216399802683638,-0.293376100419684,-0.07719233362551275,-0.0979355429202482,0.04831809261825579,-0.4233363135473664,2,-0.04014862205042338,0.1231103157616582,-0.0213839294008355,0.07816427183375035,0.12093280017092461,-0.5110228822667928,-0.27323332039502624,0.47297022101228536
0,-1.2982107565987497,0.40310920236863534,0.46714878636962076,1.7422599225387407,-0.38505368809247964,-0.8508544752797762,-1.167103955552298,0.10306029999182698,-0.4999540006488487,-0.9062380386180015,-0.8250631353976081,-0.3775521923693122,0.86587739890392,0.03581457823645162,-0.24420374381468912,-0.1893135668560616,-0.32724372324311324,-0.18310085057720019,2,-0.7857863046211961,-1.2406523169461878,1.154445116976198,-0.13858845242106,-1.09095311408826,-1.9359100088183865,-0.7165979586192028,0.6471220898627342
0,-0.12152131984841474,-1.9100584822075297,-0.7845377407444736,1.026939667987088,1.1280717555584208,0.8684214768822411,0.5434117409711987,-1.731227419962289,-2.1502347152143493,-0.01580696858354544,0.19406119513644376,0.04826002795439538,0.01855751690190699,1.0330011127656793,1.6427048367479047,-0.06283036076849546,-0.32012618080458644,-0.07860987247328616,1,-0.7249331382957238,0.7949112749596946,-0.6852387866379724,-0.10843764982381461,0.39254291337035707,1.244318323352606,1.817541153106749,-0.8369340039033792
0,1.714829170626299,0.6868432764497673,-0.5258420381586626,0.14436556712387866,2.5278731747281737,-0.9907630666873879,-1.0478305281921112,-0.3778890637905553,-0.3354916611713041,0.31441833387034746,0.6585306627271049,-0.25620436998201424,-0.6535009832155765,-0.3382690192858364,0.8228457568061248,-3.9245115892759905,0.2737138285844643,-0.6017251510296793,1,-0.5270427799144024,-0.8719695396368343,-0.06013318665942402,0.01083928798924473,0.7682550430794902,0.9949511245528575,3.1545323682238466,-0.3907703492536257
0,-0.6910935526638061,-0.2658839926294204,-0.606319279937777,1.744045096732401,-0.47967872518049337,-0.24260866904048212,0.8705671682418775,-0.39207767617392925,-0.45522203699669095,-0.20735425082309117,0.049039552443372936,0.2230646456915954,-0.5702070824063608,-1.0982841090697817,-0.4742529080647717,-0.5645214529863924,-0.5010893441642152,-0.15635031824789308,1,-1.4090075167351614,-1.1084708881979382,-0.3028088609277452,-0.13858845242106,-0.09483431977648454,-0.6093919734431467,-0.4603400745032994,2.401135757933776
0,2.130296855814268,0.7123995471701259,-1.2942622641498043,0.6781121257356474,-0.0497790517719287,-0.9105780518820058,0.9590663759022124,-1.9479122837835465,-0.32324182485974984,-0.5139576163646055,0.05832872083240298,0.8363961904832808,-1.0856498536658097,-0.8188790697895783,-0.26772894596884683,-1.106897795962905,0.21911673034486245,-0.39311951984598137,1,0.48047719051037396,0.39282267972220364,-0.08450462918475946,-0.1048041950525431,-0.02520292372034766,-0.2779436192484737,-0.11049500784344723,-0.20717210294704663
0,1.175602411303738,-0.2651312128940022,-0.019681149184328794,1.452965951355338,1.2066225634043912,-0.49655520060941594,-0.32744331596300386,-1.499181909219216,0.040284299127269385,-0.5429110973607236,-0.2808910025826616,-0.4658722327974809,-0.36572292879386104,-0.1900735446544349,1.0360814749660974,-0.21982276330154993,-0.3703699407283733,-0.19753679705731353,1,-1.2794567338685043,-1.043345587043054,0.18190076352743426,-0.13858845242106,1.0161851894915523,-0.19156030830165993,0.3716880554179375,-0.2391357544848074
0,1.0205345449014125,-3.0478734986550218,0.6782917541208009,1.2345367438147368,0.8287570844909904,-0.4597614970003633,0.44899729469983307,-1.1962556684074956,-2.0364666380632888,0.6385769942375406,0.8771780461485545,0.6039451912082429,-1.2791870558179625,1.182605530704832,-1.3056237083617637,-1.8883735263870034,0.2462722431282601,-0.16390860716263206,1,-1.2078143159201336,-1.072544516550798,1.110994040027201,0.03769993164434128,1.0207257249229689,0.13015455826281924,2.1822886947916214,-1.4548788505400259
0,1.0335900388307284,-0.07307792078038189,-0.8828803764757012,0.6512861948607284,-0.08241425888553977,-0.42629903037995287,0.9057587664922291,0.35779038673345803,0.5711815034814944,0.22756447118282963,-0.2592574318365232,0.04821914006878031,-0.3245221665118236,0.33027621439390686,-0.2834862505367076,0.310905996431067,0.025030523380761033,-0.0564728364971164,1,0.17455437166892296,0.0746149664752922,-0.7592311546830451,0.09362919823571385,-0.18223678430985057,-1.2611078979776709,1.0040958973747067,0.6618001070066165
0,-0.51075758247755,1.3662117323002065,1.5300676758716598,1.7030223747477788,-1.114018875369352,-0.5765666532228971,-0.7750935432357565,3.3633409171528053,0.4544977669053169,-0.14346754916886306,-0.8367062669213685,0.4120847505560774,0.15540734213678925,-0.7172239105507502,3.056358119724976,-0.30832662232975644,1.7873677396502214,-0.25070689187627354,2,-0.016213590254532867,0.298435348848945,-0.4319659492917734,0.19647180452551946,-0.7066463991840652,-3.1416828244668897,-0.9775204968462317,-0.10666088811083323
0,1.084153001289181,0.4733614275751591,0.36400890838504435,1.0227018040878102,-0.5726424073833336,-1.1545515891978217,-1.9292921726663517,1.9896673948615131,-0.6140315626420096,-1.0670670484776863,-0.7750750910647045,-0.005423097889420747,-0.5824064830131754,0.09086699712203339,0.6201704115965065,-0.5983141765912884,-0.2034729485866808,-0.5025944455732905,1,-0.14780022670669232,0.09531135881825736,-0.6679727672348037,0.0950153880537032,0.020932381521190507,-0.4819210755892322,-0.22647570570724124,0.19438773310184113
0,1.603552274502023,-0.4617667458134894,-0.24194126985547204,0.7540540207251619,2.5503880545691158,1.7535260107901827,0.8564314527306651,0.9174986970508752,-0.5734917804466849,1.0501686590084975,0.1090377212091393,0.8097799734615136,-1.5176880112806783,-0.037181506280607624,-0.023579756403399876,-0.15254912789590713,-0.65175997996054,-0.09436304735390103,1,-0.43565804272787345,-0.6950616877546822,-0.8000304732861397,-0.026586444497269865,1.3830045298412752,0.07651637712708034,1.315474551187863,0.2517204543837174
0,-0.7546231330597286,-0.64093494496541,-0.03083222102256522,-0.40283739654533557,0.6607661014837218,-0.20991539226845962,0.874503698509322,0.5756672903930679,0.5931124944556039,0.23687602342008732,-0.05803047857156313,-0.6226406321141528,1.1481801722084162,-0.7410827134666719,0.6311568516833883,0.27225164378335476,-0.26939784676376044,-0.30422092286904856,2,-0.5313163440752471,-0.6391278903373581,-0.5691819975163839,-0.09319881684399642,-0.1740941906216888,0.30997131897699287,-1.1098006645725826,-0.5855963572203435
0,0.7140079563824576,-1.246654876601596,-1.3733724387524942,2.2189584152772834,-0.22413294068820475,-0.45534354210316863,0.8147968392302991,0.34601046697564564,-2.56255437426394,0.037320997989603866,-0.5098041307344022,0.37534022325710176,-0.9277609708607016,-0.14720842410153903,2.615595771414566,-0.3170823206072816,-0.5011359095479527,-0.436653076044048,1,-0.6185494151634275,-0.07005461615607367,-0.22343747896068067,0.053530836558062456,1.0326441991930315,-0.22204837528493152,1.7460571199052444,-1.6256904022492995
0,0.6789812322249295,0.12273701008021304,0.947112034323919,0.35701621980960707,-0.3537013478328502,-0.47323993597763675,0.597393217343041,-0.3920241137943774,-0.02239398331102943,-0.7012096728073443,-0.12854457276497216,-0.5368184119589594,-1.2037851014131367,-1.0961058067390872,1.2199938820542395,0.8427376782575685,-0.33310554613286764,-0.4395443841638044,2,-0.5593376442650482,0.045988579444993016,-0.6052539952955722,-0.03804693189069197,0.5673504010403301,1.5783489323866422,-0.2942579193740106,0.3757342079182145
0,-0.11363752265685245,0.6782765815787608,1.0365830514590357,0.7757633495461455,-0.7558321285229226,-0.6510023784431663,1.2414663935597814,0.28535134648227767,-1.5403666494673467,-0.775440425351909,-0.8248800766422508,1.1720622140798982,0.473698157352269,-1.1405723671046482,-0.2192880574325211,-1.0460701748347887,-0.6279820909110586,-0.3949568802967742,1,-0.09197155722910215,0.4822522332970279,-0.05770310215177987,0.024085036626597646,0.6117851412895482,-1.5245595612900433,-0.6122093028601052,0.5324807784256349
0,1.050398844544511,-0.06025078815195253,-1.0394642284930602,0.4708107930445148,-0.33630701519684614,-0.0590786926418444,0.9257210525168766,0.7079294645538948,-1.3656994733038883,-0.03541859530017802,0.22869264515541388,1.0691398646846264,-0.7181280621532322,0.5234748458830768,-0.5083477284333998,-0.19260981992559334,0.31387684851940056,0.09098326971617623,1,-0.14580723557009956,-1.1826427144926983,-0.837083612328585,0.3029921535447927,0.8779185457427723,0.9569106658334159,1.5657204933964732,-0.2971719165366794
0,1.4528328307553915,-1.260968080266851,0.01843440814172903,2.3709765175942397,0.8553343818852607,0.949680124850999,0.813717022791888,2.9254115089447303,-1.6536082198106268,0.7021579309157572,0.35764880473884014,0.9805754221804797,-1.4252264270388255,-0.34597183423000216,-0.270570034021865,-0.03435752431559286,-0.47152168246699044,-0.012397320812737034,1,-0.5697440738980148,-0.4333304486911256,-0.739411750840157,-0.019826144138487656,0.7285129941433258,-0.20555937279010542,1.266454897781984,0.016618638715456435
0,1.8330820224422908,-3.1439137630446483,-1.6264196846006278,-0.34259062576663757,1.5516680284490323,0.8164082152629778,0.7915891879817487,1.698121384585831,-0.5204268328211563,0.8008745986110589,0.11569657432226839,0.9891340435404261,-1.3234313783970526,-0.2749039747777672,2.861033833366348,0.18213811065314878,-0.4878923075676808,-0.10005573763483208,1,-0.8726684788325481,-0.584513042047829,-0.11496112001232439,-0.03259614376086363,-0.33072197641751716,-1.9557911399702914,2.1055520579737363,-2.31159320995854
0,-0.5492207182135568,0.06255547210797574,0.78488977408389,1.3122342340247517,-0.8119542917503086,-0.35365430851226853,0.4337600658310147,2.0993051971537877,-0.07773399766766281,0.03221220493638363,-0.8007041545568102,0.6743137834007428,1.6438063830775413,-0.9769682782469785,0.5135377764197013,-1.2667641501859785,-0.3592697907410929,0.08430101431636455,2,0.09201144137130007,-0.1757693606368366,-0.26516976988712565,0.03168014472381833,-1.09095311408826,-0.38429090893690465,-0.2797381158253195,-0.7058263686367015
0,0.30554607572886183,0.44561946967496896,-0.34873238982995125,1.431014058705563,-0.5233359924579396,-0.9237565257372782,-0.9207333853720364,0.529772285994773,0.15172303226689,-0.6177081392101214,-0.4505860779557964,-0.006119187694201472,1.0229051895539838,-0.9123205110497598,0.946330300355682,-0.8432023556438621,-0.44802513235932834,-0.2848882671514753,2,0.15816602897712023,1.3186997916669656,-0.14342665905096277,-0.13858845242106,0.08033666430297164,0.5289754836312537,-0.8936674129480163,0.930946724962161
0,0.6387199416226954,-1.6041944941955268,-0.11452188879254344,-1.902385434145521,0.0736368677640443,-0.8185912657242498,0.5898766630420558,0.2851929585357801,-1.1030823186264378,0.6559652994337881,0.18453342372961645,0.22784498781389723,-1.23475773999426,-0.14694422406903368,-0.8042469465808142,-0.5205323870268048,0.007262180116507533,0.006890449808759469,1,-0.2592053310873687,0.10002479092832639,-0.7320971680459145,-0.10541383229028344,1.1810549921074156,-2.8457303364685345,1.0508572689892934,2.133451681562211
0,1.2212291379446336,-1.0341202411050279,-1.5474243385231445,-1.6261058801010329,-0.17591724082363921,-0.22613367719784444,1.0076720457882384,-0.867923592595186,-0.022032731758186944,0.419599037174067,1.5685157739413131,-0.002701887265510544,-1.78526162662461,1.5004583268367546,-0.5580240790403599,-1.1817303590877184,-0.14726739046413756,1.6512282839127315,1,-0.3819950089814615,1.6657960574453026,-0.6382092558588127,-0.07406586897071285,1.0099122892521253,0.0939926282630813,1.908503787812477,-0.47968933873014874
0,-0.23800874445899506,0.32786356488709684,1.4821784766807393,1.6852137599180597,-0.9193019581325117,-1.241800702853889,-1.8209616859048223,-1.1717590459987128,0.16250554917316146,-0.08370542050657875,-0.7642955345074653,0.23138989822161748,0.3896395998027556,-0.044745346934507185,3.267367050518362,-0.7192374734035012,0.6505646862505036,-0.6671354900327238,1,0.35682461995398573,1.2680218932810818,1.0633160334366698,0.22909062908926708,-0.044269678917866734,0.13502223496589827,-0.019054622756080497,0.29450274132903853
0,0.6129750034501436,1.035773943013234,1.1904194679850464,-1.1853280045884025,-0.8805210217090415,-0.330163144566201,0.8053868018184419,0.11762524899989979,-1.1475964421717828,1.0069690165663907,-0.06891173518094952,0.3797284905613286,0.1104201015196421,-0.19315678855792004,0.18916193470416937,-0.026518137700085154,0.6201197125458877,0.6111343947624794,1,-1.1602672388478887,-0.3366694441726774,-0.7841498909999864,0.11399103597545135,-0.8752262045902004,0.04806207315209976,1.93164396548783,-1.2072114095194328
0,-0.28592062922698885,0.08864090137914511,1.73662843733311,1.9562355259786621,-0.8892351644221461,-0.5673575329371887,-0.3812259714362927,0.2863334275137664,-1.520889006523916,-0.04839243243080704,-0.9587686242634347,-0.3273493675592627,2.557463341265037,-0.7885046575966225,1.2464273358920428,0.6197495310703,0.8458020831943367,-0.5853800681330215,2,-0.30900339719049397,0.12254339728704779,-0.837083612328585,-0.11414161755371979,-1.0704046069303184,-0.18631062905211776,-0.6602396274361146,0.581522939249026
0,0.5841981559309707,0.461286805334731,1.4266841251015088,1.2470519456666647,-0.4861131855001771,-0.5770241099470929,-0.646276714653311,0.5671442293757498,0.4484185885276488,-0.35173022245622876,-0.46435151831251165,-0.9196238486528059,0.3119944115590581,-0.005046841655271778,3.1871621373777286,-0.6847874031065405,0.35354883128707126,-0.5390138963787773,2,-0.6468621091196749,-0.530726646855519,-0.7736028661377913,-0.04784195650449723,-0.5236505633970184,-0.20894945573846962,-0.8676000099752605,-1.9291786549128247
0,-0.45461054653971067,0.1929654272916611,-0.1520034814521217,0.6034998879018607,-0.13737070905765442,-0.6887942007164899,-1.9998318918261453,0.4106621897802406,-0.027495061919837582,-0.32564453220758527,-0.6489782460509533,0.695322790204691,1.0965083378381648,-0.08963782609327764,1.0907163727489881,-0.3329574321171528,1.3362961022875623,0.13954268575572826,2,-1.3124202195531938,-1.1425757377956358,-0.837083612328585,0.17063469773031154,-0.7114162332877896,0.18203822769617067,-0.40803726848285493,-0.3287473023390183
0,-1.5141225168435044,-0.7823688753275037,-0.10625524283785623,-0.05273553312561613,-0.5675371845932606,-0.6941955007117897,-1.556035794278153,-0.6163040064679247,-1.038505180944775,-0.5337229622998731,-0.05226577949257995,0.021732575624416273,0.0657229753784842,-0.3360983329974834,0.42811950762551265,-0.9507760314871263,0.2101622352798115,-0.573279883295197,2,-1.0744718810424643,-2.024842642078207,-0.6670890415668901,0.04556401721646186,-0.52582918280913,0.1447934194371838,-0.35600096973869416,0.7504274564135909
0,-0.1439597243320478,0.23532544558199964,-1.1621186278205269,1.3214819174236658,-0.9825001560288497,-1.1515494936513053,-1.8296699094241693,0.13430894436949992,-1.6976281881741566,-0.31228462664873646,-0.9735503511141362,0.094242943023287,-0.06196903618030303,-1.0711433974670066,0.03965350095769349,-0.8177940213620043,-0.08625095837612663,-0.05225611646413175,1,-0.5394560722346348,-0.4622883751996125,-0.8231353647691018,-0.09254521729924611,0.2904256178738164,-0.4610574761618201,-0.5339676571700388,1.077436960967971
0,-0.8438035254341776,-2.960905324585156,-2.3523917103380194,2.0329335116189973,-0.30324689966514395,-0.3049497511735691,0.2490688149581589,0.29291749335934997,1.0295379529873587,-0.30617673286576064,-0.020751744132460864,0.031778972766162795,0.20666886597036727,-0.6884116903438431,0.5970124915273348,2.127883095412093,-0.5232370154394147,-0.5616705751745565,1,0.8205395433367074,0.1968010810946346,-0.5736294221702719,-0.046526013526358795,-0.4364914168293827,-0.4761954286658738,0.046611129323744754,-1.0674017538785916
0,0.5972781907797918,1.00554194588116,0.0018407804193915633,1.3813420285759137,-0.2638383244211329,-0.7552063148442487,0.4420948134820261,2.7159360154015015,-0.7024621955296619,0.20937064807397746,1.060807791897922,-0.09275470334789684,-0.2470976484113153,-0.7150409663258719,-0.9238934185727169,-1.118552654046712,-0.24603091846764952,-0.25851755319250863,2,-1.069014081880601,-0.7688326610197608,-0.24674918740624696,-0.008132233760825225,0.1876707245511865,-0.9612176432895785,0.6933404032916691,0.37458493311294855
0,1.0498960612223933,-0.44476030520663484,0.23047318408210024,0.14712230007384375,-0.3446320151110868,-0.337763175653396,0.7012300089375936,0.20449463017346498,1.6047703048537982,-0.8141840662515734,-0.6212349693063172,-0.16241235700225032,-1.1237890971937252,-0.10735509429622628,0.6282032848072604,-0.2636861297935481,-0.2471568343184196,-0.012793030124148785,1,-1.1163399277477888,-1.6745664615617653,0.1897009701242509,-0.05232157196690201,-0.28883836928558154,-0.11280072390451881,-0.2562692633092293,-0.23227552316352715
0,0.5788888983402438,1.0345014696957555,0.5599486780627608,2.184919187048031,-0.8325803865532077,-0.952374984356753,-0.44248514792040117,1.2791154966090719,-0.16321441988093982,-0.8292856149468557,-0.22765816314812576,-0.03266105016373157,-0.20705406006695637,-1.0696145974819502,0.7457217163668506,-3.790922160621985,0.16991385962444347,-0.1310034331934966,1,-0.8527655766405753,0.029165754544031475,0.7549988416231302,0.0002999474693605522,-0.41445431803089083,0.03955864777211354,-0.14253137795344242,1.038765185549229
0,0.6716397064262827,-0.1979869934276775,0.08601561797509372,1.199358652831528,-0.40860421915138595,-0.10667237970485743,-1.90040696098286,0.032458912229679227,-1.9538681313535387,0.41450834774621026,0.2232321123785451,0.20743110675167487,0.46401130736269514,-0.38903168593350756,0.2679730621566436,-0.8383875616743929,-0.356625994032166,-0.4301315181803199,1,-0.5573174586984803,-1.288391928571571,3.081116921322538,0.2648964990776682,0.1317286162890876,-1.0497283255209897,-0.1883795057513321,1.096821766211975
0,1.9638260627634438,-1.8270463997393145,1.026768701920854,1.2937588704406258,0.25741512824852003,-1.0129910639284798,-1.7243507532553868,0.5572188780658507,2.260075396013667,-0.6739492450896614,-0.6232547190351234,0.4727292827585857,-0.31295668301023627,-1.0490163356124658,2.7850179904303753,0.6689887905861974,-0.5455360375964492,0.65078253784211,2,-0.24704732247587233,-1.0982569618487519,-0.1642296700368575,-0.07791715597644867,0.4544802256617209,-0.12210206072294999,-0.2147635844471627,-0.03379883962757829
0,0.4720249526009481,1.0462336308315707,-1.1577414932654784,1.9281697198706693,0.00032608798346644985,-0.1676210049782189,-0.8308619918687059,-0.40163048532917905,0.7944777708823746,0.06337212697991723,-0.909285291650315,0.19461912934598602,-1.1587110858538778,-0.8042497337876744,-0.5445185947354199,0.24650135257694314,0.12003471648116407,-0.4032627372010806,1,-0.29151368946980927,-0.22963153174000717,-0.6148914689079922,0.006301290196994429,0.0672871373714794,-0.15615665182444374,-0.27004963990750086,-0.2412571172393279
0,0.711929439741862,-0.16763555189232116,0.2558554040206221,-2.3088629018830424,-0.2604449812007174,-0.43563919473522095,0.5256472987744503,1.6994535951438074,-1.164554780870069,0.2973762560630897,0.1651152796489086,-0.9268541562847373,-1.2461946025153878,0.48608875557119685,-1.4050299763402747,0.4757679429046186,-0.2755255468597373,-0.3253338590635416,1,-0.8905962636949478,-1.6831498154250268,-0.5479671637795727,0.06214817020369251,0.5425070884824504,-0.1195606501171469,2.2584665460977904,-0.21308324059742006
0,2.1702230093236623,-0.3205336565124884,0.027892721564409806,-1.8641336794199022,0.17106499593439256,-0.33799837769988716,0.6715844075501025,0.45532151983980673,-1.3040478507553483,0.00804456093497885,-0.4209464451082946,-0.24958295469187355,-1.2856121623324843,-0.37798158513769126,-0.3516960778034253,-0.8874185617093504,-0.42683354659965955,0.5733462626372405,1,0.19115182703896977,-1.136640589449674,-0.6071974757258315,0.0016635415948887747,0.6152867535872152,-0.9015745626989231,0.6727120759987987,-0.06888398536756822
0,-0.3121037198763657,0.6717037576765931,1.551605911800384,-1.1222102058183863,-0.6277994981756585,-1.3254495539888302,-1.939433278795328,1.0247665527211656,-1.947902420250041,-0.292548495483531,-0.49424685424512543,0.4940580865957585,0.5201889901802444,-0.3732798022068965,-0.5458325880766675,-2.8833593958185855,0.4118994695257748,-0.5741683043096886,2,-0.2767366262504068,0.9648639733789965,0.6358905448721158,-0.0255226851402166,-0.6747150688184901,-0.5026511194670839,-1.0723727765592077,-0.09042985226534439
0,-1.7732692321079908,-0.03065549010864188,1.108457176766935,0.135190404001254,-0.4391183590122355,-0.7715705130980721,-1.1259486221170607,0.5223399221029867,-0.33842758518341154,0.6600315741740089,-0.39507264228372985,0.6499154795506455,0.8096827592124789,-0.3824004831531579,0.8877987322004298,1.9975049841864227,0.4950948541914737,-0.23848955900062305,2,0.30252053666095946,0.0947547337438282,0.1253022864664225,-0.04293131966267685,-0.9266163304705107,0.4604511971741865,-1.0713755853499025,-1.1492691948042346
0,0.9031804876845198,1.729081875702769,0.9543421821145324,1.157999367223253,-0.48294109807896096,-0.842160495375518,0.5405292387176386,1.0450816358130053,0.12185275973906218,0.734635425260374,-0.25218037263800375,0.8958720641429603,0.361989890352092,-0.5171393366211787,2.940651032426137,0.8952881400865844,0.28946467243830076,-0.4385815562702439,2,1.6419514599354748,0.46584926487905043,-0.832663559633402,0.18127473010799286,0.09253920354691353,1.1173248308366104,1.205694609455278,-1.1622392740375982
0,0.36666426606661273,0.5980558820378022,-1.459173041487514,-1.613570284009294,-0.287169368465141,-0.8770391731822833,-2.055533402160556,-0.32917538407737873,0.7476206627320972,-0.5505603963073027,0.14630573598641194,0.4480185950211987,0.03321782853066013,-0.5411447714889142,-0.04254829799628457,-1.1895961433674165,0.1914684661369684,-0.0433072804362602,2,-0.20301174755777507,-1.4616134958161207,0.18451713772251985,-0.0208762841354768,5.519813422845575,-0.2739499721865917,0.32387907939604943,0.7646526466052206
0,1.0374985656267883,-1.6069721360093532,-1.1114572264113947,-0.057461784361613755,0.24521379157056652,-0.9183786533025244,0.9206974145197103,-1.17522370748283,-1.1654617897935515,2.599045004758037,-0.26041116655957286,0.6218750789285568,-1.78526162662461,0.11093185534093772,-1.2817785531097496,-0.9733551665218134,-0.65175997996054,-0.03342845425600904,1,-0.5706654548141004,-1.3455202924682066,-0.6555970034978345,0.1523045055794522,0.7108123825383013,-0.35123658582383227,-0.05750878916540059,0.8504896133164036
0,1.0531493008184323,0.3251768220864347,0.26823623391909657,1.8151634755846788,-0.3138611423247429,-0.2451918041903543,0.6297788586737615,1.457579839791535,-1.6382959618338298,-0.09511895980358792,0.12429241681073344,0.062093525143321504,-1.78526162662461,-1.0318580114763205,0.8215385516650526,-0.5851965833598325,-0.34063032904254215,0.03457560617156422,1,-1.4548454947169107,-0.900033704769746,2.630646266980703,0.03332431351570915,-0.8343414185402973,-0.2547787156996984,-0.35460787803715,-1.0522062051086487
0,1.857704262988825,-0.9209142499033156,-1.1506914814273403,-0.15300181806563662,2.5076381622697372,1.5180600754601459,1.0979987137843787,0.3810468863229505,-0.6559228776167698,0.4310108923557884,-0.9438357834260072,0.8875087879230146,-1.2578264492801412,0.6139057654096148,2.210886465768904,-3.0740264472141217,-0.6114024388897084,1.3851702764110343,1,-1.1823310680899233,-0.05915958797921758,-0.7221007874776497,-0.031842392555790466,0.023577004019241093,-0.1501746834347948,0.20281863261738053,-0.7333170153315995
0,0.353551242281557,-2.220580905146355,0.012957527628524645,0.5627437189663159,-0.285595359974267,1.5966940762120183,0.8063041732237223,-1.7005702429408924,0.07904406572537415,2.057747657155171,-0.828343148819384,0.19863228963005317,-0.34955430343758115,-0.5512193109827647,-0.4166852079690282,-1.4160026495714066,-0.65175997996054,-0.13379819766805884,1,0.7009048017044793,1.3897444198872249,-0.837083612328585,-0.06552065796900046,0.9009662945768618,-0.1494194566978077,0.9920540479890338,0.6449834684535953
0,-0.5164232075881265,-0.12946920449581822,-0.73663864615869,-0.21260273086126746,2.4208625296789896,-0.3906249750808106,0.4997612749793724,0.9929989146356317,-2.3826523380902733,0.7429163259089011,1.0616351701175741,0.18028731437766513,-0.2286257089419713,0.05096557964324766,0.9215232535981118,-0.6018845728608558,-0.65175997996054,-0.41720439335054194,1,0.08638901997064558,-2.150569889413538,-0.09567343971042763,-0.13858845242106,1.4966771149980662,0.05857722684880967,-0.011185943719327684,1.8816484884484606
0,0.5742992639000761,-0.019043180468074183,-0.022510969157175098,0.8484006958537529,-0.8200130976974747,0.3910858187633286,0.6958175740723938,0.9408639360809564,-2.9474370508122165,-0.36969446054967015,0.6434730474632252,0.9066656705002829,-0.9973955286330831,-0.5688272881435101,0.9372351578247848,-0.038651957303755535,-0.30173230662821887,-0.20286605934270271,1,-0.8475398564169854,-1.0773185038400777,-0.8319211976140078,-0.04186877620690255,0.029201824735045345,-0.08161318962700304,0.9131517935704165,-0.10026680077336769
0,1.516683026740321,-0.5392953800020295,-2.6534479915234503,-0.5615898058411293,0.20016798447441742,-0.12573921266719196,0.6010970698970877,0.2911863281398467,-0.41572948484384026,0.6282620821968508,-0.18052029018253724,0.31926311281982056,-1.25259979859426,-0.15022800227528244,-0.8160881745995673,0.3397214210235679,0.9427580592362415,0.8527124610667344,1,-0.510764446573392,-4.016554670048722,-0.8325808097203387,-0.02890656925196729,1.418649767557562,0.029565639390952136,1.6704500199564336,-0.6461289947098643
0,-0.5881314368626578,-0.01573089383409551,1.4871158804246023,1.4150172092259763,-0.34495499282072395,-0.8580461650349029,-0.8420961230792068,-0.21952682998837547,1.0501348109845492,-0.2823526780082117,0.10053865992059768,0.41328516587404407,1.1714443031980026,-0.3545568156232178,-0.06064391818820569,0.19692668851722878,0.07474205241643862,-0.3577204831090791,2,-0.3872593171602004,0.004844324135834244,1.9884966774799753,0.1023570302970949,-0.8539710960838384,0.8515049343832237,-1.1435468609602761,-0.1352779432740432
0,-1.036744181103923,-3.101225508618703,-1.2695612990713854,-1.3750926165956483,0.05702115292028648,-0.8212228495564218,-1.2143660147691642,-0.0728612535759167,-1.3950470510739783,0.8896317628250903,1.5894158325974082,-0.2608527190469328,-0.6959809295757955,0.7247677971451336,-0.44684689753279805,0.4911931717425469,-0.26547415801137964,-0.39814309956671423,2,-0.11104525309942989,-1.5331067846881465,0.11568099553467914,-0.07633274721709266,-0.5061180370265022,-0.425263135110175,2.040126010340514,-1.5671420554338045
1,-4.594785929413082,-2.439324433606001,-0.1312859629480626,0.36205961657105057,3.2229102142638317,2.474796213826635,3.0266375757193775,-0.005321202377121359,-1.1593687150990353,1.9344645527218272,1.1349375134265347,-1.1016843064232735,5.98529300691807,0.3497504455470358,-0.2363616495209031,0.5025841260671796,-0.3559571453216907,-0.11978153197259225,2,3.4116319648553195,-0.6822727999560538,-0.837083612328585,0.1622179212643458,-0.8823598004473286,0.04051309911899614,-0.9129170149873427,-1.1027278357440236
0,0.7605631589530681,-2.457333965553013,-0.3506865321196759,0.3385717645399432,1.0492385119185645,0.09319912329958922,0.9648959704941478,1.1778297252190033,-0.2954518234975254,-0.0168231744148023,-0.5484628695683793,0.4580267353354404,-1.2356706289443167,-0.11492061581164784,1.4229064716806874,0.5824252162133361,-0.6349889308198238,0.286365094652396,1,0.5861700304001594,-0.31935791768639576,-0.7391749464424202,-0.1112457631478915,0.3820124651207978,-1.4244009294720532,-0.0560816939484719,-0.6197482344114706
0,0.7117926462756545,-3.0300683838688895,0.024332563785101062,-0.3515586716505171,-0.007403214552476152,-0.45302695640839896,0.6657240343632875,0.5419430158577095,-1.0288873397832963,0.6350567828102691,-1.007653445944681,0.2921412116879875,-0.8938932753167225,-0.3645514916385795,0.2687904681558668,-0.8706532474061169,-0.5458719261518226,-0.319521833577037,1,-0.4369076466825834,-0.141846579536063,-0.3212167894298684,0.04185087371301485,-0.17590708931417276,-0.9786892667524258,-0.7500142551215752,-1.2584938404070511
0,0.4020901363982878,0.4223099227113698,0.6592216916990897,2.0840746075322394,-0.15557739487544744,-0.9058018279630473,-0.013130138072730002,1.0602239031253335,-0.33715627549717936,-0.2650005023068138,-0.10979674957811614,-0.03127754706558261,3.2734764903428992,0.4590083829329181,0.5689309404085577,-0.8118444028669823,-0.38610039438351507,-0.23307449891099596,2,2.7913324396705823,-0.8889051818996906,0.672480944230929,-0.015306365633888555,-0.3469386731988279,-0.8562639020791533,-0.7994208616431846,-0.49499559567302986
1,-2.1350843059639146,-3.97321422704135,-2.8194661533260943,-1.470072217397459,3.4365696857232226,1.5614748490945347,0.9523673984160052,2.133822293416445,-3.397710962655127,1.712953966017172,0.4838592336918663,0.6106007220356194,2.758401797531051,0.8805176571417359,1.3548836392895194,-1.9673042920418284,-0.49066574466827784,1.3098131755352531,2,8.239812406917247,-0.3009817720122974,-0.7112815146938086,-0.05820347620885781,-0.03839748326101655,-0.5343503253694263,0.25072451952729424,-0.5835049123068448
0,1.5058587268198576,-0.17972420072951795,0.66070759754771,0.9074420340206897,0.3947703538023011,-0.2694737539681017,0.8259237641484904,0.4461032611092811,-1.4423805988647167,0.5486687708086084,-0.8751002109148034,0.503592366024658,-1.5232056177948716,-1.0345307249943962,0.17965731309118682,-0.4749410624136978,-0.2817936193949469,-0.399706606495253,1,-1.87737378862638,0.20584206298992228,0.45808502732844714,0.1233392884411493,0.8758825792236844,0.11514023739473422,1.1482663944052307,0.7097649985999902
0,0.3637958535230435,0.4259287046133088,0.5303414394699788,1.8211107980156602,0.6026053116011997,-0.42013731855178155,-0.7760022578438827,0.6991473004511671,0.4712466021299165,-0.2672702923032531,-0.3070125910290034,0.2698095983507621,-0.23812955404171898,-0.7952242412022019,-0.11413778909889608,-0.5201562111566023,-0.19705753506367332,-0.01966611371732696,2,-1.3615653425128258,0.041054808927164066,1.3739160779793256,-0.11032859544379611,-0.268757175085835,0.9614158049417614,1.9088862278028689,-0.040831425266492555
0,-0.2985221941778712,-0.258778462255199,1.0025113507552503,1.3295038044017833,0.2110817253725938,-0.5866442834513664,-1.4764126354688432,1.1794497063413178,0.3768244270610529,-0.02732061982343026,-0.23951999759440074,0.497996532063685,1.496689099220452,-0.7330951985005034,1.0276271243538373,1.4311800526894851,-0.32077564412490245,-0.3826508353601581,2,-1.0863838341158871,0.2652628876569069,1.0524650713008432,-0.11121821432151643,-0.009840508613040616,-0.18746636438459036,-1.1204319800272047,-0.2698479716503955
0,0.8123836352401356,0.3922659748489491,0.6188799222149238,1.4185178122367441,-0.1652463330415314,0.03354090622683209,1.0795850557146525,0.34096508631005806,0.15931829830861366,-0.743464780190656,-0.26352586459871313,2.37522557165817,-1.78526162662461,-0.4219477038668859,1.3092197842678066,0.8782956922853609,-0.13850412451070362,-0.3731753549804939,1,-0.30014980572626,0.19410745821215986,-0.3627342917739456,-0.0035050593433878507,1.3933476274898637,0.3584117407715538,1.4317122829936775,-0.36953605192724454
0,1.9424543593661103,0.5073457969252801,-0.2960579166817147,-1.7937259724873582,1.7657285356638797,-1.1393767486636956,0.6795633064242164,0.6470553758495676,-1.4285054533058497,0.5440868821612019,-0.5424048453111379,0.6571452820172233,-1.1408657344548603,-0.3988845113337812,-1.2279825954624093,-0.17925876648694605,0.1283556739215118,-0.14264871243471208,1,-0.8861773483199852,-0.36320680392776683,0.01512532394570465,0.05296116505396754,0.18336678244731097,-0.36438859078935393,2.4543735630391206,2.8052911666335643
0,-1.1644531465388623,0.2814751643314798,0.36359883215388,2.1535302028931924,-0.44234229772656225,-0.7242592943209294,-1.5245826738771413,0.5513085592737872,0.4275977845732527,-0.37324257536625216,-0.8833039833419079,0.4522383214241524,-0.018178238726353768,-0.6467182232161447,0.2522339464072124,0.7136753854480207,1.560583540774772,-0.18257343605262033,2,-0.08363563321767359,0.26180482523322873,0.06773125193282908,0.08381482534481668,0.28506635648124,-0.5558078396226936,0.17670976905565827,0.6687620247834063
0,0.6372411151551797,-1.273823253448554,1.315044966081594,1.0658640314988206,1.8929753404876892,-0.7365443063529084,0.8977160754315634,2.2025718089868103,0.7466452742670187,1.015928026698428,-0.07768801718835125,0.6403871228201241,-1.4544362193967244,0.2438902463278877,0.15760845799194545,2.7243006579791063,-0.37928740779776776,-0.14582502026400176,1,0.300212936819768,0.9980112473020557,-0.6336787688853376,-0.0033540103673114635,0.9250758695321126,-0.397182451858334,1.2797188597298408,0.5194622835058125
0,-0.2853378739699467,-0.5340957807478404,-1.0740871222903845,2.188664644699131,0.05623288375486313,-0.18497333851534944,0.8708958582435138,0.3805836235743304,-0.26715843994099076,-0.39284782604311286,0.9011541576229762,0.6412778806274253,0.17184962906999898,-0.631952549583781,0.6601482639389111,0.097343658526512,-0.18448210702924248,-0.1385812053408351,2,-0.8498008934624559,-0.6469091189023899,-0.837083612328585,-0.13298561602066145,-0.25901329676453283,-0.0015753170295910446,2.4108197787731824,0.33965120466949
0,0.24387036627731365,-0.23209309843372677,-0.611726891424308,-0.5603594637525238,0.44313377113627805,-0.17415198554155203,-0.25292310688696784,1.8821900726978291,-2.091383456711446,0.5049349254258726,0.6780597128456318,-0.3944049392540346,-0.25417480959428473,-0.3019627131673065,1.4033838572941848,0.2934163339246527,-0.1623272073647265,0.030026753292602147,1,-0.49694837490878024,-1.926849444926364,-0.6613987442668657,-0.044745069395473305,-0.6578229592591116,-0.3307591395807771,-0.7912891368474595,-0.4781358957067114
0,0.1405016767915888,0.20083206585578717,0.3520205793769846,1.0634503105661646,-0.6319932219720614,-0.9054927618921018,-1.8909500830320018,-1.085908272665476,-0.5223191907794166,0.4800848787789296,-0.23064035291573282,-0.13260491719208337,-1.3915071091404294,-0.4944424727615293,1.0686747311046867,-0.6941510048260143,-0.06426926912851191,-0.5261390056818273,1,-0.7085853804779526,-0.33929168899711154,-0.837083612328585,0.036274460128592034,0.7863793039910545,-0.7389919960421071,1.1925155777735061,0.07129339982938326
0,-0.2676051096378511,0.8941135049887421,1.1040099327914648,1.1775070065474367,-0.7525865308920947,-0.6059025054869756,-1.9796182559270665,0.12550699272418883,0.03318074576895658,-0.1980609181903267,-0.7685009759253414,0.3169567573728337,0.7513115613900143,-0.4703762855499739,1.1149158665681622,0.30586924971676854,0.41797052153489356,-0.39031763130852953,2,-0.6939029703176012,-0.4694314653907185,0.06664508163876617,-0.04191547330293097,-0.4753269091504609,-0.9251503722235597,-0.9122828929590844,0.10775337857121017
0,0.3434038216206803,0.5148247476845015,0.10390670126192769,1.2028289134757684,0.028027338225515827,-0.37677978226022535,-0.8783805112631307,0.6308054378096393,-0.22360646262851497,-0.14826916011284755,-0.42733350087852673,0.9175443989167988,0.7244749745370245,-0.8826725440511087,-0.29852811883619873,-1.214873328259873,0.109475569554815,-0.4151872491244691,2,-0.5390429340017285,-1.5212751083235494,-0.5540132204708281,-0.016531489934908022,-0.5040873437218356,-0.26974319221644427,-0.7906965282909887,0.8786519035300115
0,-0.35565708267676255,1.4357163254915557,-0.6812548982316384,-0.31108441412437626,0.2035927178511705,-0.2278474202006331,0.49172928721695475,1.1986534038552303,-0.4506191417890307,0.24057549950045376,0.20506952311928267,-0.1974884496353279,0.3835812905828413,-0.1930315871804802,1.5476723033867936,0.720624055577072,1.2749515217389482,-0.31837982021025457,2,-0.5908713134163865,-0.7772258901782388,0.3368720908534942,-0.04178762646507064,0.6998326489818683,-0.32548255063522064,-0.4601582408557138,-0.12265591868339315
0,-0.2847147003093844,-0.2931797302895319,-0.4085362949565341,1.105810455729797,-0.6824137213374379,2.3766445880318754,-1.108430294960324,0.6696953340897759,-0.3985924335625219,1.2656769775878516,1.319328127429675,-0.004248749241120842,1.3671979509786458,-0.917604390695326,0.5516402613806788,-0.1917974176789864,-0.3043587524079998,0.04305075383160917,2,0.007736418036795756,0.03129240776487152,-0.0826600088799172,-0.08819013263424227,-1.0903024918463986,0.675316749912766,-0.5719190656335881,0.36511899543268433
0,0.624578402803955,-0.13625663936221794,1.611229999188891,-0.7930770335610264,0.08477309551599821,0.3251325562998916,0.3944548032751724,-1.1658376689554988,-0.4900637990853273,0.373340022436468,-0.08535127981987506,-0.022453327748527232,1.509811876547153,-0.5528850846497082,-0.09827108511964777,-1.2644849666829676,-0.5904151224027817,-0.42456767903373666,1,0.027895894946791816,1.210146895188028,-0.7029713711866601,-0.006173716622533014,0.03251359520314907,0.18743015194201781,-0.6319006394847483,0.7428261170505911
0,0.9511698216287425,1.11532156531235,2.517547138508167,2.964916279187526,-0.790767352335124,-0.009976303773904016,1.097606835530235,1.113451716850384,-0.4244953201304688,-0.4825951543173784,-0.13195813246391314,-1.2237335052522085,-1.78526162662461,-0.4873396903492063,1.3469217509109939,1.3599019297808095,0.7454091990752196,-0.5815916498008551,1,0.12407400174862405,0.653448720218153,0.42626980323374686,0.05260846091499757,-0.46462181267999514,0.6747896771136908,-0.6229720970166952,0.5135763046988513
0,0.0038932221794179545,0.895164718930731,1.138811266132012,1.8682621091072673,-0.9198503656271647,-1.1631722174047245,0.8150007573400023,0.0073892263458633645,0.5520595509120155,-0.41398608723983255,-0.4527223085023674,0.5795639975922551,-0.8621894873083382,-1.0016709623526334,-0.8968819182193861,0.6584626930982924,-0.560437581512803,-0.4649550349780799,1,0.7319974950651668,0.8067336630758235,0.6669914960689036,-0.052625270801607976,-0.5637399575773838,-0.3965567909897384,-0.6823738665389489,-1.0946180840737956
0,0.13087870955120873,0.5181015913540493,1.2567028827514062,1.8026222368465241,0.5377433599409139,0.26772959671856533,1.0734206259819714,0.665596026922417,-0.2739653463851536,-0.9845060106041967,-0.3502263004208899,-0.1909147986828702,0.7940458832285161,-1.1734578671232625,0.03765046407442646,-0.5680372079000151,-0.2785627839661371,-0.2278809693629653,2,2.0821854562839794,-0.6690557181796929,0.217321363689031,-0.13858845242106,-0.7435337721312172,0.02358967322870026,-0.8268692808343332,-1.225491959369113
0,0.12299408394627195,-0.12079311375501806,0.05510245698683225,1.669519411246096,-0.8718264014039612,-0.13389689266903781,-0.08206751973552617,0.13602409126919077,0.5008887403003381,-0.4934298401691561,0.37826963090214977,-0.8133668056354919,-0.5271103356957686,-0.46681572577218305,0.210220482557139,-0.6973963440514763,-0.15889294953829886,0.3073753581068613,1,-0.7235806866428436,0.02274380188196301,3.6625542447912007,0.1601249145450313,-0.7035510345437256,-1.2898257878684474,-0.6625710125020796,-0.0160849234095245
0,2.24867707487614,-0.8849414855326021,0.7873851755625885,0.7981458857533653,-0.3026677450738544,-0.5940995920993816,0.8791133904141939,0.648552623940566,-1.6252203794076645,2.171686651692436,0.08722200631045048,0.2910342843564418,-1.4780871307161194,1.2406089802382918,0.9772538368230288,-0.6760307241635196,-0.65175997996054,0.059345392606190206,1,-0.31338815198244147,-0.06722102907619323,1.0188424215937553,0.004605165151267139,0.4850738544770173,0.1307249515291169,1.9440969614838832,-2.31159320995854
0,2.24867707487614,-1.9192948574228839,0.15857337257439985,0.5110656602126089,0.34684395629342285,0.21479430561332763,0.8102044983064421,-0.9064984492930058,-1.0741295824114347,0.6619473190789956,-0.23715212253745638,0.08819124741731799,-0.8968058860805501,0.4558103613183076,0.6189379988404102,-4.342698819689648,-0.3687973021782938,-0.28901902171582566,1,-1.3265136752621312,-1.5092961095118334,-0.837083612328585,0.029414335738414454,-0.2648747254729465,-0.80595643608708,1.0172243494453088,-0.6570772146943797
0,0.22917922336000296,0.3840488498827147,-1.0706274373934548,0.24576096197937503,0.6215504597598094,0.09116945106659824,0.9509998272426511,-0.7394858772846475,-1.0284998942871886,-0.14487702971316235,-0.08478436042136592,0.432118504519157,-0.9302673975763621,0.28363771314744324,2.2088957680809487,-0.31870655450639174,0.3625479145008297,-0.06469064093087495,1,-0.2767546779876961,0.3264873382428367,-0.10782686619776286,-0.10387197453807945,-0.13401896808993846,0.5562133420294689,2.957507165547415,0.7485710762153075
0,-3.1522699736293482,1.3426483606428579,-0.05201294252502736,0.48010338454354573,0.2660094787573628,-0.3234849312563953,-2.55282896909902,-0.053269809344532515,0.07735364885012286,-1.0788465842663428,-0.22098188260443546,-0.05981840721247722,1.800069724378874,-0.5214831935333003,0.8726121035753153,0.09563701169547079,1.4633940291136929,0.06119563407100542,2,-0.028097325915786397,0.3535206778670149,-0.42379378342085156,0.08086769782983778,-0.5010375588312909,-0.7289696876470382,-0.8698663827443501,-0.09767767636610314
0,2.212225624268144,-0.8956955388822918,-1.1074514875470987,0.7415784658713882,-0.6439262153369387,-0.7316866287723379,0.5429588874199515,-0.22231024699661517,-1.383259003661563,0.3142956243199343,-0.7557198848888398,0.3634165369948829,0.07714512439199273,0.2516804932587974,0.5060016214522518,-0.4344559383112958,-0.3513235813217366,-0.30009144902107276,1,0.41200113553655626,0.9490842202237717,0.008049715221447262,-0.11806536025115365,0.4509617269550811,-0.11586867619847596,-0.06647124358949097,0.05964276276864716
0,-0.47716649208903295,0.35129419706711734,0.4901884695104168,-0.23610271819257383,-0.44657715414903343,0.3399614280910589,0.5506860515961838,2.4644816598030284,0.4989520281385224,-0.14356107085138708,-0.8525911157228998,0.49542134236066543,1.550671685105578,-0.5428563687366537,1.5162512145580138,0.068359139264529,-0.14417384971756342,-0.3413846560971605,2,-0.40390187824580726,-0.5351873443222882,1.358893995997118,0.0392144637373988,0.9415564957343526,0.2997917312829439,1.192263796801869,-0.25627564512741685
0,1.54929253291634,-1.1642290733873724,-0.29021723396310356,-2.6821691927985247,0.06354139809309015,-0.07689246848129969,1.03975032436482,0.4843066017564468,-0.8103183032035864,1.9621867328484095,-0.48754175192407584,1.0678502040726037,-1.2738440546297385,0.3265459068759372,1.7943110365795816,-3.653675143645814,-0.5039414699528371,0.9241034385863445,1,-1.3318028600642278,0.6377031052020605,-0.12750613836593072,-0.010617659384646691,0.5175207712213291,0.18197281572837654,0.656308828661112,2.689519040383353
0,1.9664714083894963,1.3589038648977547,0.24063653272160693,0.7263065942742898,-0.255411632800453,0.4662092477308783,1.0129728939200966,0.48597456967206365,-0.17051273301281444,-1.0825993401379348,-0.44532959590082954,0.37558124934965587,0.45680776289310765,-0.387965130549889,-0.27986882142382036,-0.2180823574691954,-0.6272296604135147,0.1073073904278144,1,0.7107987595031038,-0.14485588723496143,-0.008316640525127372,-0.13858845242106,0.8497881514006177,-1.7009995307692338,-0.09215235991169585,0.7403335189472463
0,-1.0537266513785029,-0.06952421324781222,-0.5477002496373647,1.16603507727843,-0.4529270465958031,-1.0513142174452859,-1.7840285952676664,0.456146120455398,-0.6593044729401031,-0.47284226971030485,-0.2747653240424396,0.4494703828509288,1.0853996389449572,-0.10158983338385563,-0.6019946215792924,1.386117361143845,-0.05017252107279127,0.2609492347865418,2,-1.4722172472734099,-0.2562881870827407,-0.04538503258947668,-0.13858845242106,-0.5377593142553296,-0.36296190837804265,0.032629392168677746,-1.3990146747390717
0,0.8903543511311458,1.0605863560236222,-0.3667832654135872,0.671359854873098,-0.8467826284647344,-1.1253862518760926,0.8635058655952066,1.9563742995487894,0.6771475121782718,-0.39256319745675516,-0.41319492319838447,0.8202809461928695,-0.8623170961405484,-0.6867070989809759,-0.2377220784153865,0.33275660929908885,1.1072759239726309,-0.36950354820299974,2,1.0907762891605364,1.5773363067567985,-0.5845923237699063,0.01933874328889225,-0.6603541014799854,-0.36005857655750295,1.4446145473716732,-0.19209688786734064
0,0.2532499288209358,-3.0524458063073965,-0.17978165778573385,0.6740688566328954,-0.9587156458864222,-0.5164943786315346,-0.4546561341356541,0.6842564603020926,-0.2894403464015841,1.354883502703596,0.8652669857498115,0.11394443404452523,-0.03761940279730509,0.07709304270882689,2.8182579563333303,-0.5956722301899429,0.6043957470490221,-0.3929725860488839,2,-0.22574761900225673,0.7917474765335899,-0.837083612328585,-0.09142744566130656,-1.09095311408826,-0.5714002964985985,-0.7563613785053092,0.32457114916205004
0,0.9937556739696795,-3.1341427536020303,-0.7563322785496426,-1.2837819383416005,-0.1647021844799009,-0.7129815727929683,0.7361180311443482,-2.2358188129335224,-2.186515884930338,0.034631445796693944,0.37561100313445994,-1.0250177326524308,-1.0279661107679479,0.769938278278712,-1.996606144821393,-0.3265568454441763,0.016790078379601142,-0.3525152757647777,1,0.7853828299053769,0.41630870609012427,0.2925887034267803,-0.04506478418941361,-0.34238452884186943,-2.718999505052164,-1.074482351668156,-0.7980031389520619
0,1.4378339118605483,1.1721972274153334,0.5479161165574155,1.966719285293043,-0.6545296290372892,-1.1502086370014646,-0.8681771588536487,-1.7767490151308931,-0.3407520430519448,-0.08404872099097216,-0.211147212543277,0.4545360984580246,0.5721500256569528,0.13137628900763057,0.3483100433759706,-0.5570770676468184,-0.3988283581903944,-0.5859035428349427,1,-0.4721397699123623,0.45220551102150985,-0.837083612328585,-0.004122461894696346,-0.6820548303059594,-0.10899041381956182,1.2500036696382484,0.5941331923298255
0,0.05886534067094528,0.15409978656368423,-0.6144206435799906,0.024166338681582022,0.3115025838542234,1.8078527926004413,0.9311538315836478,2.2635789568138445,-1.156805672914033,-0.842101650795376,-0.31698201831408324,-0.26467539047838307,0.5447489451644654,-0.43610244229256545,3.3509078605097926,1.96123596702531,-0.12240516856222546,-0.24850237220316448,1,1.606468163554212,-0.39834598113529884,-0.7322850490343885,-0.03750390895555153,-0.3574328467279124,-2.4697191701119485,-0.11253312380707636,1.2308634193732626
0,2.093015975557923,-1.3131271210429452,-0.5722049639878464,1.9013595268290335,1.151206153922877,-0.6586768156078343,1.0623316563347502,0.2631535278833861,-2.138874278918067,1.5971954044320327,-0.6633644565818683,0.39745871731034105,0.14431895560269592,0.07222900297112739,-0.10602301478572351,0.703983412416471,-0.04596327447371153,-0.6158884356962318,1,-0.7175596967541074,-0.030870492951246692,0.43767511377173485,-0.019938383613737315,0.7337092311316298,-0.5790364881194693,1.756430113363526,-0.725698611496893
1,-1.850605029315112,-2.281371945438272,-2.4264037299680914,1.0503025867581097,-0.6743914051330617,-0.6575871504716224,0.8768429405276296,0.1356280204537897,-1.7605165876852795,0.8571193911132423,-0.1071569084087222,0.004787512536132965,2.9702444077160752,0.625080075547478,2.8010961603332776,-0.03004365688086541,0.08933930013971356,-0.27375808926651374,1,-1.2227416232073636,-0.7300212679542473,-0.1648221991377558,-0.07065517332601064,-1.09095311408826,-3.305890938882959,-0.1238329091511865,-1.2335383233748534
0,2.24867707487614,-2.6111542197666315,-0.7016385360177312,-2.0712448830366506,1.307983802679236,-0.8244820423648846,0.6100164704095575,-0.9363274578418617,-2.6709132413674084,1.5966729406561184,0.9699677036106931,0.49901635199237254,3.0167115832328024,0.5160674418383356,2.2501289997954403,-1.3915241318922593,-0.65175997996054,0.6790025004562491,1,-1.845462936819509,0.07997749172351226,-0.7113323818296495,0.024274223438301712,2.012466946628136,1.002482776487642,0.2316734201636519,-1.0707564747313598
0,-0.38291720671089274,1.3455318097994318,0.6115049580309917,2.23790009819139,0.31290591428148634,-0.013412662059661823,0.40796631548105905,-0.002412555177966902,-1.3087328357270434,-0.04438389540986032,-0.4295233563144124,-0.8194734265958398,0.46211131954281875,-0.20388343916956553,-0.01392704725516919,-0.20774406954531033,0.30072994109933615,-0.6373670175667923,2,0.01924609136025826,-0.6613072207143551,0.38581323208649687,-0.0918117116020006,-0.08048620345518348,-2.0933075949306628,-0.9440430967666393,-0.3077878080608615
0,-0.4325255036738572,0.7983354720591714,0.658314224604523,1.6061028386020713,-1.013685576013887,-0.3411323852416393,0.9224957625896055,-0.7069392266983334,-0.5469089629312375,-0.5425798221691673,-0.39970035898952655,1.0732532964950847,0.1695201035729571,-0.5991499430106675,-0.4793816815798335,-0.3970716652724846,0.680360280772453,-0.011542055474774382,1,0.3365785376209739,-0.6913443244863586,-0.5006251240706264,-0.10367936375096437,-0.5340682434838708,-0.06928686919532501,-1.21975314077183,0.7781345574248095
0,-0.2192735197241058,-1.9645956068150117,1.3120273268549572,1.0731631716447907,-0.20896338695178027,-0.7754360182091005,-1.598378928843573,0.7080522293593514,-0.39356175179599917,0.5552248143759527,-0.03838217010438688,-0.18930953171101894,0.3229900658007148,-0.03445175612717288,-0.28009008637846106,-0.30078299599868963,0.007152914473753311,-0.5618781984316488,2,-0.4321517605016109,0.180131381536489,-0.4780137249088221,-0.04459650002410463,0.5257156855259012,0.9429622698444821,-0.5896606719442854,-1.401595505971088
0,-1.7324452717560266,0.4909119680520488,-0.23792511204406597,-0.7325978956077578,-0.39741851359497693,-0.7119444482219367,0.5071139824149191,-0.5405683317734872,-0.9942519233724776,-0.17293395499796005,-0.5780872599504905,-0.22341778401260146,1.9012573204939023,-0.47095517579677176,-0.3470117587958042,2.523726031008409,0.7286813694934499,-0.33598006943975456,2,1.310406471118575,-0.21005048276552785,-0.7637944744772857,-0.08399786957056268,-0.5824123939851223,-1.3768276838861704,-1.051034223963002,0.24592329526444473
0,1.8682822499612537,-1.9579052386294606,0.40386804075056365,-2.7764478551875387,-0.2173904517581151,-0.795066621572112,0.43103486793516144,0.03715789900707972,-2.2487912924518074,-0.3309839894882973,-1.0270538273219758,0.6839759749227552,-0.31673869735073884,0.31874762414328206,0.05171291764402319,-0.16183932647347196,-0.5151848766545748,0.09128748040746487,1,-0.2619337120760703,-0.7923412688931198,-0.8070167031043676,-0.012401083574419318,0.784353757837139,-0.29298088462115646,1.1882725423632998,0.5140006686523634
0,-0.2064225915649508,-1.4452427701895045,-1.1452577650099125,-0.8859446812933428,2.8760378014537964,-0.6964859023589026,0.6064270214783009,0.3305619719046362,-1.8110919773875263,0.6468859456909113,0.5250529448744834,-0.08639947443544055,-0.37978814563906815,-0.027171780954320157,1.4910217793450222,-0.20215566058985773,-0.26478393997019223,-0.43618864471183283,1,-0.6492332357646979,-1.4477556103036948,-0.7481052000592017,0.13214506306696944,1.0489610752727132,-3.0643524482371056,0.7631304873942115,-0.6914663775215829
0,0.6508042491193154,-0.9385964699031969,-1.4708941325932483,0.2818119931478842,-0.5679295465484495,-0.5045055946998771,0.43763716307492023,0.746827573208002,-0.7751446668052058,0.14658721905174107,0.762154638205864,-0.6523141676503714,0.14469357665709467,0.29792913310116215,0.32584464194821505,-2.231142111302626,-0.65175997996054,-0.106487355993481,1,-0.5890001880830052,-0.8742182280753885,0.9239656887073153,0.01705807082884074,-0.03796203259181655,0.006566423303346058,-0.4261109461188771,-0.10361176811268158
0,-1.3802734022908054,1.0102871451589213,0.5486834635478555,1.4532153904587621,-0.820945797213801,-0.8573970874313341,-1.2098796145783997,0.40209204778968194,-0.4861873986894925,-0.7993492786614086,-0.49288485990357644,0.18880272717052873,0.3253571122690473,-0.3408217594179251,3.7993948118084533,0.381164799235376,0.863104195905379,-0.3141953507555782,2,0.17833701475264208,-0.4340887108880904,-0.43798252772586505,-0.13858845242106,0.11794496413610062,-0.533265198840789,-0.815325482981909,0.1993822713019298
0,-1.591292815795805,0.1271519913621053,2.6153251969973823,0.881960415970031,0.5642137830135441,-0.16511959289550424,0.8595969311461447,-0.2617919168272064,-0.595357425813962,-0.0364918355686063,0.7382879736698941,0.021520201964799056,-0.38140898946863694,0.6487045936385742,-1.4464112397917122,0.42584951928557424,0.09814994104646466,-0.501415880906569,1,0.13249891302493103,0.6509206760717323,1.4632784042267994,0.051986413108853394,0.7830230347785835,0.09459319089999807,0.32141021988465523,-0.7409926209721033
0,1.9223575038560203,0.6983428976740067,0.4853597785157104,2.583061627384459,-0.20034190193289667,-0.6972619697774565,1.0125546012659932,-0.7442044297962287,0.5346344358904402,-0.43699087947981785,-0.363666337614743,1.1044594213747532,0.6253481026254266,-0.3924967436248926,-0.05308961533861839,0.5181728085826605,-0.435878529036925,0.022532553206748074,1,0.018103674259268565,-0.05266207031822205,-0.4315969009088954,-0.1256791267951068,-0.7408666460561808,0.1437341378693579,-1.1291497491553417,0.1693062847840915
0,0.15965959277563604,0.47850149244173673,1.3360786276001118,1.7789339725571256,-0.6351828911498911,-1.0508181205076288,-0.6103062567470924,-0.9291249396275583,-1.226148391819417,-0.24560006462957418,-0.2366978065588272,-0.017088073580988072,0.08052305649913638,0.39398717083340373,-0.3614217243300455,-0.22784721083596146,-0.0912186716714824,-0.2147309657070789,2,-0.9061571311946026,0.7159580929803493,0.45903805509083573,-0.07713168691459048,-0.9183911215778475,-0.4180599653645115,-1.160012752420646,0.5911593283378995
0,-1.4770908565163996,1.49797924719876,-0.10420664386937031,0.09885806371085093,-0.2612396929392966,-0.09530406413010688,-1.920887632310623,0.3150753862933683,1.0484020318390053,-0.5650961149668141,-0.18645386451631735,-0.16047244685158268,0.2119385279023912,-0.9649272390567571,-0.3377892715343028,1.0521009570531532,-0.09358684221644047,0.08352158364415346,2,0.6362893603337665,-0.19530447330651038,0.4194624683371602,0.008880425769839703,-0.09006795327590972,-0.6165264536778058,-0.8031109746675247,-1.4555593323872262
0,-0.09781544285546606,1.1556585045688563,0.13200682874698064,1.2635609098337839,-0.4805809482429991,-0.5518839516327113,0.4616975074783821,0.7119834148772235,0.6902191428362103,0.5388706231181092,-0.15852663794611932,-0.5225631004463083,0.7656219095557573,0.34740471049364774,2.0499238108074973,-0.2904689971776772,-0.2835362486216726,-0.6501809039777359,2,1.075317708116804,-0.7651680835695254,-0.4519930689906491,-0.0407662029394063,-0.3188923261505363,-1.3824848018257767,-0.052782167700574936,-1.5121512164891278
0,-1.795417248495175,1.0100537692078186,-0.12262450783857337,2.6887129302791424,-0.006311394725904473,-1.0478365419408606,1.1243731571151625,0.9424465438987111,-0.5220466562598883,-0.09190047545173294,0.6891359210362151,0.019891519325918164,-0.39695717446272555,-0.036499420740495975,-0.024788549324362363,0.4294667545417372,-0.3443636110622339,-0.18456928005025566,1,-0.05585310271392949,-0.5818083690299873,-0.3586581468942706,-0.044251891292983916,-0.9296032986972704,-0.9447265255271525,0.034861221325025005,-0.3919302741587699
0,-0.10507031082779278,0.8496968281952957,-0.2964117626934193,-0.24395404407422838,0.6425838883213432,0.358832495999547,0.5373351593964615,-1.673511168443902,-1.7664682732098542,0.1801252259086262,0.3749838583557119,0.10166255087533177,-1.1609786611551691,-1.7266580517740082,-0.08528913416428421,-0.2944309722289242,-0.65175997996054,-0.20338660334600256,1,1.3151540050950592,-1.3046498333061591,-0.732198708888495,-0.11121189195130078,0.8443406576676836,0.7074666989160472,0.0014237093095289255,-1.7194390086541151
0,0.35402868536976484,-0.6624500972260934,0.33102824989488505,0.8426930874031275,0.2527051958018759,-0.0006132289196704721,0.9835576911664341,0.12276790965847173,0.4154429775043663,-0.3360848247790542,-0.5507851931876839,0.22112651487868262,-0.598596916640035,0.5184144132644557,-0.8141348767489465,-0.598828674485718,-0.043163137101477816,-0.3698486964569591,2,-0.21094647597300323,-0.043399867204425235,0.13811050529477215,-0.13496225855264493,-0.40130725943373274,0.10510509489201336,0.2369356272338276,-0.5614403845338345
0,-0.026845723163977764,-0.4338104986298218,0.8773129025642974,2.205154538526444,1.259430775333381,-1.16950872351152,-0.9480091066745845,1.4834661915878957,0.3818013600544825,-0.5090201971868453,-0.37462704431023264,0.6558961215253551,-0.10290316302768893,-0.5535746169084452,2.500315675264426,-0.021339437214144552,0.03566410358818439,-0.28320552202168603,2,-0.2173359381470949,-4.696301803291158,-0.7393153075620613,0.10758031511578456,-0.30365641086155654,-0.4969394999398572,-0.6392973462861237,0.5940438581595113
0,0.038299444029244706,-1.0482428727114863,1.275998731842774,-1.5190296156465404,-0.329315279886355,-0.18126347823006145,0.6492552731472121,1.5209771413292201,0.20686968664331784,0.5855626209935679,0.4660504816603444,1.1322165653681426,0.5579621117712545,0.329128903848458,1.2249523149141728,0.18779105055020612,-0.65175997996054,-0.042875465078839936,2,0.07612712353641149,-0.9624958209870772,-0.6041971733477169,0.08447552566541848,0.14501064428040267,-0.5905311535718599,-0.7697791832442771,1.3226227287504742
0,1.214505746935562,-0.31035791216184905,-0.3423463903298134,-0.4997871070571031,-0.17203016095519563,-0.06113291607886662,0.5575846006302851,0.1568198418096642,-2.0451075958629126,0.11135184768513873,-0.5389606300852842,0.47749066637472426,-0.4953777821501378,0.9476444068235436,-0.23254598149593358,0.09547919579987826,-0.65175997996054,0.3100380935511019,1,-0.24823890422711675,-0.8734878514762333,5.434911001496561,-0.013596606442873659,-0.01679402006430919,0.4461943046075877,0.5484425969543549,-0.5725675806887689
0,-0.9330049781866199,-0.47220603003287054,0.10062092666418754,0.6914232600317927,0.0007494319360027424,-1.0278239056444496,0.4095961439111571,0.9040999719610907,-1.866653831350483,0.1308335084746393,2.0801648424750248,0.6770142981618961,0.38949211545512497,-0.1655234166464496,-1.3625663112512458,-0.4602786954371364,0.28115740625306884,-0.33622752718233484,2,-0.8787208695835297,-1.099647109970906,1.2557230424857724,-0.06288127883320875,-0.4050166840874171,-2.85303734356952,-1.0904245008205744,1.4220413131887657
0,-0.14698163484650528,-0.07515772331139431,0.16257999067464746,0.18327997555577272,0.21246386322688493,0.14679562769067472,0.6593832382565088,-2.0375134925092824,0.5526249398705294,-0.4404551952205917,-0.41909811574023126,0.3840137290410117,1.3573902977736387,-0.5498903322458916,-0.3963613043165668,-1.3359585019459077,-0.2760827949331586,0.13122869832683964,2,-0.7738392761602162,-0.9082371623170902,-0.0952820063168986,-0.13659337310999037,-0.07763161389749518,-1.7191622672344398,-0.6117476126342934,0.517209445406288
0,1.0177334167147878,-0.3271749347771612,0.0370872018921502,-1.2284959885137043,0.041088874873416184,-0.2851451723677596,0.678122072930547,3.2733652480535587,-0.7052506125307719,-0.3865952177954893,-0.1614670441088079,0.4060848596214367,-0.9498056544151756,1.6424799825891743,-0.7395072825342219,-0.1336376710127929,0.048324403228018724,-0.20329571919420492,1,-0.8418715226348891,-0.202781333859884,-0.4205886831582565,-0.07435157017233687,0.9202113477136864,-0.3812111045843027,0.9008304513679644,0.179379976606937
0,1.0996968387506976,-2.2142281295582626,0.3298906270176615,1.7041076340805348,0.604811494466538,0.05765600592365239,0.6322115138214637,-0.36943944327935735,-1.9659651755101328,1.0824761965458358,-0.5314173192908367,0.9949721730556931,0.8329113707701008,-1.2337214324282444,0.788935649067022,-0.631567546301508,-0.65175997996054,3.640419339680089,1,-0.6499226391752291,-1.6499851524996925,0.1891909735926957,-0.13858845242106,0.20252300243940843,0.25440066413610385,0.025873082987807217,0.020019133990134774
0,-0.1122861147890727,0.33165467947654226,1.6466086798558304,0.5313193794530792,-0.6383239228014578,-0.3403903620069627,-0.19128122706173056,0.5053903547369998,1.2260751958708835,-0.414760704926492,-0.04444819384281806,0.02138339367855091,-0.921718889144792,-0.5826990866697154,0.3054162622564769,1.6893888125212118,-0.17847922385470788,0.017076438526282878,2,-0.8113337802318707,0.8454092677355761,-0.2920927429970088,0.02127128744683912,-1.09095311408826,0.6605400958456104,-0.37643367575034026,-0.022139106004739728
0,-1.0136838576668141,0.8015541480492161,0.5325787831133795,2.056111557547512,-0.589439687377027,-1.0658339660431324,1.0800045474202895,-0.06370111694799219,-0.05394300692111781,-0.4639279870239675,0.514690492283261,-0.16895318318012875,-0.17920849434419706,-0.7642538817523954,0.3972808533798303,0.7686007188311518,0.9081063065716956,-0.5268160974873193,2,-0.6506416389790421,0.11508353056777149,-0.6167283977429342,-0.07180331164351696,-0.606393514703502,-1.045101553798153,-0.0675325990922378,-0.33777015455384307
0,0.9594273234539517,0.4087109731495093,1.6109651198429282,-0.3719162137896132,-0.1524695659797048,-1.9298274235723671,0.47908364891629335,1.1236676223931825,-2.154521808290277,0.14675785853828438,-0.35247264639601394,0.6443368358227851,-1.6555006328992796,1.24652807069673,0.7881034983239792,0.0075913470039127295,-0.16057817623784182,-0.22736217657358704,2,-0.6168474415649493,-0.40677688104684806,-0.7441036378863694,-0.0640472316470722,0.586087953059262,-1.8567367629341556,0.8777188262974621,-1.1255353769466092
0,1.7255051752828012,0.032529268223427166,0.13967630089782967,1.9526846904935335,0.32200278862140275,-0.38696125107434837,0.7608734826936822,1.0218342828787113,0.8021987217049145,-0.6686168079916375,-0.14542707713575664,-0.6878824728625407,-1.2008521866895787,0.14332943493993822,-0.14796673634929225,-0.42156526733027533,-0.3224812366976192,-0.3642005504699486,1,-0.5036981922581374,-1.9363745584116852,-0.7068265216832091,-0.046370414552670776,0.10945649280834785,0.018145305895595487,0.6523113723271979,-1.4852789866213802
0,-1.1716602115857815,-0.9135352933325721,1.254028650321192,0.7251860531075247,-0.2703837272980327,-0.328123379611224,-1.2107719410074274,0.7688069465732446,0.31412024986598963,-0.6715912005396253,-0.3035712568628553,-0.31844289245502877,1.7228464272842623,-0.5579448260574005,-0.16778533393516376,-0.9860150009940767,-0.33390299965546755,-0.4559462796630007,2,-0.21752496946759325,-0.3863967537201699,0.5804681794733592,-0.07791933304887529,-0.43521727718599035,-0.47066592668070095,-1.0326686040969313,0.4877826740011252
0,0.9639907766371709,0.7189309399990685,-0.3153089926876757,0.6516694060368943,0.21748822071735796,-0.3915215503553105,-1.7647690246812635,0.3343919784315414,-1.1361854739034591,-0.3294976895209043,-0.6987022480807186,0.21391231363204177,1.0166219548358737,0.2723220264988995,-0.002051204445923993,1.0158708975202542,-0.5661347997278585,-0.4436682631038038,1,1.156609515795632,1.0328131637657598,-0.7880644607934315,-0.13858845242106,-0.21846457840645234,-0.30000610210455086,-0.767643063317262,0.33106540174114285
0,1.2907991783023938,-1.9491192600580303,0.9431487622681302,0.4111245451412773,-0.35449542672663176,-1.0321178561867304,0.7447927237535854,0.3584571994671282,-1.0628087171589768,0.015743771310044702,0.9880852228733747,-0.5324645150572299,-0.00483499979066776,0.8395755249115165,-0.7764544768036389,-1.1997658573680898,-0.36594747754176676,0.14676739424942817,1,0.0008736166929976807,-0.6536027182005237,0.12102625215363444,-0.07428444957382381,-0.21477559393814305,0.022936170072002826,1.0402615260496466,0.2708092883745887
0,2.014296717819065,-1.0584098119266863,1.2959514189293062,-0.5849388949594452,0.0600606122710835,-0.7940616547251398,0.659996861695362,1.8770742460469807,-1.3611173801045209,0.7597435256721973,0.5577978299931987,2.1812078589725,-0.9514641532897589,1.8136926124917063,0.4143547203396465,0.35543555564551926,0.315032385631533,-0.5417486550155411,1,-1.4534299110021869,0.9681166613407608,-0.6475010992325401,0.030939609135112858,-0.4297307858573719,0.23374461007932051,0.2912906459001484,0.15149536546069062
0,2.1852094797360895,0.022726866742053986,-2.7495161678790394,0.01592713967795456,0.2270425664256033,-0.5996048719498863,1.0078013141234223,2.5001756644668083,-1.6774644577176685,0.3264065712404761,0.5984168679153559,-0.05326311704037262,-1.5336261973490244,0.7498003480156941,2.736770353767434,-1.3332840054814787,-0.42315584094887054,0.1617193683074202,1,-0.028728673980880415,-0.24884275898624209,-0.8295251677481401,-0.023813869981947677,0.5102931700572535,0.22718646573462714,2.2035970642773126,0.7450736882323834
0,-0.705296378406878,-0.12347276546950525,1.022030122707175,1.9578332650604824,0.10395355909143587,-0.8217350171590903,0.08729854411839155,0.13433235116124775,0.8086732448444045,-0.8181333768883059,-0.6247995242782014,-0.26812756973268137,1.0352039812647578,-0.6838399618367932,0.30340465176141995,1.5428920660945524,-0.6440556348792518,-0.3331860425575622,1,0.8408884647670822,0.6464553985160619,-0.3719298419749876,-0.06917542384277937,-0.4303716639576033,0.03539239220273066,-1.2154608429664444,1.075040491068881
0,-0.9692317125496909,-0.26101697207662933,0.37897504631643636,-0.14513967844464437,-0.13631555336770798,0.2974768093306448,-1.3909726773279643,0.6575941773880265,0.0553311499012048,-0.178785486914537,-0.825001561641499,0.5423377279733037,1.2731937281485788,-0.6837977362627263,4.34827366916355,-0.6561092474008747,-0.539004781336925,-0.5878161738202151,2,-0.08996809870225625,0.2601178986410049,0.9540695795718868,-0.13858845242106,-0.4426793818735547,-0.7769929282365315,-0.7770731256898465,-0.35210097154853176
0,1.2597627739094799,-1.504017827345006,0.6549317209471884,0.29040849538434743,0.07513717715590801,-0.32173933382876907,0.9133196328006236,-0.48215643843940026,-0.37155184840307776,-0.2051263670312075,0.5778132572006307,-0.8264832160083002,-1.78526162662461,-1.2027526591164701,0.2649278293790458,-0.28108453708836745,-0.19915860793885534,-0.3401106136961696,1,0.36110565528939875,2.4494801471579315,-0.837083612328585,-0.009624189722087943,1.7027395416515736,0.46351825324158336,2.4326390739313783,0.5467912620198713
0,0.26874709912294903,-0.9039500700614187,1.4686113984241764,0.9313214058288766,0.03108684970186837,-0.27649507390247924,0.9048071956685761,0.9722382469550934,-2.0519769499328873,-0.4973981032014056,-0.6338738638786396,0.09101385346282104,-0.33204178632459824,0.15511901362635117,1.10021166574705,-1.4617562367733492,-0.5275255881852804,1.014858552138836,1,-0.1943106023099933,0.15207729745591841,0.4401733159524147,-0.022219492534593335,0.5052485144251339,0.2601969496622621,-0.2914013092713914,-0.915366005064519
0,0.005475702161457541,-2.418284196352514,0.17561837958004695,-0.5775272426226773,0.2979420097478232,-0.7509174460538899,0.5148164249698273,-0.71216959335837,-2.950009543525173,0.9752092745961036,-0.22832306325504143,0.4646092226202174,-1.4272961487418723,0.8146778443279256,-0.46878633650769763,-0.2708706467387306,-0.65175997996054,0.5162188037563901,1,-1.0447388799986328,0.055690303630838336,-0.6665877771277234,0.06435567101468122,0.6960887476546219,0.40031744573924105,0.776084105707131,1.205656037783969
0,-0.69603674600558,0.038746244353489945,0.654512237659243,0.768511870872495,-0.4406001830794478,-1.0174662416687053,-0.6700663196087209,1.2976044551717367,0.11126788554594946,-0.6274840043267028,-0.6316111980705308,0.14789428591018847,0.4162764913527343,-0.4967684268344949,-0.07921144043622547,-0.5298685464537571,-0.4825373085431634,-0.5239570635312596,2,-0.05474973821347756,-0.28632527029551513,-0.06385153185087156,-0.09484733848770635,-0.2630489938367221,-0.5325818497025293,-0.7872511798952533,0.07308149464783176
0,-0.0840030646680916,-0.2671374365973448,-0.25584729808042916,1.2381948752011014,-0.8090682991438727,-0.35201283402646477,-0.6641832268170742,2.1579781152861437,0.18508829807450686,0.2567352709067901,-0.7006329608402186,-0.6345115603294392,0.38753298134834024,-0.5292733555955682,1.1092659652124515,-0.21098963296786866,-0.4007705678635734,-0.011936591965865898,2,-0.24592972448738043,0.22045947679397804,-0.837083612328585,-0.09125208057873364,0.2128523679125821,-0.38901849905859553,0.424119500485857,-0.7375222325639719
0,-0.24242737334615816,-0.028316481883425754,0.731250718007034,1.1386961225957017,-0.29962860687493376,-0.7561990236438176,-1.4178115096737698,-1.2268725187106349,-0.04615743565568925,-0.9780781913148978,-0.9536841847219466,0.15779665617047395,-0.3018486023472014,-0.7299712292961115,0.43763061160216,0.42953755161840684,-0.1588227181473058,-0.3157820018934792,1,-0.22509341005893324,-0.4024908602824684,-0.29697382457553184,-0.06881827637693419,-0.09841615832455944,0.47940643880716105,-1.030348522064474,-0.5070303908064051
0,-0.3030046508574715,0.08798894055560225,1.1249989965909881,0.9020344334888645,-0.6908588591956902,-0.9924389170990245,-1.4458903978889512,0.29296787835504395,-0.21343236578926322,0.7277528031162368,-0.24107708603350642,0.8554688050233565,-0.4916193204394187,-0.3506423568077369,-0.26405755354047256,0.37786182374470395,1.2010968330376635,-0.29245860930680245,2,-0.3000897491748358,-1.3608479114314758,0.7977037378919906,0.07218895480918466,-0.42505164597019385,-0.27461330103433196,-0.043307693750589876,1.2014008807530494
0,2.24867707487614,0.3911959113133352,-0.5580026247756329,-0.4898657585740532,-0.05842995572284683,-0.09955649996558513,0.45209271676615354,-0.9681699282241709,-2.673075512229879,0.7456105579791985,-1.1903598023278297,0.554047162074633,-0.2577307816884838,-0.2545308771672854,0.3672186554317366,-1.4582522962989695,0.7706625399116264,-0.3693076004934209,1,-0.4387322319237543,-0.6295598736819503,1.4075996716770325,-0.045635573499954306,-0.2571834641447076,-0.244464531910826,1.6369743298646586,-1.578777446861858
0,0.03403335988216438,0.7115749123363977,-1.511249527859321,1.262691125465906,0.5151979592245078,-0.31224176009249555,0.7513462870365091,-0.09037157987202615,-1.3225371128178258,1.5729269832389658,-0.38315419193849387,-0.32186672912185665,-1.0880934736457522,-0.0995401365128395,0.624155057368814,1.6508559988785305,-0.2536530460502455,-0.1984258882014583,1,-0.8890368420372203,0.15057782683876242,-0.7650163065477544,0.012223513673234404,0.9648432354243897,1.5352390280347366,0.5801929688740016,1.0468482560883587
0,0.6554379486060915,-0.3615100043363811,-0.198635305161004,2.384092919985755,1.0759371391139383,-0.03749226459276016,0.6957065648234303,-0.07134568807293984,-0.12294206861281104,0.5683499427176445,-0.07118760986616421,0.7670630583930936,-0.8026509988135138,-0.5742228505816072,-0.48087325056712876,-4.007462640541346,1.9436001212583074,0.1443719561712905,1,-1.0542150764077036,0.9363037205236193,-0.38973302877713895,-0.13272642415661576,-0.37520579568836776,-0.7206955566599114,-0.15381161491776407,-0.3900384865352341
0,1.1277592050241956,1.4079654874750607,0.7694670797452496,0.1203142650222323,-0.2800673226532144,0.2575447791564007,0.2552800806521196,-0.8153206629189906,-0.30438665690464883,0.07090185958749165,0.6617259714931252,1.0620254388859651,-1.0444257944665538,-0.10875643634164828,0.23541923144803567,-0.024915719423486804,-0.07890706368109265,-0.26727494664136986,1,0.9135052549603127,-0.1324918498841797,0.5419215968254727,-0.0009348386471597012,-0.1242287446903658,-2.1176073316827018,-0.07651514645879395,0.648188526033279
0,1.0210044038299038,-0.8433232036306336,0.5771234640416161,1.6164636830629948,-0.3359997454062982,-0.5186966340775889,0.7167030349999096,-0.7696546289542006,-1.812839612702991,0.3715856714884254,-0.5964564221677627,0.06841072181665915,-0.8560782872928614,0.13240154310003638,0.7300301123380329,1.064929846412744,-0.2954564802984832,-0.5292692577493092,1,0.34837775309422225,0.11096072693440329,0.0687286343048712,-0.09740401576825734,-0.2885559789358696,0.007034263756047501,-0.3729004191805295,-0.6761629841361312
0,0.003561493806100935,0.8214509942723424,0.7683604157517157,1.060300845274328,-0.733769865006894,-0.3557074127312221,0.9005949276311905,0.1016252439807881,1.1535469329601076,-0.5915792691741542,-0.6104645030918294,0.35710840712248393,-0.12923523871789996,-1.167431207501744,0.22567890855386685,0.050719719750251135,1.0958899271780504,-0.2940252262665838,1,-0.7883025386894273,-0.673913719810838,-0.6953759681724792,0.012641441963455,-0.3410343379312389,0.42110538273911996,-0.11600237993823692,-0.5847125927163185
0,1.1415837525057322,-0.8270068155774342,0.4766742117224833,0.17104835279296315,1.399178362572738,-0.33623934914637993,0.5147885999210045,0.11547587546427418,0.23635937123494621,0.44960171104522095,0.7069449549250196,0.3073903984913973,-0.5899305453728354,1.1806310705151564,-0.12586518822602696,0.2847865954523856,-0.03661289930245373,1.0932588342432652,1,-0.6695357242587776,-0.06281655209698866,1.4857138105663985,-0.0484403872684209,0.6949158602214862,-0.43057031867041284,0.6268381202609098,0.2602763735997048
0,0.07289742701194249,-0.6582203297235614,-0.6435415651134231,-1.0194727761248998,2.7023537314601183,-0.6858072346891112,0.7656311439497977,1.046754636184707,-0.506268562852302,0.5806424320456376,0.6211893174097981,-0.17232592574537037,0.4356215298700396,0.31968612326065315,0.7188636819514024,-0.5313298390388019,-0.6445468009152934,0.06516690335067082,1,-0.09974135681120733,-0.8725891604908369,2.665010386754412,0.015969647764330144,-0.2916051739374673,0.7562756089682013,0.295768057643037,-0.1624585139155557
0,-0.6345875838737054,-0.6101979295446401,0.16234309026540583,0.36369391983540716,-0.6777596549239009,-1.3187192358811708,0.5106644798044461,1.8820201890186254,0.32692318501595663,-0.7253774125333854,-0.3896769872543548,0.6091145615346334,-1.2502539337907448,-0.42536038628914896,1.941452010116431,-1.1810228445678341,-0.3335921965922528,-0.2976426918257299,1,0.00077079345641759,0.17766068584750372,-0.7733013237325975,-0.13434495726051907,-0.13476576716449545,-2.2084846039249193,1.964524929791454,0.748623759515038
0,-0.05958345850935265,0.619900807552792,-0.021262262557973678,1.278241772681053,0.589046037831976,-1.0930725858974926,0.5090506970423507,-0.3023521297620495,0.3878265783394067,0.10460274378236656,-0.5551864398971436,0.09675867481247852,0.22347770433257946,-0.14746650863479713,0.3779974021406334,-0.4143683044613923,-0.19518725317659336,-0.41392100091602085,2,-0.15613145774110174,-0.5748289407252569,0.26523922828303625,-0.13858845242106,-0.6732053989161888,0.1848307843493553,-0.7608391809960694,-0.724170487706318
0,1.6587421199085035,0.3754488287296731,-1.2974118222026552,-0.199330810590892,-0.5596187355326335,-0.5804693083069157,0.9470196991087843,-0.10306956327718092,-1.314543955836018,1.5843646579048698,0.7512440551200851,0.16362863409560388,-1.1999541044189581,-0.2475841634992762,1.4735923971686944,0.31651301570190005,-0.05576251338686872,-0.2729129943361193,2,-1.3923070497782155,0.8423869231069383,3.0065172597801952,-0.07836026615965028,0.5482460833300059,1.1754167274513396,0.8703515877422185,1.1906173650169851
0,-0.9185881377519318,0.4396430637437949,0.507108836676124,1.423579054188095,-0.2904116946205881,-0.8295937124788597,-2.5489990478787545,-0.6350296371072941,-0.13389604095753965,-0.9836988170088754,-0.7325722818843475,0.5404891315147419,2.1264246070504003,-0.4882741475126188,1.1253782209260703,0.7124745661891374,0.5201521343106714,0.08325489855710236,2,-0.18209946650428274,-1.7855256521761895,-0.7300146302435735,-0.13248169336958987,-0.43266466328413766,-2.5569568405028256,-1.0613205494700142,-0.6418778560859852
0,1.3011692669579604,-0.15412460126912467,-0.31798451696826996,0.20861389176768474,-0.10608745627528776,-0.7990013459518095,0.46498511281917665,-1.100613286549487,-0.10373469777672617,1.8686479105124272,-0.5111821126341743,0.7558556927158512,-1.4663106488850712,-0.9650698278631493,-0.1950127866784826,-0.4388310757183592,-0.4226847478206814,-0.5539351201705839,1,0.057301520559380634,-0.6129085117393857,-0.6091456936334338,-0.07501260435613705,1.0607475684531575,-0.9796876300190434,1.546010203800562,0.5079515286203171
1,-3.3079861752306616,-2.6271082034815794,-2.1484252057514954,-1.5504902607430575,0.6192324939344317,4.129779599628716,0.9369134932581994,0.15086642700441832,-1.0337542841960858,0.6151316359624135,0.3373815436668773,-0.7087424497470959,5.98529300691807,1.1263796577549496,-0.7591782298980906,0.47983153920446686,-0.43954026088550074,-0.145016842688501,2,-0.9329733665878004,-0.9714482778194491,1.2367202187439004,-0.09917146207677846,-0.8536728691467522,-0.6579399560939638,-1.21975314077183,-1.7936159031456904
0,1.5702965525448658,-0.00510828862542001,0.34982334054544006,0.3468817671796567,-0.14597816958364468,-0.6986056978990313,0.5812521498578423,1.5762501984471449,0.6714662122078892,-0.24840598526677307,-0.6702694187205319,-0.06200193334407886,0.9759328671379822,-0.8596568508454275,-0.4253738388565699,-0.25769253470879294,0.4822079678919967,4.0008411559697326,1,0.08762178529974231,0.45328876511690586,0.2558146951234291,-0.13438691653432258,1.038542358724246,0.23265427534737265,-0.04251003831084256,2.7010111745662453
0,0.012547826986283761,-0.21912465155980748,-1.415305146177802,-0.6539797769081858,-0.5685237903188809,-0.9092501925428835,0.7038942044630478,1.1975467448769779,0.15365325237841643,-0.44360168255721993,-0.27231847972276163,0.7283898383145654,0.26743264339488115,0.6831972589787507,-0.6747603579928657,-0.18588340245045004,0.5582446310441491,-0.2181798441858057,1,0.8597501692572724,-0.27916124200071074,-0.18263974986490716,-0.0008428193649420435,-0.42526576391573473,1.0505550403436958,-0.4284387656193258,0.17446212490967616
0,-0.2756576802845943,0.3356123852288445,-0.007830327170464833,-0.10918613694410406,-0.4907208219459856,-0.33532068176346225,0.7553545416351863,-0.01990444298030214,-0.4005174883369613,0.7121392860829953,-0.2395529954521781,-0.014065570351198098,-0.40629762564122784,0.08860651884639895,0.0012881957056432025,0.019165542461158647,0.4720178522629439,-0.6036728626276655,1,-0.34357271647762366,-1.6428843879684223,-0.8334798870539938,0.030860000431466653,-0.3528455363700712,0.5154925058766997,-0.4172907698272804,0.05448120744325602
0,0.6651871929635881,0.5608694098573597,-2.1362285743424563,1.3325521307769872,-0.1419622358618876,1.7560342867572123,-0.7861835353425077,1.6536010573576525,-0.06150491733449902,-0.20837302297759705,-0.7229364767661871,1.9838682777247405,-0.9028437475571329,-0.4859640570901469,3.6464113526653006,-1.0333612062217028,-0.1919499379538391,-0.18926149190130548,2,-1.2721244170582033,-0.02767613261228094,-0.4468334452098026,0.027409008820380727,0.7484818761361021,1.0737654066356543,0.4403550919138379,1.2424729707184847
0,1.8802462930066177,-0.6091919037323947,0.5644719832642789,-0.1327479120193522,0.7935836298127721,-0.26501671552986616,1.1508018398947288,1.5053374183856147,-0.4315243053258777,0.8445465886933021,-0.11441044744472445,-0.25525746827961426,-1.14267722899956,1.4990367765736443,-1.9241990832317102,0.9447903204245639,-0.09502854365165364,0.8572948573911352,1,-0.49807854737994045,0.21573635089665522,-0.7302215002046228,-0.10769518585325556,2.3466343742885973,0.4170589249124055,0.529905362249282,-0.5058576557097251
0,0.9673794577004955,-2.057582338835493,-2.056291283756263,-0.450409822297974,-0.44381017682593027,-0.4981594973434831,0.9631049401652294,0.3416806579778252,-2.0958174474124656,0.734143266856112,0.393131923617979,0.44424481640536223,-0.7485785694701589,-0.0548514047466275,2.027009136428644,-0.2781894653405218,-0.65175997996054,2.289519616279248,1,-0.0701123927118737,0.5229346104188882,-0.46950185943433165,0.029645909160397,0.5936626980753976,0.020583404272777606,0.8557718812903362,-0.5439507673540589
0,0.6805631043983913,0.24425737172241835,0.28660103124298636,0.3336984425030758,-0.0873614372901473,-0.6722443647908438,0.6763281551797372,-0.6022071228870494,0.602638708650558,-0.33685035579411976,-0.47934266868690334,0.17060715750913652,-1.3156263460151079,-0.2129084315839371,-1.8501933641575434,-0.2715086162806883,-0.65175997996054,-0.1494987597588749,1,-0.4456262359090143,-0.9068978109658303,-0.13174361616685068,-0.037003614231132714,1.0864631154273217,0.344423212463849,0.32645863948898857,0.8514489242233709
0,-0.4718391613985755,-1.2122405292100864,-0.34817299974250376,0.333225401675436,0.08610201128550765,0.4024909654188109,0.5708294066165902,0.29613318840970443,-1.751343859069665,0.025895641985394346,-0.32158761195372887,-0.019581132313359784,-0.5492639509385703,-0.2134175351841241,-0.3909086919391804,1.26621483884346,-0.3214962967477166,-0.3368946120181746,2,0.4762859112870441,-0.1004020943988605,-0.41444515896476947,-0.015599794702454269,0.15560458971275076,-0.9646656541518676,-0.9451107273454129,-0.7671706512811977
0,2.122765472573276,-0.6842275161810183,0.07623410695281485,0.6829222259152169,0.464531262078178,-0.042051719675774174,0.5657753921884559,-0.790014779252614,0.11663022474415859,0.7679368005242513,0.09022841391042341,0.6026329875946823,-0.4264098495984113,-0.1651314696375747,-0.25890769077351616,-0.43638769349932116,-0.65175997996054,-0.15831442778356575,1,-0.6181705662092015,-0.22645036495058973,-0.24820378141263977,-0.020118784575862414,0.45498961718492387,-0.217182580899629,0.6100797033427089,1.8034962994892316
0,-0.902210303442327,0.13133277674881383,0.2699220699310395,1.6626804459178155,-0.8302863094013563,-0.6427532159690001,-0.7976939869573383,0.14568112904895764,1.3197504893869412,-0.4936281280766776,-0.8885453463046862,0.21030866513004765,0.5896469549114851,-0.10254986246341441,0.5862635342871862,0.5104066301626237,0.12794909832016627,0.399294663701662,1,-0.4643676462115995,-0.0910983665133098,-0.5939153974294411,0.016083249211208107,0.6883044948345882,-0.05415717750195559,-0.3948759098042456,0.3279205142258781
0,0.3407673337151723,0.7227774798837294,0.756941852710012,0.8191751219040204,-0.5273911209532436,-0.9329402484173277,0.9997667519268296,0.5307477851605309,-1.1083845242238854,0.2036122775656992,-0.360120222558668,-0.07833127049882885,-0.6466993489392007,-0.3333124438634253,-0.3386275149291474,-0.613584201909628,-0.2832499381310078,0.4631195779453904,1,-0.5535559695655594,-0.18790201411236848,0.5322816611109452,-0.03649395145014564,1.5090078289874036,-0.8008978182441929,-0.19319561666349827,-1.3455885198039619
0,0.30900415518083113,-0.6157750672102367,0.023839628572328908,-1.5898703014403264,-0.5319047988504553,-0.631942836038262,1.0402223803737152,0.11031281770778323,-1.2290663462615605,1.544552480085069,1.3178120635594628,0.2847495232727598,-1.723815021439628,-0.014817288940985107,-0.26245475901816007,-1.2795524686751059,-0.23985002992282048,-0.32842541001917713,1,-0.5887270463370282,-1.0292844847825686,0.7509211502354414,-0.008637146853276934,0.7544590832493236,-0.05600740920109758,1.480388479577092,1.4401543413537656
0,-0.6714694304222482,-1.2128930855918572,0.16313469786473211,0.539896199800261,0.20938910561703927,-0.5812692784261189,0.5872669450123799,0.053251841125297905,-0.6610690624557508,0.8352206672814003,2.3224447255454095,0.06128336564437514,-0.1920465345597473,1.2225727710536012,-0.9117301281233704,-0.24627549560855727,1.557684615684985,-0.6077665097056001,2,-1.87737378862638,-0.6330772882600006,-0.19016418993648054,0.04972285209247476,-1.09095311408826,-0.6694298555082983,-0.6666500932689374,-0.7891503179835639
0,-1.007458005707346,1.0075278897115483,-0.05590864612952107,0.0020350051312765273,-0.3024830975957603,0.018189998690519793,0.8492296494572387,0.0092518381596155,0.8441284378711628,-0.43786605885627067,-0.7282945518658663,0.25379346725768354,0.18350571746322653,-0.25812699719268384,0.5351663186675897,-0.9543721309059766,-0.6095509216631981,-0.3764449040655364,2,-1.3142808528120389,-0.31199301892686515,-0.5998447355030339,-0.08641497372525205,-0.1025608537902038,-0.3853605350144066,-0.5782307049930583,0.4493470865056001
0,-0.33999835162078673,0.631446129928263,0.11693467613042605,0.7419332912344336,-0.47651259364211257,-0.49392172054072586,0.6387867333196081,-0.48831178842036316,1.6864396683676321,-0.2322739794683149,-0.23487517376835662,-0.3722722354466763,-0.23760598435380617,-0.8872875650927777,-0.9952132810002599,-0.0012817844022863234,-0.1632199460003809,0.2217434600094152,1,-0.21851710851956085,-0.10612359795790541,2.314298365799628,-0.08866521224001075,-0.8219177278508588,-0.21730640983228483,-1.1115602064095045,-1.353925588293945
0,0.28043456200687733,-0.3756958926844257,-0.7814122951276714,-0.2862044176736841,0.11339675599430032,0.5258739547776717,-0.9302405559506776,2.2262533254463612,0.7023990640757961,0.19391168010441992,-0.06248241422232134,0.8635080598061269,0.7033263787352447,-0.2658449413530916,0.6459389259280676,-0.2480497557296594,-0.3065887793830844,0.08987904362325252,1,0.16124663674399067,-1.752038924419212,5.503362399150596,0.1553032351003518,-0.71360091414648,-0.4863059726228853,0.18153323152170864,0.0815569395194331
0,2.24867707487614,-1.803870544984579,-0.38564703699609065,0.2701042902492191,0.7493793182945824,-0.3889404109563732,0.9105106253528261,-0.19874128390171952,-2.3089389807888594,0.7662130238335917,0.0782368202573625,0.4197927156898535,-1.2633026890749828,3.253317881275085,-0.8469401987923759,0.22129964601525542,-0.4434365103787578,-0.1401152805348099,1,-1.457689668814524,0.29729217607765646,-0.2517394037891386,-0.018621799063746426,0.95141743149554,-0.3652952924191303,1.5747397200460356,1.0694965101476015
0,2.24867707487614,-1.8019603354392777,-1.3310081964188303,-3.499384979267739,0.342788415756529,-1.279410901809416,0.6354048790016539,-1.039031446740728,-0.3547066688407211,0.6779123477955604,0.9032581885747282,0.7940172755336953,-1.6149368466284697,0.14945694477694266,-0.41549783930834383,-0.6823329902474766,-0.65175997996054,-0.21066208237378004,1,-0.016299393697850495,-0.5152455916287471,-0.7553003698695774,-0.12410718557261242,0.7386975238164762,-0.291276095471752,0.5359597774685827,-1.669141110245007
0,1.4603908256259803,0.22619421939032058,0.7131170844025616,1.3336554936472542,-0.2339845798765331,-0.8889965106439106,-0.14570541204409682,-1.5845357716323558,-0.8260391273487979,-0.09476175717731106,0.4755888513419959,0.013314014261938928,-0.8064499205225072,-0.02198761968422469,-1.0319504892505922,0.7219464287468108,-0.2216472116277684,-0.4370576364638983,2,0.027085719439268574,-0.34534605951619324,-0.3005643676515116,-0.04394660355930671,0.3625672049599283,-1.9654468513058916,-0.6263360559509703,0.1064497200720459
0,1.5447944079850324,-0.5162606492544681,0.04131427972980495,-0.9176772416985619,0.08273919088973217,-0.07438573406735054,0.8426287737828982,-0.2882226140015285,-0.3545750512515626,0.3954833911150629,-0.43780564363607144,-0.25958194578460747,-0.34943878607010104,-0.651915728674006,-0.6921654248309945,1.1280409677770833,-0.1767303014873027,0.082503526273141,1,-1.2424325018483668,-0.2934413299496411,0.7103513604410698,-0.037794217449985346,0.499789205659011,0.12074586301148926,1.829191413439442,1.8476115384156513
0,-1.3360223829040627,1.4553362985600082,1.1729368544407537,1.7633748761664556,-0.6304623089273066,-0.5922667043440344,-0.4773107357860993,0.6034492500985373,0.13009437753252973,-0.27483898330833617,0.2724924475064503,0.5252601910482957,0.6608787923180368,0.051027546849118144,-1.0557123004968236,0.9007280622547118,0.828228989554626,-0.3777020133246212,2,0.33480252686868034,-0.3763014024513618,-0.19496297095977155,-0.0396516937457572,-0.372226713381117,-0.17179908491968315,-0.4275710468282241,-1.2738550525335754
0,1.736546416552797,-1.081113962333109,0.5108778182858313,0.37350415570182505,-0.6328803653170532,-0.248030131685887,0.9144543411129166,-0.19204653371918215,-0.9038222472478014,-0.4169841590377965,-0.825225129462353,0.20753553338274838,-1.0888872898652548,-0.3149833529058933,0.17354858507671356,-1.186051906337687,0.4896035123515394,-0.09652103311918042,1,-1.231839959753216,-3.3093982700613025,-0.837083612328585,-0.13858845242106,0.5753725904518113,-1.0718760936730791,0.9751316408611239,-0.19127440912588378
0,2.0265983988458482,0.15416555615324556,0.35184533133688833,1.511053168131589,-0.04003320610017469,-0.37066024736565084,-1.6614277932638748,-0.29146813823825557,-0.840174173416722,-0.7463379710564522,-0.37033736168372255,0.44983063756737746,-1.5644349199362013,-0.6644753342347851,-0.4107183093593528,-0.31296221928153645,0.15295993317649337,0.11297546552512244,2,-0.07631153766190228,0.18632968912857706,0.05013484665755542,-0.09345839159432641,0.39133903419631855,1.7134734415628374,-0.9550845712379759,-0.4534033411947472
0,2.240053931346727,-2.3496180401404674,-1.6420345095499413,-0.13324538840432443,-0.6858721705311954,-0.614512913788207,0.7663047904977719,0.2046585195919589,-0.2751973717534161,0.4766728646953352,-0.5606412331366577,0.6226505992033862,-1.3902454890850302,0.7086795175701007,-0.12786005885737628,0.6761929461156192,-0.6396099392284746,-0.32611825256879345,1,-0.4644690749148003,-0.5907379110976466,-0.7849194392436695,-0.13858845242106,0.414747886798605,-0.19972431555257059,3.3461143821424435,-0.37229588690580667
0,-0.1895375990583853,0.6793141446030535,1.302359895609201,2.1479762618079983,-0.2702307223842368,-0.8685065195043096,1.1088613800877518,0.8494403477526236,0.2188039363901043,-0.18500744815732117,-0.3108739387789117,-0.10839594593108653,-0.9934090166522727,-0.37791553134514594,-0.13925934195928844,-0.4734963818889447,-0.016911299793957002,-0.3932740724325579,2,0.5270212568812163,0.8042852356969054,-0.24938347034249672,0.02174134664119387,-0.5149821834919157,-0.4466364986102287,-0.170904924656764,1.5483218330039898
0,0.6350409409218375,-0.5131318478236871,0.0931661109015596,2.1367721940657427,-0.13180145531529058,-0.7084301046393697,-0.5182550790609559,-0.1629515525466152,-1.1949864957147351,0.6401113658799302,-0.180396360813963,-0.1851597694215094,0.33457715210036204,0.07085236946807691,0.49947892336916255,0.12064638308601228,0.03724560431533877,-0.2788356509666279,1,0.26742997011402375,-0.03782839379197772,2.141547609234868,0.08797691635071947,-0.13112885878469605,-1.373323528133474,-0.1927375597134206,1.0540066497683505
0,-0.8616923300607603,0.611196024736764,-0.7129571723642196,0.28466632168829187,0.5778063233308264,-0.6770562767875756,0.36330640679597487,0.18520857081506015,-2.040372885444532,0.5613059158684875,-0.38730102138404815,0.6216030706152484,0.28653193358670626,0.8805844350436107,0.6068443340937735,-0.9623088138527818,-0.3807386510521494,-0.12708178948827784,1,-0.30381534080245387,-1.0265359572619914,-0.701800108749929,0.03314498983196519,-0.29806515316734017,0.20480115234141316,0.05100479315391704,0.4095398735813438
0,-0.630827171088717,0.007078982396299782,-0.8365883161598131,1.7723186742275066,-0.46576467561251955,0.42041903841238476,0.7646998842656332,0.9231287354093816,-0.2738231689401298,0.48068775344783543,0.17550602531029175,0.18045899031334578,-0.8752869528851456,1.1316222773765887,0.28744610977465423,0.15388038525931802,-0.41057404399891284,0.03698623338633972,1,-1.1825633915667348,-3.934164596141967,-0.795086656630031,-0.01775609001052529,0.16822666491732877,0.41276908750872454,-0.11092173101362186,-2.080695953232397
0,2.24867707487614,-0.5794311543486323,0.506998292312167,0.4483761005611867,2.240178228480061,0.15958523443017347,0.6875150635325504,-0.4505199786190429,-2.38497712011191,0.7150976206242762,-0.2464724334432127,0.7042419115506148,-1.5807843790454124,0.7369687929490698,0.7290977095559151,0.24776810745106126,-0.65175997996054,-0.18139051779191073,1,-1.3215846761554326,-0.4591144145125079,-0.43977805642683143,-0.0775328172557171,1.915256739434286,-0.3536900282207536,1.513436190037629,-0.5834216585149445
0,-1.9958461410384614,0.5943697439742662,0.6173206333455179,1.2894815677965397,-0.20300821978213587,-1.2294956539350363,0.20052417777134612,-0.22784114111534937,-0.8030328859565061,0.2533877521770047,-0.1330255704439232,0.7610703209674894,-0.4965162849173176,-0.6751169021761827,-1.3396739891894303,-1.77678933362075,0.16255106056465332,-0.5419578434076622,2,-0.470761490475052,1.2679764287860498,-0.42980283799189856,0.005508226185481982,-0.7983987541790647,0.012074853799132534,-1.0059752319221456,0.7275957819143399
0,-0.04178713915367299,0.1734413183704554,-0.5093121373837863,1.2333063166881966,-0.5153224506698227,-0.28430457616587074,0.0015202278040548078,0.7580068165739254,-1.9019438130506967,0.1187450073109837,0.0637814269549401,-0.2795224580165926,1.667064270120437,1.670550098473588,0.16657075651561815,0.3425912138151711,1.5119323867565426,0.056213273418916465,2,-1.1321883994271356,-2.7998381306464784,-0.6755025008127955,0.23414146319124757,-1.09095311408826,-1.6544153070916876,-1.0698536445242812,-2.31159320995854
0,0.1490867289779947,-3.031507093240135,-1.6433432421459522,-0.5765688709797259,0.6643267785636678,0.30905237257294393,0.7960783531661098,-0.4363946256750729,-1.6240043535939857,1.585321118504109,-0.08799831504458686,2.0375520347212737,-1.264190222207497,0.42555379815747285,0.056257825729932764,0.2798734019012322,-0.39981770470878586,-0.4715002857479331,1,-0.5055224546965295,0.38362077551706714,-0.07015834919014988,0.1429755981200907,-0.6160455770910854,0.5909306237643289,-0.7509585917710908,-1.3663505348592313
0,-0.3815812641487294,-1.8232182189268502,-0.8665653062765708,1.2839048116220133,0.0011658228998761566,2.6058521802442898,0.834611033573997,0.5825515227703563,-2.006241197524087,-0.6236674176125465,0.1493453348046277,-0.907081430379346,-0.4706251337998707,-0.34227767264414877,0.3641619819337767,-1.1682155914596577,1.3675859333028937,-0.1894137237704256,1,-0.27292255102692975,0.30375797990412445,-0.6599340519345123,0.14857509006888805,-0.6777389976002026,-0.10451996644323575,-0.13749966571842087,-1.2683267496479163
0,1.0490089055057188,-1.086590847331085,-1.8612404445174884,-2.385108579263519,0.8745306383740036,-0.6162358379654704,0.5502995867070519,-0.8999045822115,0.15253537597280692,0.17338074943105355,-0.7971465469571427,0.8109930954319745,-1.2693683052977902,-0.2530964255944397,0.132354412541403,-0.43751006857142805,0.8592564727072461,-0.3298642979199108,1,-0.8360402799898423,-0.20395353362841612,-0.837083612328585,0.16730556285380854,0.20580117890728056,1.0326947712213193,-0.09678269135160278,0.10946842302997437
0,1.8879054342985042,-0.32180635696440196,-0.2785894339135867,1.752471228635381,0.5038634289643316,-0.5320341341252169,0.9886694770844277,0.6492012890461222,-0.09038654742061158,0.5147491432578691,-0.13151859883806621,0.4711921228554207,-1.1808048855054714,0.4159685866367644,0.8239817451331016,-0.7459842579493401,-0.2754763656821092,-0.18542746877261113,1,-0.7829124435893413,-1.3366678612008849,0.5871036525074309,0.07602762713580904,0.05311096068481136,-2.330602792758561,0.7014252816216268,-0.35793458615615625
0,2.050633285477949,-1.025107718744665,-2.437850255309194,-2.2158953665231556,0.3228117915531531,-0.6750729011858687,1.0508528891404585,-0.584477277455878,-0.6043586880803558,1.1234099685656753,-0.14324050847701286,0.9211524566765809,-1.78526162662461,0.3533321963596213,0.4816643002945429,-1.3540481422647486,-0.5404170703183776,-0.12163101785497982,1,-1.189978882349605,0.05715288933041754,1.3745515206030887,-0.013564776293770203,0.7844238978213399,0.210170367702333,0.029284350846928597,-0.6039418998828155
0,1.686180220108486,1.2738704314201623,0.3343618206457346,1.2653081745887573,-0.48238131190317435,-0.2903510811028097,0.5564797451745556,-0.499397281309107,-0.8721782704103842,0.8435706190175828,-0.7558254089056455,1.0279667830425234,-1.3144527650365014,-0.6382225651483371,-0.7841440043705799,-0.5536464269849606,-0.6244045344461844,-0.5490347543557366,1,0.11739326588575005,0.40181840049856643,-0.6630903959549526,0.18786056384120414,0.3432805142062616,-0.264440091470288,0.5136952989556071,0.006582940182249919
0,-0.3911025302400907,0.5854348108637678,-1.0926140217116507,1.5513683564745258,-0.33666106422222136,-0.7603776250412048,0.8822583615218276,0.1797861453960788,-1.8328099327648144,0.19033837751257265,-0.04200802440277138,0.6489650674897025,0.8018012489609919,-0.3764270195862437,2.628793375226204,0.9664361050845798,-0.34948833785286665,-0.22241199628868613,2,-1.064669777388938,-0.09915828554122119,-0.06306856495181445,0.1980707846593585,-0.626630437710354,0.7492370956977197,-0.1060771744764393,-0.5163795496417894
0,-0.7830317067200653,-0.09244536044205975,0.7762219444730243,0.49846734498339684,-0.2135895373244126,-0.29446888459783893,-1.266775880255115,0.12401759224937464,0.7618661912447613,0.28667020973771784,-0.22555949510440265,0.6628388189811536,0.005129844420844076,0.3756746367279077,-0.2593051026733997,-0.6613182218514321,0.8333576174223615,-0.424345915591212,2,-0.7008453380175207,-0.10436382186931448,-0.6736744354667644,0.17369547452087947,-1.0044367589498049,-2.4958290003945622,0.029110336242536783,0.6146265222882155
0,-1.0159382375205515,0.9922432098165241,0.6523615918087844,1.227731201814958,-0.14921912797033535,0.22314680108829452,-2.106833413861246,-2.28870639381683,1.3643293475109173,-0.28686657560756224,-0.5380483534663861,-0.06123262467312335,0.16850188538247257,-0.19886303640347905,-1.100539853627815,0.038405941523864895,1.2570493197312187,-0.3169647537461542,2,-0.4870661723366105,0.5013435356584495,0.26910557160500986,-0.09139830200280502,0.09623575002741708,1.318820111563521,-0.11571788172863703,0.09539644550410836
0,-0.16152663398858338,-0.045531017716986116,0.24702723172372737,0.6473300468136212,-0.3217810151338159,-0.609076014219682,-1.1063800192888233,-0.35111629693854846,0.23341278718628333,-0.13734791003804794,-0.5660482243076355,-0.2856867413603871,-1.0295966748099898,-0.5932039467319411,-1.369030367963942,-0.2132830412537231,-0.5259439434326999,-0.44448049622350416,1,-0.7204728556504514,-0.562965922780932,2.0644884055333703,-0.007077084598645214,0.6608120759306787,-1.0184768040906442,-0.6412704501278795,0.8407775765330223
0,0.6724179444918361,-1.674469708687156,1.3517546802296392,0.6267307085717019,-0.41631442346816777,-0.23521211168160988,-0.1468421041104151,-0.25806851418982835,-1.6713551387377028,-0.4270789821291333,1.283430342069246,-0.3347389424978681,-0.9181910074180494,-0.33182441434501875,0.403949987564994,-1.521714308073698,-0.3307063810776538,-0.21195381349910475,2,-0.3618461921425732,-1.1768106448950015,-0.7436857107242442,0.10965509239924597,0.08792224733993624,-0.1297825255466507,0.8665681630980991,-0.2338402608073949
0,1.7379528552381482,1.9264186349696344,0.18818739538315138,0.8836906919464036,-0.584321677391622,-0.08593475064927997,0.7591491683414981,0.0317870974472938,-0.7229242551302655,-0.09401485585774966,-0.6622903098834493,0.9745769513616069,0.13605071369289914,-0.46587940598608607,2.8537374576676173,-0.5073107166153104,1.313726149413657,-0.21495450117029705,1,-0.32798964356109983,0.40195543918974963,-0.42856216375680284,0.022242989549481243,0.8304948202204864,1.261206764303492,0.20647987397560652,1.4547430727191974
0,-0.5258532635779644,-3.5234492047770978,-0.9918942923793672,0.1879481623764978,-0.06556570021801472,-1.11957756727806,0.521786582066837,0.712629960494244,-0.9505438916565555,-0.04370322577212765,0.41309744498734,0.3494230276290643,-0.044174401567167565,-0.21419397032047094,0.4341231482687413,2.0886197132140913,-0.4766932355598381,-0.09565801273269182,2,0.20122758952288816,-0.28887711505139024,1.310509944849029,0.046779202646674005,-0.6741069072603436,-0.46923810277487016,-1.1534982845807114,0.029391356247821104
0,0.16236023561619362,-0.09804584188461918,-0.11713736071685388,0.48317160160080164,-0.4970129591343805,0.009983525718905817,0.9822705093451607,0.05434363570802342,-1.130658159295818,0.1678134413149418,0.27608719795199715,0.5856119645118948,-1.1231394994246193,-0.4352942272408723,-1.1192483944574814,-0.4254832516539031,0.01791430791539586,-0.14706920705879833,1,-0.5556060509632698,-0.14973051845525864,-0.08369025299068339,-0.03603395313389053,-0.2227886320519133,-1.1963335626753717,1.5792110828783967,0.5397795898826463
0,-0.028798568128143465,1.1489116446273864,0.8505153598967313,-0.9958832618287587,-0.8578229139514296,-1.130881753588178,-2.3119370421343164,2.396091333517138,0.39789062630169547,0.27800596868881444,-0.5487387427372981,0.2240998660205511,0.03958140072077011,-0.8904996707115556,-0.10662911524872143,1.2867972345517709,0.9025950675740371,-0.41024020810465467,2,-0.7767967045265249,-2.744459387343933,0.54421544054833,0.08317938600160171,-0.2651676995412412,-0.7456052380367059,0.6723724419867072,0.10263188703975304
0,0.1596253335558686,-0.734371304497849,-0.3019627148838947,2.669036364331982,-0.07373417791513459,-1.0797865729218064,0.6611847691029011,-0.27538939033841736,-0.009663262798460581,0.4819386883525264,-0.598802321311406,0.8113206873991404,0.06866503417685144,-0.5599048108043948,-0.037727886921204545,-0.948726514385585,-0.5846257724337098,-0.24056025416143473,2,0.015273195361273945,-0.5159365403820719,0.6211393997067803,-0.10510890291918226,-0.7118548991426059,0.10991868619643219,-1.048145153268779,0.11748182321237896
0,0.5088158053134303,0.4426082043284185,0.46944568587311414,0.7789078066010792,-0.5170608567549863,-1.1840059075740874,0.48271167909395335,2.7615120466440564,-1.1316824030325454,-0.5237336887047498,-0.1299129349600092,0.671790524840825,-0.24759901123357708,-0.20422284530304158,-0.2483416213635356,0.5175428177099624,-0.43772594152352035,-0.43486432459679986,2,-0.5712888065472634,-0.2745293317527103,2.2284501896778,-0.031102257546431974,-0.03412759989770914,-0.6316810689370309,0.4352170253725173,-0.07901598116899673
0,1.8566624006540735,-0.20120328627852807,1.6699475605211938,-0.587282135974839,0.44570608191355715,0.8337098943040866,0.9460209068144421,0.11112340754377692,-0.7165975178529299,5.825422936093283,-0.10080256951333938,0.17654027484961154,-1.6889697758773679,-0.3392877587300271,0.36136146867652563,0.7719692647843244,-0.22344799122413617,-0.2898865617478284,1,0.027451019930735787,1.1234338812798619,0.6470379914381668,0.04968679749475853,0.7724111718618665,0.14568590398681858,0.7781847145405819,1.5924695141476781
0,-0.18389116804852046,0.7430217612532464,1.168864631612681,0.6356907957784597,-0.5182299470153453,-0.9688025656371819,-1.3281195892847757,0.7877274545664454,0.4913012673408611,0.6198895337766563,-0.5082646310715992,0.2430015980949416,0.21786685178686604,-0.06754829604334303,0.05759354389620841,-0.18253245647381533,-0.16227362422720154,-0.36334628001473235,2,-1.3075823992964033,-0.085679787818289,0.6624201403157266,0.013709833928113715,-0.39323228664571147,-1.4730991504946762,-0.5615005606309602,0.8699739629954939
0,2.182584895509347,0.6285348768207693,0.19746201974660016,1.9929139865248917,-0.7224330423206118,-1.2617865965514863,0.8876808164022325,0.63061938303944,-0.9302684113571487,0.08271310357742104,-0.845498356563983,0.6395350581712257,-0.5624525869614028,0.0032357741884045943,1.3345747966523658,0.0015089679802058331,-0.47238591856131706,-0.479808814043187,1,0.3205726122219829,0.18368413040845066,0.05851675219818372,0.053859620750602424,-0.05018203362872409,0.017166556575410996,-0.6035596123560547,0.28937237726107634
0,-0.6050853782073836,-0.2409391874787627,0.3769727038164589,0.3065586653463961,-0.6885616381110358,-0.5780734092386887,0.8917820046582117,-0.12893377031390374,1.2473818965319912,-0.46324316333852367,-0.24665122890617838,0.11450812537581478,-0.460968988815138,-0.47110102257657077,0.44533191981451153,0.8869544568308527,-0.5847241093873745,0.5863961709025769,1,0.32040540373964344,0.6417008605980662,-0.3099674908301136,-0.11190233401678218,0.12505913272892266,-0.7998987814027101,-0.22452597939291952,-0.9284135908506385
0,-0.7084691142634467,0.4034416116719314,0.765641673259677,1.0609670826068611,-0.4523513197233525,-0.26669633060818415,-0.3424370768172998,-0.2832445594953887,1.1812177913975421,-0.213918043866182,-0.25676662985702975,-0.5406812697801855,-0.8558991581160308,-0.6329263725804799,-0.2939492641031779,-0.08351102929113416,-0.6008110647355354,-0.14651167257138087,2,0.3771888933140602,0.8508939143250196,-0.837083612328585,-0.13858845242106,-0.16897440677044193,-0.18789204212502925,-0.3484819297670678,0.185737071468344
0,-1.3518137334757165,1.5905407945331782,0.86866548913228,0.016062485930052883,-0.13868695309183476,-0.5792666113063645,-1.7590722885323138,0.7174377537002736,-0.8943130184392027,-0.41773277490227967,1.383208473247702,0.08459878582871702,-0.8328736757286721,0.4439362574165906,0.8493053128030211,-0.19600057724867603,1.1758944632053001,-0.004796161590255976,2,-0.5177126437938246,0.003419608521871842,0.3552093868839339,0.22457793097613546,-0.4584621680560114,-0.4132668557183772,-0.02195403054541485,0.3862431729645591
0,2.24867707487614,-1.4865554897067295,-0.31973980423735593,-0.07689551622787694,0.807351086017657,-0.09787405083475205,1.0270676917977264,1.170065163678764,0.5157416742448012,1.6812571691416422,0.48309507413553765,-0.16673657145566828,1.6650971709132363,0.25904195270982744,-1.58571666346509,-0.46183027066916416,-0.22997726952456204,-0.02985885769662098,1,-0.32854617306473965,-0.33672379319855217,1.2725975316044882,0.05651445103173891,0.43794435963507994,0.19783508309777792,1.3896150066632091,2.7104075201615645
0,-0.6192780128707096,0.8559813837563304,1.3520535770990239,2.5952521904131247,-0.35025088698137324,-0.3120190669766333,0.8552527409904016,0.17577509935806945,0.7459223228274612,0.02571034712521003,-0.41698239895192246,-0.5044296068781965,-1.2717094082919238,-0.42881681810769623,-0.9530191187137862,-0.4422822669208585,-0.5197628932689138,-0.279224535299861,1,-0.9321888141810373,-1.1493002502173166,-0.05392721297024416,-0.11720656213714721,0.5215870330435741,0.0029082232865037527,0.010882231606251402,1.017507020538872
0,-0.08912898874243401,0.6179345664853384,0.11586359558997816,1.007083733200522,-0.192681949901816,-0.5548227858631969,-1.1932490822584534,-0.5807691120682703,0.02824070298044401,0.1174126012269594,-0.1492747083036411,-0.4961128518565022,0.07579039388100905,-0.0680283202758516,-0.7171334441384751,1.7756679425757604,-0.40032181191862004,-0.2762221621851284,2,1.1629705520878517,0.2617308179510657,-0.6386202300668672,-0.07185769415328974,-0.29750782400990194,-0.4563671521736705,-0.5113107957200125,1.2528291615923035
0,1.1205760845500894,-2.7501405238916927,-1.6914197101530122,-0.501870195514228,0.11177823767227046,0.14495787892241874,-0.5569183856360302,0.3133540529082629,0.44553014593014384,0.6947709820414574,-0.34685180446879293,0.19900983209359005,-0.2407250532517704,0.5873236371548001,0.6910328281068556,1.1381582641395787,-0.2863773623269018,0.35719209762284093,1,-0.14988347766210358,-1.6290065134520169,4.340147821292994,0.08183754994294173,0.1960321847554018,-0.08847098241171131,8.313977866207651,1.7913365954766247
0,0.5579106377278223,0.31710644172033475,1.4176537810880023,0.306252209397327,-0.3066444762271226,0.0034436276661380383,-1.0707385118925334,0.803111824101994,0.6257051644043078,-0.07706455827597586,-0.14611866999511064,-0.31129195797861087,-0.3576376713732355,-0.8441829000369647,0.07957994809486613,2.1663182935297236,0.9437722874965423,-0.6156391654553279,1,-0.08862338994472574,1.5101881022993808,-0.09377474892800108,-0.04325495983211891,-0.4351093226975401,0.8258374190926512,0.4162892492288305,-0.6003685340745843
0,-1.0917487766457326,-0.07117717663236373,0.8255412931530135,0.17457063614890056,-0.5549890917077803,-0.9100572729966394,0.5088160536999141,0.5564499142783933,-1.2331521193914354,-1.498120659415182,-0.7879146990224155,-0.7464563160482787,0.7534290106514836,-1.1994499717197187,-0.4529863574441437,1.6180565744562254,0.7114635903056402,0.14180157279015868,1,-0.6727315992464818,-1.6348536957534696,0.6017397971060586,-0.08093383790195369,0.15084197226167606,-0.4138183425953377,-0.6845733318466197,-0.003293231163691901
0,1.5579861427008523,-0.6039896423148932,-1.3612141191124651,-0.8907930659193763,0.32974846539837227,-1.1711171791980601,0.9702726762686142,0.1592377804335639,-0.8530478177644609,0.7305807797284757,-0.0795928635594844,0.2628047218607941,-1.587872662874982,-0.0625502609829657,1.9184231274859767,0.24637364773563553,-0.65175997996054,-0.1124583641182959,1,-0.443979011955531,0.7752018936684858,-0.6889971801238592,-0.054695668558144214,0.20017362055934373,-0.9824075566541582,0.7495437249506458,-0.2861790891711626
0,0.3266869609801879,-0.8590235794872325,0.5045275219009676,-1.3184545003011496,-0.9343688997002948,0.011758147064141175,1.0561177833594209,-1.3181004150732407,-1.5436001989940005,-0.39850930481153723,-0.29798531685098056,-0.9242714858065505,0.10927442709198176,-0.11785385199554214,-0.020302250709923086,-0.27102869898312587,-0.2584844004506035,0.7512871925462195,1,-0.9042813449392137,-0.13418906806419195,1.8023571372761316,-0.08115871714265936,-0.11558151114252363,-0.5269941921588341,0.3781719628597945,0.05717009333645537
0,1.9478377148215045,-1.2731620246025617,-2.180596899188764,0.6800926085010965,-0.5959388443507978,2.345452318668128,0.7874258253771325,1.2311836197573283,-0.8874577385484017,-0.038443962677391974,-0.4733012540240285,1.27334314925099,-0.5502073962747956,0.08577226645868871,0.42071450884151235,-0.003034319624687143,-0.65175997996054,-0.19576834289278042,1,-1.0682217251393138,-0.784308823048759,-0.837083612328585,-0.06570890037168976,0.9758347789768712,-0.56630830255196,1.3063659559083463,1.573284110168248
0,1.8831000747525137,-0.800091909069895,0.45883653763677523,1.4911128846823594,0.0017428342648600492,-1.0943173781380133,0.6729877122224677,0.08631201380491857,-1.4038478821201665,2.6637579795796626,0.4926953263958821,-0.4071669895254057,-0.41551844195736315,0.42057886041336373,2.724343589050359,-1.140649157478536,0.42610988541329325,-0.1812362440512301,2,-0.5177250673462956,-0.1367075331773009,-0.03645850103241631,-0.11407990008190502,-0.18623002820603154,1.6997578519335566,-0.7760972443797673,-1.1652657058353681
0,1.1976009131102803,-0.5882454945122708,-1.069638788443572,-1.2770041309973368,-0.22923034145433463,-0.9850988514130241,0.6327109628679671,-0.07540249834680579,-1.0204858078779189,0.0595821935425877,-0.2125832252181365,0.05608658133670119,2.473157791508702,0.6571657571022551,-0.2637765824817944,-0.007416409056179019,-0.65175997996054,-0.4667043342285684,1,0.0018559455757697352,-0.2952576779752762,-0.0634372783308963,0.0824435988083975,0.30446600790832856,0.4228277703631171,0.4956378666957879,0.4433961211157247
0,0.2034021478604204,-0.830335191990092,-2.17024901309894,0.11337490946048664,-1.0205294099616082,-0.7870283499976043,0.6543866759009569,1.1183733410553163,-2.5935434846117027,0.30326967304777264,-0.41456367649924164,0.2846837838562192,0.9695961111913936,0.30176084011759197,-0.14545262139399162,-1.1272999046588106,-0.40677762605671547,-0.4106687222864682,1,0.08845380882395087,0.4691794503163126,-0.837083612328585,0.011482802752274687,-0.5262806850757924,-0.05201227770593996,-0.11272078197704394,-0.7708473167418531
0,-0.6895743198817283,-1.0759292880560891,0.7555751032712926,-0.04489535517004212,-0.14706897406449992,-1.1257451777995406,0.6715632434088797,-1.0373810946799173,0.364561973363984,-0.7537255630510418,-0.1389961575189535,1.1171297408058605,0.20888275738444045,-0.46225617745908787,0.6597752864460646,-1.7909797139247834,-0.5237254480264559,0.04535355319049028,2,-0.29271818645868686,0.14605708157997999,1.3796382006954222,-0.06659666889606494,-0.5076125101610555,-0.5617274452951694,-0.7518305369529393,-1.0705521933912239
0,-2.2716691782213725,0.930060562767008,0.002564229320138273,2.1959148831371285,0.23238184815220853,-0.848975165398058,-1.370005233652266,-0.5478734947864021,-0.37344093450368093,-0.918040277772804,-0.264914666142133,0.34339698605539104,0.6821983316938237,-0.455508024429619,-0.5347527444394543,-1.4740600150155256,1.0126692745801376,-0.058798232903417035,2,0.2917886742111515,-0.003203723946854281,-0.837083612328585,-0.0957730119631429,-0.9090873223861519,-1.1406986727330202,-1.1870189893019434,0.22479804834142444
0,-1.6810585043075943,1.509066128101029,-0.3200714521120784,1.1103480429063868,-0.6753920969790479,-0.37388731538552344,-0.07762164991829323,-0.49076907244821144,-0.18097329397382605,-0.4301010957611589,-0.5299498004197596,-0.3042611701462329,0.18052144588485874,-0.958981561364132,0.5920063746703206,-0.6567459238343957,0.26522986884616273,-0.4747137778128647,2,-0.5304759763065244,-4.871231665827556,-0.6452158882796123,0.06272401749609119,-0.046232483116054934,-0.18989434508076491,-0.4209786782812567,-0.28277060324979525
0,2.034063191564498,-0.19767597887808983,0.5118806524204246,0.7928730137985194,-0.6951507384271423,-0.15280566208780702,0.7276175834255669,0.962255374426652,-1.08809576570274,0.6715807105484151,-0.08599332416123623,0.05581969285961319,-0.6948942081598075,-0.23607851065805255,0.7000360026594659,-0.7830911581164286,-0.1768610325162362,-0.46709880222599176,2,-0.6083020958128438,-1.1812654728401752,0.3306678249554408,-0.0653770123253873,-0.37221113919936955,0.05333746965640196,1.1874722471001753,-0.3962921788825436
0,-0.4291560418930943,0.11287888481967001,0.3406938710112905,1.2434927606196173,-0.24523963540130553,-0.9797686655335159,0.3572051932128174,0.1627764327651763,0.3016348557276941,-0.09985703130315846,-0.6365929132825243,0.4001201306537807,-0.5589084287449628,-0.368329740522382,-0.1401589701146552,-1.1730436099861525,-0.3388197897817644,-0.3294595729894368,1,-0.520587909770368,0.35847739671202067,-0.18061575604824248,-0.0016618542636683206,-0.39626467075042954,0.6361671070553723,0.7142359006596505,0.13755060282066134
0,0.9987440920686147,-0.6848844727234963,-1.8353073069848236,0.6963193133443571,3.3046084760811176,1.214856519255839,0.6741274944623898,0.8997756323005504,-5.348824380976197,1.2633671960097552,1.9170010322841162,-0.04238049190400915,-0.5487532070327683,1.3637161619728135,-1.0588781899711524,-0.255710153237639,-0.4917192363517048,-0.05351723191077579,1,0.0051767519835854425,-1.4023425422308171,-0.7271421442963917,0.026349789863018655,1.433059098055489,-0.9570038966669869,1.9111107849005702,0.31618764517550657
0,-1.8926888956963523,0.13035994904486575,2.0522983023381016,0.7420172963703414,-0.218805645014865,-0.743218439377711,-1.1283560587309145,0.9235543669319459,0.9952991022951192,-0.5281881150953504,-0.5958635807389698,0.42646210884223773,0.098446941995282,-0.33345233858795154,-0.1061051639764875,-3.4654449153288756,0.8939151732635742,-0.032779624540962116,2,0.06518997808923649,-1.1586631557882154,6.685282686719676,0.23239213458090088,-0.3228369570408933,-0.6099815911758852,-0.8821854460713441,-0.14309277503589535
0,1.9649887792198266,0.30554287368304556,0.6591524038340064,-0.17919735201285336,0.43060436208195885,1.4214444558156254,0.9518026275105891,-0.7309560731062025,0.8292461180077323,-1.0703687152827777,0.33387169981461884,-0.5768147224787981,-1.5660907240785862,-0.27852602730179765,-1.9546506021504122,0.11763955917933144,-0.22560749251193252,-0.27011417268293725,1,-1.0119864011573803,-0.9344714258289546,-0.6169077864478325,-0.13858845242106,0.8843723167639063,-0.6573359369828009,1.8958506582235843,-0.8590589434735417
0,-1.369171153061123,-0.6634155343188612,-0.22391032050702298,1.1374959485471858,-0.5733064755905781,-0.3951644414905788,-1.6290048616201873,-0.5114905343580536,-2.1702250866890367,0.2212529698202302,-0.3446955786245731,0.13246723613798972,1.4874990289655616,-0.9282490390747995,0.007078409400892216,-0.5877625155005985,-0.2369972619453509,-0.21060930853921803,2,-1.293646072524887,-0.1855469219305501,-0.08266261721248558,0.08421988739014397,-0.8331283038332857,0.07194973770818125,-0.8108622296456194,-0.30255206322133765
0,-0.26476100332109676,0.199541127438855,1.761592387591378,1.2890158470363864,-0.2565155835856609,-1.3449184785255892,-0.1416202521219253,-0.3093626460083591,-1.716153151618251,-0.2308959682412877,-0.5492001726830422,0.48677999157165525,1.2424533748314326,0.06201043244059923,1.0304872416284765,-1.0787728926501814,-0.0619018281998133,0.05611200353732965,2,-0.7210253622403759,0.09648808715018087,-0.6576122705368197,-0.04716185078651803,-0.7024154647253242,0.9525233862658133,-0.5959803314581754,0.2787946442095927
0,-0.4161279241157281,-0.34724199375905457,1.2588261028976075,1.4547135508937035,0.07158950877470495,-1.0568750597372152,-1.6130498681347412,-0.8881361731879462,-2.5559781088658666,0.2059037646258374,0.02518524172811415,-0.5615337181569654,-0.31115331729567347,-0.7189401907062976,2.1704316109424417,0.2479189173999371,-0.6019556313029861,-0.5541467732006238,1,0.9784438205818973,0.2703863955598078,1.0125833037905099,0.09506939111513166,0.04143744432818734,0.5206097190474529,1.8651281952083973,0.6056840854263733
0,0.9177955272729698,-1.7731558802844334,-0.7202595769663188,1.8610031496310784,-0.3227376089600307,-0.17753949294973737,0.7946936029345708,0.7075717899639455,-0.33276368404473655,0.9049206202420961,0.4600890520222409,0.5292439191495288,0.3702120607068474,-0.33671577695024957,3.2633944638063035,-0.25542429705320757,-0.24422560015146305,-0.6278676343435878,1,0.7499759444788568,-0.12833967297129875,-0.8307848205154054,-0.06339315665881594,-0.5201544434577716,1.109239672972262,0.34396295263277366,-1.7716753223374067
0,0.37650086598855836,-3.349418250797075,0.11323091179157685,1.1518536887836501,0.20324722587532063,1.0896163303873372,0.7226246501846288,1.7863663637024811,-1.2709030237578665,0.6863397660396263,1.2288180023507107,-0.7391740231586647,-1.0444057710304986,-0.6076439564853577,-0.3692274527218486,0.44813799289809314,-0.26402418941317096,-0.2242959827310122,1,-0.502673953116526,-0.14290882795525467,-0.7807482456462859,0.3135900477828525,-0.4687277182683023,0.06793345967570469,-0.03225783700883966,0.8211196513455952
0,0.9852089548754134,1.208380378570629,-0.6216492584602411,-0.3064458181313829,-0.17420878076311874,-1.0410285896063827,1.023616027994164,1.49498696187871,-1.7838253334095275,0.0022154998195401676,0.5793158258606838,0.22316219015110753,1.666605295073182,-0.4742876631024135,0.4070963284094354,-1.6835982798257647,-0.4969250913831644,-0.3234942047477428,2,-0.24197073529801752,-0.7711486941692973,-0.8083009921342336,-0.0797124797023554,-0.15767150321220857,-0.6037437514130637,1.9360854009561712,-0.019013582841703708
0,-1.3377362774686639,0.4558010415019521,0.5504202684526391,1.9210536610838924,0.18621051001513522,0.3880352535812868,0.9293491708600906,0.44382617896009613,1.1368963650182144,-0.03833299337266183,-0.45895827925474264,0.09759652555135277,0.2656146132110526,-0.8153541298402548,-0.5109745880063418,1.116251464532696,-0.65175997996054,0.03056045459034923,2,-1.816245441699318,-0.4079363625169593,-0.3409074369181284,-0.09699784905157241,-0.26796826949023167,-1.4361500175246924,-0.5830009796488509,-0.3928535270765565
0,0.9849438783260385,1.3597067699092864,0.9895796910033641,1.3585249478151504,-0.99750137595307,-0.6580797325457951,1.176424019453092,0.9866130978968688,-0.1766397686267342,0.09575606282933422,-0.29226741997203737,-0.4273178753393524,-0.6828057767133702,-0.8258128810221526,-1.1150879315564883,-0.7900045093791885,0.36005641291705376,-0.3508744385727772,1,-0.6802641771711898,-2.1032044140071204,-0.19995491985564015,-0.052845598323391196,0.5514086857672909,-0.5489513705422411,0.33751209659730086,0.6024833178668739
0,2.2400642412137515,-3.2206021441147805,-2.612737928764958,0.4055557422903676,0.2354075311207047,-0.3601987127646704,-1.9529037634629125,-1.1017512504425555,-2.2829087074909307,0.7349050273090708,0.256387097876307,0.9880526165325878,-0.09136267279900773,-0.07213123298462037,-0.7750380973123359,-0.9354956286136373,-0.65175997996054,-0.3142112359766173,1,-0.27505571771916826,-0.8187706851258412,-0.837083612328585,0.024500846508864686,0.8638468048610058,-0.709623536663145,2.148045489379829,0.5411472394261205
0,-1.1898737974334817,-0.11437665814679787,0.011949700409431972,0.06362297213778526,0.10456706772501007,0.2925269412146787,-0.725842488587814,-0.44695404192010046,0.3409571352305728,-0.6047366712833827,0.1389341592958721,0.2728229361552668,1.46461810988705,0.6706825665748024,-0.0869771511650109,0.7285575440916577,0.026014015032009924,0.021634255650523182,2,1.016204207276361,0.4798965972497182,3.848287104114756,-0.1206912133751902,-0.842090189332948,-0.2583377286425868,-0.27518667277774844,0.07189642647411687
0,0.39224991201800485,-2.510810463539512,-2.3440394340053228,1.601761498295243,0.21940266302707234,1.1344028517626057,0.8754435256811903,-0.32655065827013663,-2.1492436577192278,-0.0883203054657265,-0.40153258375505696,0.45546216347386465,-0.20395781029628612,-0.43377752908242134,0.6528682797414683,1.3623563539983363,-0.21085212261123137,-0.43849529394308356,1,0.012925855994546404,-1.5152516139582426,-0.8308757227574182,-0.12479439367294849,-0.1008199973068567,-2.0050937781752496,0.21328320861443284,-0.7972521690763779
0,0.08499927318718511,1.9332005974848507,1.328080489996681,0.8146097565480829,-0.13803941611040754,-0.33472795560204416,1.0882091633373179,1.0376841598342155,0.05772653493141128,-0.08486521526517439,0.2130514566641704,0.9005441390541888,1.1262001930006698,0.3834482515541132,-1.004915149068991,-0.9870676193469531,0.17869577523890987,-0.19050131271484264,2,0.18127720694763577,0.07432926773565529,-0.12044544416843822,-0.03383892144193824,-0.5695119507291757,-1.5281120485160415,0.09690035070569379,-0.34951316671274363
0,1.4801933406029992,-2.340636350986075,-0.9204490034447614,0.10855097929305946,3.683886380874948,-0.9603376921779643,0.8088688932970004,-2.245168433798913,-1.7370570934842955,0.44712303468504766,-0.28285641523728716,0.5353677509597911,-0.7097638024186663,0.02853539322218869,0.15938868747554535,-3.553326620312907,-0.030203768121702085,-0.17920571522215262,1,-1.1771062106506125,-0.8555712856459174,0.3727306879664859,-0.13858845242106,-0.28828866762799116,0.928225609392949,-0.7973100523755011,-0.69424924718411
0,2.2202825420776993,-0.7434589397804134,-0.4929824771929596,1.1817196802286727,-0.21057219220105788,1.4576544270497132,0.8863612425564422,-0.3945983514240605,-1.845675522120124,0.9491943023641998,-0.6379774796320841,-0.11332578547770866,-1.2339099143583319,1.5002845207561126,-0.7368347156869117,-0.3931938543325725,-0.22886331013024802,-0.05446416518471714,1,-0.47881854724313255,0.011201452166120007,0.4927104735081967,0.07334971413450134,1.365986547824561,0.9386413456267739,1.1222751130020496,-1.5429945512874756
0,0.34403676026573515,-0.3983174621202658,1.1863872445317898,0.17344713444135273,-0.2753715210337734,-0.18251085014043827,0.8243245203490535,-0.5591350050843471,0.4113217352295951,0.6598346720596738,-0.7773377223087725,0.6141321236857065,-1.4821040223883204,-0.5312377316644986,1.095128667501204,-0.16086403019909512,-0.6454305787682137,-0.05875705212628812,1,-1.747851008569169,0.13148646505850936,1.4401473944778571,-0.09778033286311472,0.21511646497695935,-0.882975249595322,0.4129302480720064,0.004287753171436481
0,-0.49574218394218705,0.8851935896276915,1.412868566134377,1.6216693314844135,-0.08190871726241183,-0.1524500405387722,-1.4422263972939495,-0.5083504849794701,1.7979200560697681,-0.727104190297337,-0.6243129317106968,0.5362389178378322,0.698349192619451,-0.2570836155892535,0.10319441304551169,2.094891922642988,0.5518958168939182,-0.32769893550501866,2,1.1081635660087157,-0.6341614627380671,-0.837083612328585,-0.06651856246732357,-1.0299194561597278,-0.1542785276753004,-1.18915317140896,-0.7389777457138
0,0.9068372882755859,0.05161546662609923,0.2712699334698017,0.9316950830821911,-0.3354157557643962,-0.3014121539642987,0.7193954699522902,0.21784111039768977,0.8758858439005565,-0.9793076853958436,0.05262073271892043,-0.7230120454841552,-0.06163599505957018,-0.5478673927355369,0.5496488844802263,0.9141843211918143,-0.1727144001699164,-0.36036220616192016,1,-0.6054433641390033,-1.6937159118964145,-0.017432373433313324,-0.07251635191064751,-0.17201750768053503,-2.6730401277182843,-1.187447588884269,-0.2988559004487965
0,0.5777494129212316,-0.11596835419466313,-0.3651156384568045,-3.159360834628915,1.3520611462929923,-0.5897104873453627,-2.2623260733626847,-0.0197362549317332,-1.5597958234601033,0.6581579312921156,0.26736276363545064,0.12912819476476278,-0.8245562844573515,0.8125446407414991,0.8684042529696261,-0.43027305091863033,0.5187618120235021,-0.45688548661066725,2,-1.7701724928965967,-0.5867834074175433,-0.6366660124402275,-0.07567011029029236,-0.9547714091449414,0.3561255173957328,0.21964800465175952,0.32705241903093046
0,-0.5847982956031613,-0.24424326020508103,0.8394793911296992,0.7909196035213362,0.17922795895908716,-0.7894689247045903,-1.439349297386575,0.4418203443263564,2.648072353993231,0.7972789745653075,-0.9025101181187621,0.6706726029634802,-0.7419294307323208,-1.0192284662631954,0.8413200123797835,-4.794658890564268,0.20473531221655092,-0.32884982246781186,2,0.28126938336486307,1.187672816826224,0.6624166043719559,-0.02843911256404139,-0.44678995935915566,0.5643757159341493,-0.3189685674049333,0.12295957375366887
0,-2.2598008900383335,0.6195296717436645,0.4951539434616975,1.6360430086232998,-0.38554273652478865,-0.7792166928058573,0.9008691225039378,1.2303769241804623,0.4027892930973093,-0.3862636412768259,-0.5524310809683146,0.22323915158703145,2.2212871578589377,-0.6570805375241541,4.373988681615897,0.16310977737780902,0.5233549944272108,-0.3560427390584446,2,0.9374086613558132,0.03623716786981557,-0.2545573410393053,-0.029774203811833176,-0.9601981259705247,-2.538848096463293,-1.1131919706002016,-1.2533948587463182
0,0.9873966535578489,-0.257916741541083,-0.7502237868050464,-0.10777568056991393,0.21078163812948156,-0.31866938244766196,0.8746645477459265,1.9663661237053094,-0.8577148733122179,0.22893744484475675,-0.3620121890283419,0.07367328062862448,-0.5901612245186808,0.2574316864925863,0.8441664539852929,-3.3016596684582193,-0.3066500472406699,1.0435318710630135,1,-0.5807406074860418,0.03182254304202481,0.2903687341422154,0.017198477417262235,0.6712857211360613,0.8241891218353811,1.161676591332363,1.801350523011318
0,-0.17247675443546487,0.2158520677812989,2.3426420560942542,0.05895341409508725,-0.9308856525914602,-1.3928664561131094,-2.277409497973838,-0.5231818443275713,-0.009353227810349085,-0.26889060205601545,-0.9485696053368113,0.7171724348506139,1.0192043816958862,-0.6141210013531079,-0.39357972690602416,-1.0239537428952632,0.28450139315034323,-0.18459334175256578,2,-0.6821087691284811,0.368310335674142,1.0548078693761838,0.16704959013562634,-1.09095311408826,-1.3268937307072863,-1.1196513324670425,-0.09561454507243987
0,-0.3240103129146611,-0.16425830639656291,0.173548727402694,2.358679243943781,-0.6703673065135636,-0.8200319529038196,-0.442576469597012,0.2515282721855103,-0.10160060973863838,-0.48301305359774904,-0.386493527620006,-0.1858920926610656,1.2154126824621398,-0.2559492007955416,2.088649097011413,-1.2159471974798852,-0.0063288759139557005,-0.17262481715276481,1,-0.24772060247363903,0.6491306257698367,0.012391971357394602,0.0843438281329296,-0.31213072013557147,-1.1862035533414235,-0.07012412286597594,1.5349335656990086
0,-0.08741102131994571,-0.7859107186067416,0.9176869716809373,0.9929648954133967,0.9699657953564804,-0.6885889105958336,-1.896456502334916,-0.004942177999155417,0.4750520714519969,-0.3704622479658595,-0.5108221799944734,0.8458856010926932,0.045835688696262644,-0.8052269148540889,-0.02558825684123589,-0.647416882589388,-0.4518933910551819,-0.10380016306954554,2,-0.650611312411187,-0.6419205571866305,-0.7909461722613593,-0.000578616789487077,-0.8485357126919543,0.21440485789085773,-0.9116475018831961,-0.1594121578962016
0,-1.2198955241579963,1.0390463264966834,1.3812024958811473,-0.015190143607689888,-0.5781398665354727,-0.2363299890038716,-1.7907214546516272,0.029616004670140694,0.48888100257277595,-0.09659510353734863,-0.5081910096645255,-0.01901274851257062,0.5312343220620261,-0.2678111156736338,2.7034498603887593,1.129498677429381,0.7758461832076776,-0.6116383565007516,2,1.094739436182533,2.214526119106039,-0.723552369091166,0.04201037683155129,0.4034739094219897,1.1193444279949794,-0.43592992149517007,0.8764754532402831
0,-1.6598654019737058,-0.25752491935609856,-2.3908925174466504,1.3601084508588825,-0.33750114398778663,0.5096208995713349,0.6626293881538416,1.5380613899361475,-1.5407485550294555,-0.5958021797802575,0.011433479821434722,-0.9208927502830431,-0.706557350742353,0.03806750428730547,-1.8425699395044253,-0.9621449747971187,-0.65175997996054,0.22471394771337744,1,-0.8293120584160192,0.9945283481374042,-0.501817548067224,-0.13858845242106,0.5800440728049073,-0.1133490770179657,-0.5857322321907028,-1.4295639040945793
0,-0.07961558390877088,0.414737056722147,-2.8226583532618927,-3.180374922364922,2.653150441639687,-0.5012267700968522,0.5053521172512435,0.1030707328641789,0.19802326441758344,3.5165854836359283,-0.31128307333080485,0.436481592626992,-0.5683145427450967,-0.3287507986789363,-0.21512254641014128,-0.9279212911567675,-0.65175997996054,-0.1311169054830824,2,-0.546033304674899,0.0016063561181409725,0.3968867593668788,-0.13858845242106,-0.43379481748663495,0.6806420008880627,-0.846434227992673,-0.7931308547326621
0,1.186221225057646,-2.0249848521025995,-0.7690688900637338,0.27429655279923154,0.29306198864929844,0.01844826936190494,0.8299608295970905,0.37376976683057594,-0.3870586865027618,1.569283727587608,0.102789712210971,0.2891975835014623,-1.0223257266335424,0.017204548587522073,-1.5477248832604202,0.4749887920706215,0.2268581179326071,0.08639086260679757,1,-0.6186712713642804,-1.059105820514898,1.43837203693526,0.0357541731630608,1.0158970480975398,0.09284722396185463,0.5883404026045113,-0.319376564381185
0,1.6161958915891699,-0.3176690885201847,-0.07371644999318844,0.7132047466410164,-0.23711998285295358,-0.56460245300142,-0.9182323788348805,-1.072432187630011,-2.9516495117206487,-0.5844827615085066,-0.46512039540188094,0.02238286188296884,0.08566371983478638,-0.19564542094404003,0.5723323808136593,-0.43913233455732714,-0.20453820410772683,-0.14227300182689012,2,-0.26219629447685644,-0.32545113738003806,0.8727839766858418,-0.13858845242106,-1.09095311408826,-2.8120177776516977,0.18129618476788512,-0.0016727687284194825
0,0.5575898599356158,-0.9452448398965803,-0.4488328891249796,-0.22902987291961963,-0.45599941228691976,0.08873078239431431,0.06181496796829394,0.4135404662419423,-0.4355837946208081,-0.46184621497895056,-0.5197388902864797,-0.11528137563987817,-0.4576240311513154,-0.6573710191650022,1.562335966462819,-0.11582178847234581,0.0827504020398056,-0.16208769422395727,2,-1.0612152754265811,-0.06799286567101784,-0.837083612328585,-0.13858845242106,-0.193094812741487,-0.10823361567411906,-0.6566784630097944,0.0791808807472193
0,1.408981342620278,-0.47782610035024903,0.17691487920549792,2.522630684369826,-0.20988682066685824,-0.4548624605748132,-0.5329644760608158,1.4567310855063096,0.763087523927708,-0.36305525757472495,-0.5664108372690443,0.18369840193926718,-0.3092569011349242,-1.0043132638136938,1.733500959075318,-0.5109661551550632,-0.14085650009163275,-0.3118845008458307,2,-1.0057388430881053,-2.0899445071132146,-0.837083612328585,0.030346325255367748,-0.6484519757135949,1.8322145163180257,-0.15916800985543877,0.5595513396234186
0,0.9225380792327533,-2.290177492281134,-2.5851341909183887,0.6166113289960696,0.3731657138000066,1.1046741693555204,-1.3196881615102143,-1.6162801047580295,-0.21919539424177753,2.438800635203579,1.4005741385046588,1.142321659002096,0.5699642231982365,0.8839832777514309,-2.099297600647704,-0.19156322724909092,-0.5491096193109943,-0.23977715818910184,1,-1.085387106007281,-0.1225975980577397,-0.7637091598594624,-0.06755274645136441,0.16648122104894558,0.5562497064402442,0.012519971669972929,1.1745415282172547
0,0.4009149044867336,0.5244049610897505,-0.6129616416088062,-0.9587221664781731,-0.04823920732155646,-0.4596699589198845,0.9919474194805106,3.803607547445101,-1.878644182186303,0.11934499798333045,0.05860373174575049,-0.10623553966287973,-0.5996357764321718,-0.9227943821558136,0.28055318992882883,-0.7624724239325735,0.6662519040109542,-0.020133718540541523,1,-1.0248274934446382,-1.3107078212782546,6.139439454439175,0.3225431347586942,5.8723496199462755,-0.4068527057127851,1.7252753863075223,0.8365520454989142
0,-0.2762886703817887,0.7056749040390955,0.23358874266986934,0.8167823737812717,-0.5605149312959504,-0.40090312567288267,-1.22525134005981,-0.7644210201836172,0.22555576893708393,-0.984273915934019,-1.1520615939716479,-0.13294968047206251,0.8880590095642619,-1.1849055690503179,0.17828454146415812,-1.6997802398845656,0.011875571283705644,-0.30351839087306726,2,0.7728283177914961,0.031798901679930366,-0.8119387141911631,-0.08417009421745794,-0.6192369229210437,0.21587056841294344,-0.7901473515183592,-0.055761650599913615
0,-0.5035573096688943,0.1845306213960498,-1.0992108599030617,1.1525406359250427,-0.3922693618818882,-0.7271596771715169,-2.144162410837819,-1.897017347882552,-0.6124090111916413,-0.24476835244651782,0.04426287112187782,-0.288739643475366,1.2286462103421263,-0.5917644398033899,-1.0492194821890664,-0.7670593269129242,-0.6163211598238822,-0.38060265828437684,1,-0.345498730208574,-0.7949936465495511,1.1803389838751825,-0.08591483880048083,-0.11636063078493902,-0.4704927394043099,1.6052052565792305,-1.0325119334464063
0,1.883491176360772,-1.612082327867157,-2.244056772845263,-0.8645687979482632,0.2429487831303131,-0.2565537657000593,0.9006710674035714,-0.7289434911809424,-1.830570079606841,2.2467323479120083,-0.8278566972787711,0.8410343134556646,-0.5262404808955093,-0.21662755057422164,1.5233449999923856,-1.3299529704412427,-0.65175997996054,0.0570276335722193,1,-0.5490920640989511,-1.414416489414927,0.6114394031017181,-0.06992575502353401,0.4438447508556005,-1.2444809373959005,0.15162561474299976,1.9169250657742176
0,0.8934233795251285,-0.8793783887706713,0.16273529821066196,1.7289899639274968,-0.35433233674923575,-0.8151979066508552,-0.7195840981685123,-0.9570999280482497,-1.4367109665028135,0.19232963057226404,-0.4498802976935906,-0.03840319903846684,1.9482368602150912,-0.2046310295302284,-0.2173565432471909,0.22758607257729668,-0.5798385752395259,-0.12009730246216105,1,-1.4965712505667752,-0.03962118150124072,-0.5635625824563573,-0.0036075811014542117,0.4680952518913321,-0.022610841397213588,0.13477164095918803,-0.20513841842236338
0,0.644012556309616,1.2012982387906406,0.7434354862062367,-0.7914221279807468,-0.6960012168092276,-0.4639267155527075,-0.8529345740006209,-0.35057888993899977,-0.15484489703899806,-0.5234059367671673,-0.2771836250065727,0.323350521860957,-0.18690147297003712,-0.41229033019134775,0.7271629211420859,0.15456338129519276,0.05759171066049854,0.8612774063715334,1,-0.6539308760822724,-1.6072786372954957,-0.5189671608450956,-0.05348959169427657,-0.2663299174198083,-0.1986209269745903,-0.5079682396111517,0.30549992086938726
0,1.5507630960571428,-1.4486307869516448,-3.226057818137776,0.019818000796713697,1.0298913798728357,0.5156340260086042,-0.2676811451928285,-1.2320587647826633,-0.8727058286482168,0.047689510504075106,1.8339492199500746,0.388241713805602,0.22625033253869864,1.0037867672424607,0.7990884511702421,-1.4400831994389398,-0.22609663795003615,-0.40354148415169294,1,-0.503390614008691,-1.43846674933702,0.19110280141104452,-0.04101414554113135,-0.3912969620427579,-1.0456919595548413,-0.4227984170708566,-0.2883352031479531
0,0.6464065340093813,0.27175371504335805,0.6641668811870125,-0.08056240536950199,-0.5214229789657623,-0.4299066203821714,0.8541152995459366,0.6628287759781133,0.1843317303691925,1.1585912929123205,0.7560101318519349,0.6324386189491501,-1.4942831072522909,1.0359829715294868,-0.17183562931989244,0.5406661391572343,-0.24778916802518586,-0.44803140981256917,1,0.1287997272971153,0.29448978693885886,-0.837083612328585,0.05615708507641049,1.8213559867946936,-0.6674815875517941,2.02645468468222,0.208467691567785
0,0.6701969994073109,1.9093928080461686,0.7728573924536162,2.550276036026731,-0.24858547866569072,-0.640015937024361,-0.07157689388094746,1.3248499479679918,-0.27213469911054955,-0.3165573146299589,0.1918831245958783,0.010536970747721162,0.18247347972719502,-0.4231577584576531,-0.21541740459460157,0.45197766306788956,0.6329624889133234,-0.4293164606215447,2,-0.5196839301514908,0.2795194935296563,-0.5987450014246574,-0.07114239612282143,-0.7678548108995339,-0.04150165456062982,-0.06590353948343453,-0.3830986430106863
0,0.26367705149144294,-2.0611166687021063,0.9364525514673308,-0.5584767158737629,0.009791149737703564,0.6049277379248252,1.1006716112500068,0.62144074466988,-0.5899843144852414,-0.7288349173640107,-0.5886588792377971,-0.1476655089093533,-0.27880896569632396,-0.1346734350358529,0.681850668174204,-0.9064500207414822,-0.3482023950391637,1.7480951773197422,1,0.7043776061186096,0.3375921383391276,1.4662666508230506,0.0038738396907977077,-0.6681103655919055,-1.3134932780001378,-0.6341797620079319,-1.119445894186227
0,0.2411485745872814,0.11598292908801314,-2.5738369497706746,0.026050297994127725,-0.9693753174732336,-0.22961242958749495,0.4276065327371711,1.632195985680895,-2.211615100024398,-0.5451022198774064,-0.3815779071731313,0.32982526315319355,-0.7531079958590032,-1.0605106810529623,2.4883883456179996,-0.6452003360142561,-0.5033159555075147,-0.3468710300548486,1,0.9727467879064664,-0.7643950767269595,0.01012600209463732,-0.018218093334023286,-0.3648373538804758,0.16021595975240022,-0.16368863828064292,0.7044844817631558
0,-0.8554494289065051,-1.5317862686221324,-0.7681762700395467,-2.2230670168548787,-0.4795670502802151,-0.5183337593919533,-0.8326814700817778,1.4903280200472306,-0.7781742895705357,1.3003490672912483,-0.7596825139195358,0.27985651531375283,0.18772768320682853,0.2830405123775499,0.34522704070513444,0.6428218631905043,-0.6385589185989065,-0.12074341538811817,1,-0.013567914161371486,-0.9242029598836965,2.8618900976485055,-0.02504204577245167,0.11882871119005711,-0.19963111487499752,1.1052117512879658,2.0167107116354943
0,0.25404014176488887,-1.4565671353057483,-1.3416090433888703,-3.498652240422241,1.643874848202841,-0.38084202415850343,0.552579706629886,-1.4375798688041554,-0.8943429302370782,1.9499722248779499,0.7620283926485392,0.9296140002167672,-1.2298398059095792,1.3214949522808792,-0.04674915136717431,0.5935277555050509,0.7616328006879658,1.9630327491160438,1,0.7683744150231617,-0.748984548914363,3.8965334214091367,0.07955169983939081,0.6430031128124871,-0.503514862251193,3.5632839523289572,3.094651404845472
0,1.9974903649011568,-3.333490344995673,-0.963907173866026,0.4703321283726505,2.2698542188340536,-0.2698647826852739,0.6462140199972312,-0.3339891473402852,-2.7684703636231776,0.27903125709082044,-0.5758761956127687,-0.24087971179900844,-1.0992952766371062,-0.3552111241904068,-0.052760656594767696,-0.8756755543367238,-0.65175997996054,-0.6059570602667794,1,-1.3534795461091456,1.2004335315951313,3.01930766054386,-0.03939459984540171,0.6468959299475212,-0.11862868355841522,0.7340164806045704,-0.6878192927501583
0,-2.116404329729681,-0.1318771174100404,-0.7495366763187634,-1.3373304734275815,1.6797782066426148,0.03343123616917287,0.8670621025622949,-0.4282975499673912,0.9293694118264948,-0.33821231025495513,0.22716872439300023,-0.022531449998520234,-0.06744790567607056,0.5559988365956537,1.0076386414346454,0.8848820322224695,0.7025468492285325,-0.4350499460132004,2,-0.1918274038576787,-0.10523578068043746,0.27874121546205677,0.004026268011769613,0.3210174289916991,-0.35482374426075736,-0.6360422105199651,-0.1300588480264525
0,-0.536676100607619,0.17181775946297007,1.1850566549041974,0.10487129501438519,-0.828433869113252,-1.550190813990585,-0.4821628464138107,1.7205617023596536,-0.020965536548668395,0.8539663221050242,0.034597451858355555,0.9243978371383814,0.014121897586684362,-0.12347297883093994,1.8033044471015822,-1.6819731920756749,0.33907376751279056,-0.08469826572525882,2,0.37362651977840855,-0.6098914839014116,0.8761731092202677,0.11398065732283613,-0.7769814421565426,-1.2079044437317206,-0.369308448636101,0.42821026774182624
0,0.08667084992765603,0.8621455066181034,1.7672965996845842,2.152709492352725,-0.2571047238519193,-0.6430367962066634,-0.09123737669900109,0.1789518085125081,1.307159811714841,-0.5399757781122849,-0.4883670805302908,0.32707025923361677,-0.6356523782236012,-0.8607204117974536,-0.0031972472256052153,-0.16279999301312997,0.965927359382176,-0.15215991207414203,2,-1.171650684910835,-0.09551810024619967,0.48010813635433025,0.03802914791418689,-0.07835071633595897,0.33236161819132304,0.12833183101130222,-0.8025878826277124
0,-0.6655494556577324,1.2447774291587619,1.057614605855044,1.35482901715302,0.08720485636914643,-0.9692365841659839,0.29057761863208315,-1.4334920649190515,0.04324229300078808,-0.6715869038445338,-0.2620015272085304,0.6130252898216043,-0.07089130277682348,0.02748913134522113,0.3908843734787347,-1.0961326228635686,-0.10712339330499651,-0.1149330224993591,2,-0.0908653100972335,0.782971971655775,0.24721078831452606,-0.057640264526408094,-0.07584162288231033,-0.4090456753577111,0.642898877768018,0.9062928397800434
1,-0.952741022348505,-1.413598187335218,-1.7222879057696077,-1.877184328871588,-0.2539014159612355,0.7138368739439053,1.1494619350722006,1.3192813236354557,-0.8206824196007215,0.6056432264242797,-0.05461454696831475,0.2971479119115759,4.975725407971377,1.892017993461754,3.4533517167807237,-0.26331752042029005,-0.22978118687891524,-0.26366733597966874,2,-1.87737378862638,0.3097444036460786,0.7521181818484316,-0.030898323134784026,-0.6714367251493844,-0.9194240459966678,-1.21975314077183,5.276669359479241
0,-2.8721389291964217,0.06621164605865854,0.09873117647331778,-0.28187719976110764,-0.779696483706511,-0.7495244676931156,-1.7086967539754037,0.5551320017619382,1.248531187788496,-0.13073025010050543,-0.09408590674452699,0.34597053858672855,-1.3087320661663564,-0.5744547482468363,1.6009522350514296,-1.2621721510549149,1.2137776403522142,-0.13552210395195985,2,-0.5413302913276379,-0.8661673407780665,-0.17390705506478987,0.10655653657055661,-0.9277501765993648,-3.0674013268718623,0.18439849207928194,0.034064456448110736
0,-0.6476700572008733,0.6820395429898409,0.48557112241260303,1.4786234832419236,-0.24760184603514765,-0.26855259772785756,0.7324980394610685,0.49689094895428026,0.14326601542679407,0.018950121591528424,0.43386759930469776,1.5811083009232054,-0.13525398696920732,-0.24240194536239476,0.7933553819877838,-1.2373853782237587,1.0500000212861873,-0.028635236935068503,2,-0.08274985991536613,-0.8414295444160605,0.9525560749573938,-0.012594191164399186,0.027624884521339044,-0.6372255892910645,0.41021890676812545,-0.8210490699474322
0,2.24867707487614,-1.7837029850717028,-1.6321375091926384,-1.3207047373410308,1.3859396622117615,0.4265193324177383,0.5644604205845812,-0.2297883641662124,-1.576207126308058,2.0048290758855076,-0.367371387884682,0.7362069151470356,-1.2088565560644773,0.8480599030676306,-0.48233550171742456,-0.5944372604070487,-0.6086840461678149,0.1493615450505038,1,-0.9579084683112131,0.3159959424253822,-0.837083612328585,0.12850174297615247,0.73805916281225,0.19796573376710236,2.5331473974593806,-0.36864791615213555
0,0.051729346375827684,0.570436066851705,0.8923942146646288,2.736338451292293,-0.18778486168431419,0.8085632418506192,0.7771200457745147,2.0308353988451957,-0.8594551492755012,0.006350492905149607,-0.6589785512902401,-0.2518645921288732,0.9608089682660218,-0.4269946200313945,1.5909829096619783,0.5227133071540281,-0.12608024073324536,-0.3619441259146192,2,-1.44543274752503,-0.27448248909357187,0.48783715856791976,-0.019682156745133114,-0.3601421373279693,0.007691414152725451,-0.2452856062918987,0.5952079461022352
0,1.3571194456535824,-0.7394383091462109,0.2937513838111524,2.172835741871121,-0.6600903559716906,0.47890927371782216,0.7892296441196496,-1.1798144051754622,0.2347914687897621,-0.41042936007246955,-0.9761317855185498,0.3260639460944257,-0.7991498219766999,-0.7080012527165415,4.126392216205572,-1.00049774443617,-0.5165607399593958,-0.04581304362726299,1,-0.4304579807050539,0.04672303200105432,-0.49910068330014046,-0.03097050669242873,0.11169496888261013,-0.9610696134645316,1.40744142225125,-0.38599006627234117
0,0.6014256636634584,2.422286113610099,-0.04494001043918994,-0.05584030966559498,-0.4977349882631302,-0.5426597090846581,0.7738727827870634,2.8801396327559656,0.5526428523699345,-0.26225665887963795,-0.5999538202085937,0.5760566595259846,-0.11544484426113343,-0.5547622391730072,-0.5849134982151175,-0.35704673344579463,0.5611574207266474,-0.4860715849254339,1,0.06442636705401106,-1.223680048113783,-0.6189110891892391,0.04740829501064742,0.6000135510689704,-0.3326198935096382,0.9612637012180869,1.3256926038876642
0,-0.6305464051260911,-3.5978116125706863,0.18205987950671643,0.4867444374486444,-0.016684701972388583,-0.31351467829155233,1.1848328973254836,0.4735962202423896,-0.1837291697436611,0.9379650761888216,0.14108134664340188,0.3776993959837045,-0.7796725101992124,0.16474179199304473,-0.34393955971724693,0.9192939560792773,-0.0742996377397786,-0.39446930488783294,2,-1.0382031472774866,-0.16753920542219647,2.2557863234352427,-0.047423593907313634,-1.09095311408826,0.037892568299872254,-0.24312527794281816,0.08481248778693798
0,-0.6365874456455196,0.9059676667274825,0.3614490821850231,1.7567894709850647,-0.6621204603394086,-0.4479415662261461,-0.5289466353788659,1.220846841579459,1.3919388964380717,-0.6098028103043306,-0.7485563107753026,0.10975877962661379,1.3858270943413373,-1.0009531275934973,-0.09165069581550389,1.0415853977596976,0.547358243265139,-0.3463029725925395,2,0.25263626815145845,-0.2490002297777145,-0.34145903038054176,-0.10237773708085803,-0.7221919838371125,-2.128409530529823,-0.37961272983831523,-0.07442489384031159
0,-0.9651934928291029,0.4363445399788491,0.9567388914131565,0.8750922721759867,-0.09468194321983427,-0.8894942858704935,0.9254280078486975,-0.9007616664281257,-0.04501564614121456,-0.09256619311097747,-0.05341218774274781,0.4703868048696007,-0.4871925180409946,-0.10962973635714607,0.48730962272762546,-0.807852557810723,-0.27673666150715215,0.36450980101729474,2,-1.2846813022583883,0.41973054328209236,-0.4374503813650813,-0.08807289981554903,-0.12048081085338977,-0.7971250940946257,-0.37713450408290417,0.03417795887539454
0,0.4883497462898754,-0.5077601754707828,0.565641171191522,2.535809141968997,0.4364919750765974,-0.3698453738659324,0.6686906201056383,-1.7000042369759596,0.019314690146456925,-0.03323817761623654,-0.04964217872634613,-0.628914721031353,-0.08820441214719554,-0.0002990505404924515,0.21849332356712303,0.18582660452126376,0.6418530279367827,-0.5400391857530262,1,-0.3812348993168544,-0.07566514043403844,-0.6443330619059362,0.004676388328851561,-0.6745805214417648,1.8011276176741295,-0.4832143527164193,-0.14542665058779314
0,0.8165315602337189,-1.424841032403766,0.06427524329988202,0.23853802949017822,0.5356385702948225,-0.06373439725420982,1.0821117746918512,-0.013242838347541273,0.44321027307046623,0.26906839286554995,0.22037113417999077,-0.2679313933616293,-0.3720951950470569,1.220236221915918,0.19516029926356748,0.037393882990178255,-0.23939095383862255,-0.14534490038754855,1,-0.5224407336619562,-0.8631387329729528,0.34132412788737465,0.31874324815361865,-0.27750098232814824,0.07111131087601419,-0.22818399331527212,2.4615730548695502
0,1.7109711349093395,-3.97321422704135,-0.4473883154062364,0.21212331666477302,0.6225304749115693,0.013730148595676839,1.1690701305991222,1.9605608710210463,-1.3983564086959444,0.9180962672960895,0.2329824912041413,0.5005151845936657,-1.6032524535669106,0.3008460735169037,0.6997812744601772,-0.015307962810726883,-0.65175997996054,0.19351700671881766,1,-0.024267344681154435,-0.036701982781770365,-0.7278837656238616,-0.11819183740259387,0.6986562088974628,-0.5882412874155688,1.2082569097737783,-0.6475465820916048
0,-1.8058830297175743,0.7955691387131449,1.586412638258468,-0.1371018076424498,-0.04512477674720278,-1.2629606665405926,-1.56279246985343,0.47970408906101636,0.2542752979373629,-0.27321081012578285,-0.3117014062380772,0.7884853228067157,1.0662000715054303,0.5193736704791971,-0.16322011379385382,0.40734054894988314,0.9562317731795396,-0.5895191486718636,2,-0.17583602044579202,-0.5811003737553356,-0.3575659685264538,-0.03115166890234071,-0.8530366069306241,-1.7131799651626973,-0.7212580080956446,-0.2874005365814238
0,-1.1222569470740054,0.4661092308773631,0.17295002177947694,1.6984952439857295,-0.4666502545234187,-1.107522545046821,0.9039572981892805,-1.08282059152596,0.19333960018529817,0.7924631852032891,-0.6090456185941094,0.3071640192222603,0.5531743633805921,-0.09052550927736128,0.11769024037880482,0.19617733890478373,-0.0696175914948084,-0.4612192195749264,2,0.8348190971051843,0.17339988342292645,0.2842954067762816,0.03758719818718473,-0.8079334316615673,0.4720492254204439,-1.008592888613952,-0.13157859531100202
0,-0.025346030752642967,-0.35882085603744296,-0.25891524604253746,1.6300042968661064,0.5046597512464854,1.183396026672521,0.4703320186364121,1.8611358850824704,-0.7807032719008917,0.08773531423237471,-0.013528464459315437,0.9521821635557977,0.07393202616752537,0.46866999956134736,-1.4890355721109971,-1.343003011430235,-0.5823934104364741,-0.35241391355356416,1,-0.09582625363900701,0.9655298489935651,-0.039762119341547025,-0.11844044324972268,0.7937814041068412,-0.33415119848925723,-0.21303757248347568,1.1618791980303487
0,0.8560842358403756,0.21322361643726917,0.9084094711212635,2.0014011276511616,-0.7493888253256022,-0.3337216595331758,0.9972562906777771,0.3700025554043904,0.45751420683904054,-0.6621718758571375,-0.4071704454370907,-0.005708385421103579,-1.0127018588112093,-0.8776829346378648,1.4369054904258989,0.37692708250099766,0.772944541396083,0.06204206629058728,1,-1.0858970253273807,0.2105233345642239,-0.7760750587497385,0.03870591630900355,-1.09095311408826,-0.5483554132560249,0.14376614555316725,0.8506059797300287
0,1.0093771122385935,-1.962827729465949,-2.030163433444487,-0.7251449582202506,-0.1800754748326994,-0.9148578267893752,0.7040798238120312,-0.2529608476268621,-0.2676294085862073,-0.3409628781094114,-0.052603875603591574,0.1683773317401924,-1.78526162662461,-0.368658387354204,0.6923045294142445,0.453085082428754,-0.65175997996054,0.34131879014734656,1,-0.6978086105459769,-1.1724977329599178,0.1091870549843138,-0.0007789374780985056,0.9137671014269999,1.6288297963685632,1.9348108345085806,-1.4601494171949216
0,0.8627764178027162,-0.5499118777507706,0.400875463952007,-0.03798750111464851,2.1480307213717276,0.5551100896504866,0.8334872842400585,0.9181189573517781,0.4606471285209869,-1.4386374411077631,0.387577361916128,-0.4004352554931868,-1.3649917644439968,0.29255466187129575,-1.0485871805686344,-0.04637393053619865,0.15264819371989638,-0.4387740498887248,2,-0.22178049088458834,-0.011289419088182623,1.97438941710825,-0.13362080854461875,-0.4558754873760338,-0.15429212320881916,-1.1707021485670182,-0.20458244934931913
0,1.3512583844503852,-1.1126329966233732,-0.5615392688452947,0.5231978219913043,0.8114390425990654,1.1710394279365863,0.9175146380225481,-0.8070130197182721,0.022162422950432803,0.046528321907894965,0.37682125461108673,-0.36534219223096337,-1.78526162662461,0.12760822956367993,-2.1915348568907334,-0.6051001592254251,-0.3339662489860967,-0.40431682101939526,1,-1.3220449873676534,-1.4109370467246858,-0.6162427583266672,-0.10014935472780073,0.71580360286498,-2.5164810198605982,1.9226680814476649,0.05587127603874878
0,1.2367132604624054,0.6876097504815843,-0.610629055830144,0.3718918308334591,0.6812925566930896,-0.5551739836052169,-0.8861012118266858,-1.1497551833048605,-0.0674411820379126,2.0789676325385145,0.9467640186468362,0.2870116124344601,-1.1531844104357165,0.8334866815382436,-0.15247552166000272,0.0882872028431202,-0.65175997996054,-0.07980960565291466,2,-0.8149285795597735,-1.6659500141866292,-0.837083612328585,-0.13512352012968676,-0.30222349954056105,-0.25922248057828773,-1.21975314077183,-0.7447266523866984
0,0.8162365133695455,-0.7964726650182171,1.0158525958425164,1.7652338106322865,-0.8912186708580008,-0.7887087005521025,-0.7171322121446538,-0.4730818833611776,0.8365866617860834,-0.8517286612631598,-0.6637310082353977,-0.772864001540254,1.9065694952343035,-0.19448693980594628,0.07551353689359053,-0.7357942263534678,-0.446829329060632,-0.08870857343035449,1,-0.7064680245933032,0.31263468037210024,-0.3370077109060078,0.058739789207108796,-0.6653483596870446,0.33010898832862356,-0.9906718636476539,-1.7372929652963873
0,-0.27461974754206203,0.7582915188249959,0.8786518615027091,1.4330594700957617,-1.0656167283355238,-1.4019591381451835,-0.058346859852348554,2.1134345112700474,0.13441026973725506,-0.3141518693053493,-1.0437122749105365,0.36266611844843794,0.030103425557209074,-0.9127240304835013,1.4280819585467186,-1.0577533311216876,0.2852658467789786,-0.2569758682040836,2,-0.047593195181833275,-1.7693755121733594,0.18342128054122223,0.2712909617652337,-0.9714093446478174,-0.32516456162566315,-1.014638089367745,-0.013485900317993904
0,-0.41562938164540875,-1.9818088136212926,-1.7509360172196011,-0.038949231603131795,0.895919705711874,-0.4689523641937192,0.3856292902610911,-0.7391820876019926,-0.9847157490068515,0.3110639252626858,0.06012232818007779,0.2485139327143911,-0.6710233734016027,0.9691924084221599,-1.1361929546614833,-0.488275830592501,-0.44872917029865206,-0.08112412697157148,1,-0.8509360808895483,-0.9170425506672901,-0.837083612328585,-0.13858845242106,-0.9227776007142526,-1.0371735254383028,-0.5550011404092717,0.45421829528513097
0,0.42516769299271584,0.7687232370615111,0.3463554051532795,0.3332437249464195,0.21655570800314228,-0.17980230950685683,0.7092426597898938,-0.35639914318077637,-0.39708248777978183,0.5174881385383512,-0.8616103496560222,0.36994803344351546,-1.0753180365590844,0.02504380219907798,1.3198288556789035,1.1519767262030012,-0.22340031120875664,-0.536678499035159,2,-0.2412093282060576,-0.5113549322217408,1.511346482430941,0.0607982334104219,0.257046280025585,1.2713428125132937,-0.2709610199324079,0.07606826054896043
0,1.9846235845551758,-0.6901899575707346,-0.5937208395596598,1.9166834834488968,0.11872379188263327,-0.13775417352014024,0.6634046984020617,0.9189775103211337,0.17838829966376107,0.0450045492741612,-0.07836167034509695,0.3023530573655202,-1.1175367112477568,0.23767182046001806,0.04057610703710668,-0.9079883159108195,-0.65175997996054,-0.14492476957267064,2,-0.5375355859792421,-0.3345370015117917,0.6313621842406686,-0.09863971005307184,-0.6777094922749771,1.2835461314478187,0.08912396599875094,1.4305446795888699
0,1.0400069624269974,-0.22447814596187787,1.6258243420483947,-0.5414594511726085,-0.347347484669161,-0.9551465217093067,0.3500922241041888,-1.403198626340238,0.1114392759346241,-0.4851020908746695,0.311373271824127,0.16343270585095548,-1.3900603559617597,-0.41323157130136867,2.0432541567935116,1.9688974520690923,-0.65175997996054,-0.520948226363883,1,-0.7887340360906205,1.524656595941095,0.5515211229975222,-0.12677959893456336,0.88605048772409,1.016139320788789,0.8339887694945844,0.08760797965482853
0,1.716164180538129,-0.3482403572687537,0.7629809705676471,2.3093769898456338,-1.0440509217724172,-0.7622115476352169,1.1153946239656665,0.5595365244564406,-1.048737897080181,1.0423214565965202,-1.022654032302233,0.3336490640239534,-0.1285734326995509,0.03697779220753987,0.17748978460141995,0.9797614516368021,-0.48267535432467845,-0.26506196517591685,1,-0.3278150212519505,0.2136905772468743,-0.3691783790065979,-0.03149929638371034,-0.6253937661368894,-2.7371930079259474,0.4606881400764148,-0.7514677642788451
0,0.20818399152600847,1.0546808219749861,1.098965911156173,0.978159718971958,-0.08225729101146362,-1.382235457272622,0.646203113918209,0.5627011653516207,-2.0062638786869798,-0.2408399846852883,-0.5241009586556022,0.06409214018861215,-0.9697639710343645,-1.1637455968321744,0.1704562044291944,0.6131834878566835,-0.2999505204525331,-0.72520850861303,1,-0.43559315514842156,0.4293923596765223,0.310233304203439,0.018480217308939145,-0.4643213817886112,0.1437132040495962,0.0701544278767959,-2.091535297763022
0,0.10297238338729091,-0.07580058662981048,1.5426772392390238,0.16923415901221153,0.22026451421945303,-0.7287000729552069,-2.262562941124978,1.1417906704048513,-1.949978912508922,0.7965458523061085,-0.23952698385116356,0.4784820450102555,-0.32800026209320654,0.7719628030725157,1.5334361733367965,0.7344488503558197,0.7811083975647579,-0.19860894603462204,2,-0.7025245469322874,0.3500337047150608,0.4388656111205025,0.08011559957007564,-0.4134215387143998,-0.4328165785340201,-0.48492073977855693,-1.1455592274670994
0,2.087499479497569,1.4706843705601647,0.8500460723502379,2.181460643474681,0.22622634920427054,-1.2821932589270992,-0.5714192147577428,1.768978225264178,-1.0873099062899854,-0.0893805147157415,-0.39403019945180784,-0.12479370235910622,0.04659511793765758,0.16092274079482746,0.21967109571342813,0.11376607862749766,-0.65175997996054,-0.1981315401749767,1,-0.24815797038760545,0.013838034417815281,1.6070834271671033,-0.04738489391345112,0.24268045982938663,-0.5734131316842834,-0.42367018426777087,0.2464074178465175
0,0.6531245334987325,-0.010194243873466652,0.07068755598125023,0.9556683837169859,-0.5746391491538246,-0.40029920262773455,1.1477593876932144,1.4525688498119504,-1.6451238750874906,0.3511392110519289,1.0811864950935148,0.1206739322517622,-0.635709503606787,-0.2090953700188628,-0.16655198641796146,-0.5477257066455824,0.570157454428376,-0.477030355996178,1,-0.08178920413586799,0.7700474327667688,1.4446312125403313,0.015651004102681124,-0.0056538788680632335,-0.4363510849268235,1.1419851961491343,-0.4526150762940044
0,1.042486712356503,-0.3103800437807923,-0.6393329901220332,-0.9289020893442792,2.212599235189842,-2.001146344741576,-1.3451896818478208,1.2455227503712134,-3.0707249103308536,0.49223491343809855,0.3218962828255466,0.2282313103402445,-0.6929943535063887,-0.045921532581766955,0.39322738609998875,-0.5866267160813933,-0.06864768671125103,-0.6419346102233947,1,-1.4802473064912813,-1.4728538921343477,1.6339554412892086,-0.10385908614273995,0.32928984262914424,-0.6793359608836936,1.2545051090048125,-1.1175460365939442
0,1.4689067627401071,0.326247091692476,0.6335603993947382,0.48276112982329045,-0.6980377292071118,-0.9485529267768955,0.7219825713132422,1.055367886037741,-1.1235367562911696,-0.4988764359990704,-0.8902349057509685,0.3000315288573568,-1.4537215630277334,-1.1320206895456337,0.34304918064520895,-0.9698838249274662,-0.6018248864440011,-0.3147254862764006,1,-0.7107234519898025,-0.7141884930597884,-0.8044016100635725,0.08272992882849273,1.7423414065262532,-0.08945899387465989,1.736571705502218,0.22035745806008095
0,1.350586288674069,-0.5778233077955401,0.6109813697275808,2.6433846430085213,-0.03778893886170498,-0.6567514293847606,0.982516385441983,0.9058213263952999,-0.5672150330199968,-0.9812272117217609,0.1140908073822646,0.09285015714492123,-0.8048497663876769,-0.585172373898851,4.076665379068141,-0.7885877109073421,0.335241120237415,-0.381071272305031,1,-0.5420092365251413,-0.3134684852404878,-0.1331084112715127,-0.07663136046045896,-0.38404590904195135,0.16412377515916388,-0.5973215730688002,-0.09230794250036162
0,1.2684436668429528,-1.4725455726472625,1.3428436800277415,2.443190041066421,-0.40439482887582606,-0.8099768149641259,-1.1363688256489017,0.5288697041218655,0.10197636979639185,-0.39205519315830606,-1.192573829774437,0.7033817055460452,-0.7017575001836143,-0.7748610926169197,1.0802823135856177,-0.12904754183586542,0.04065945819506955,-0.3047724778024414,1,0.712851810795756,0.9585250591860934,-0.7968392941273735,-0.10050074624198313,-1.0448524675457258,-0.2881149603479765,-0.6428756876597085,-0.8104031699909631
0,0.8426724865426296,0.6014950562638093,0.6696524272026688,1.426257405361868,1.1149273382978495,-0.41923032833712115,-1.5631278779351374,1.9875643688160767,-0.5277815355139108,-0.5193328189214462,-0.6622674284883869,0.47365204591132654,-0.6307218361678233,-0.6071226376880746,0.03159329740121908,1.2219124047185188,-0.6197839958711884,-0.38050312828958754,1,-1.1694547254556609,0.9596970203863988,-0.1386427618155447,-0.13858845242106,0.7247382036702201,0.07883542723237164,0.7037225357230572,-1.5551562376102357
0,-2.987988212509735,-0.1730919174667806,-2.583208086396037,-1.0552071722281915,0.07267471561743592,0.663195757648544,0.9930385674403915,2.124184352468782,-2.022800270575482,-0.28975909837269487,0.7997006028859134,-0.06449045362662392,0.6249783655325203,-0.2713767535937308,0.14591652353002305,-0.453219162497868,0.15111650488835981,-0.22552245929258596,2,-0.9692489612609565,-0.4360683680158308,-0.837083612328585,-0.07770374117382672,0.17518209970684018,0.4337630634865117,-0.5005514952596366,-0.09536027483321674
0,0.07293678367177597,0.5225627546084207,0.5931119221386265,0.5380765455105257,-0.8547168036615966,-1.09709956881838,-1.5901928341495322,-0.4546514437667917,-0.06662362584832753,-0.4463067883424062,-0.0726072932812577,0.5145140564705529,-0.9880495490010204,-0.2920350140711817,2.9591874140528196,0.6539954222818636,0.04610923401531726,-0.5441670404957999,2,-0.04246059796157653,0.6370776692127303,0.7930425505909886,0.15578169440680945,-0.42533983281992727,0.2475377760616019,-0.6341715715181412,-1.291342245265953
0,-0.8747253179474982,-0.1209932257637315,-0.7096604290193438,1.3365896379677142,-0.29880882400040654,-0.4744802447237687,-0.5346288238613313,0.9033415380540395,0.3583234994859223,0.37550400806264067,-0.4133309809955873,0.3452362804176174,0.01768804845483196,-0.6489901037562514,1.060805716289081,-1.2517970384438857,-0.04632266707545149,-0.4075797663966707,2,0.12010692251349295,-0.7952987517380367,0.8193317060409421,-0.072541018014667,-0.8581706096596401,0.49424769689672265,-0.9393544423710858,-0.14685326000026838
0,-2.8333540822309145,0.11969706419974174,-0.02569850619349251,-0.26112884321796725,-0.17323310738250636,0.43884344762102695,1.0688094004205904,0.9793611880331929,-1.7801637740877814,-0.7391154880806574,-0.5900213937292755,0.11051759599529438,-0.015168573819949072,0.4669365909905053,1.526207315090831,0.21725097570871318,-0.15794789200717396,-0.42668285482859636,2,-1.094212543763031,-0.04598195805123262,-0.15883582467347745,-0.07723683666488111,-0.045852366232911196,-3.5215567538400006,-1.1311789883730765,-1.4148656115361646
0,-1.9839309268477598,0.3360710714735622,-0.010971920587980022,0.9590952049479999,-0.4210653446106027,-0.6190827655660318,-2.1374452600202734,-0.9668102268096375,0.5263258970236085,-0.3013079249682098,-0.3047156463333521,-0.05089636076961296,0.5873726976069443,-1.0806206623649053,-0.3348663550012729,1.704974854456076,1.4818384888593465,-0.3508982664043359,2,-1.027369719284753,0.45562176826705625,2.6092512303192352,0.004912512085353676,-0.33517188752262944,-4.46430769387018,-0.8461194110174562,0.4043150479920987
0,0.5896342608315897,1.510226525660518,1.0080968240388375,1.250485177938659,-0.06887227264888013,-0.633159580644708,0.6662389211982854,-0.3023811188064047,0.4046489559054113,-0.6319426695207288,-0.6487226795326888,0.11528030629381752,1.4295926257678473,-0.8847399784185722,1.230930382419172,-0.8910833744538856,-0.370681633803464,-0.031975253076521215,1,0.10600813353937621,-0.25005657469501186,-0.6357262206396546,-0.005484711959720029,0.5364408564145402,0.47850774225762455,-0.5238700084517824,-0.2831842837422507
0,1.4864412425094398,-0.25739495872607665,0.4284089726801114,0.600097630219481,-0.3023110097458407,-0.36337229232723867,0.888417651202714,2.432485117333176,-0.7310547101202248,0.9415529693343061,-0.173393003491925,1.5709528936859947,-1.4040167087666477,0.7230978250387481,-0.9435715899653694,-0.6629844949467314,-0.5883353156626271,-0.028875512147071375,1,0.03596962200132145,-0.3099259712358631,-0.6677065710492456,0.072331718141566,1.5243602177465863,-0.06034660976463208,1.1023147336833172,1.0154918685506311
0,1.7084840535718535,-0.13283569888534752,1.3944961799860287,0.0501299605262191,-0.20335725281368436,0.40004238522039154,0.7646834960979915,0.7187794678214245,-2.979787154748437,-0.06829745274265425,-0.40673296837167605,-0.23948073422266813,-1.1788624857144323,-0.5803780360835042,0.4920617331539232,-1.2548920617085453,0.39333031916024785,-0.374008051790944,1,-1.4651323302435157,0.42537231783006557,-0.6113204972208883,0.06471988763721395,1.1222393037213885,-0.686816291724339,1.2360974757687695,-1.2370693451002694
0,-1.052349693938317,0.2195696458488865,-0.16631922155362522,0.8424438064700115,-0.6990515950507168,-1.1211972813460696,-0.7808826944568666,1.2087298880785373,0.6359703572708223,-0.1747471237589645,0.23446114942992546,-0.674825180656632,0.5638357325477805,-0.8026564933058163,-0.4772031249934246,1.0740240161083356,-0.13410251794188524,-0.4153537471094262,2,0.02308093822100407,-1.5244102773268622,0.2685648785018641,0.05195296534468517,-0.03251680838540305,-2.0797961588637075,0.5964258016891364,-0.0739159534363022
0,0.760401178765455,0.036905195821919645,0.09424310582692197,2.1964270211156056,-0.47258497294655477,-1.3463384250051342,0.607957266915226,-0.5608136365016702,-2.4679767513130737,-0.27843866303696874,-0.9070456958614647,0.46510893502570244,0.16990530093453637,-0.7628247579828121,0.4000673353764205,-0.9456032388261986,-0.6215523849431243,-0.6504189844026869,1,-0.8741186175074407,-0.7891778669845398,-0.44455715195876055,-0.062261091654377855,0.2121587674909744,-0.3629390733092324,0.5756442693296144,-0.9705608608821469
0,-0.2971201319722302,0.8756170465018875,0.3858148755745907,1.4429059354185565,-0.6324326543385431,-1.2633108266992426,-1.6318681157316188,0.6448042362576394,-0.22371556758830186,-0.5643823123507902,0.20255902086524863,-0.07772519070449116,0.20372830353091442,0.24246672724329998,-1.1202324848188119,1.0890006072855123,1.0913073741142636,-0.21922661818658457,2,0.2705285010753172,-0.2717189564907433,1.6597457703872638,-0.12326377252566728,-0.26742948181859627,-0.7440287970553904,-0.8613258763479834,0.5541119644146209
0,-3.042058646200557,-1.1060877687911592,-1.7761652710546032,-0.5991278903051188,0.48361751532862207,-0.05712814565060975,0.7857364675650155,-1.0118064666094013,-1.94953758371319,1.4766666008822757,2.071624663207123,0.2843242959457282,-0.7242263582804954,0.18618790809409647,0.6987360925462087,1.7831689821834826,0.02188877344179957,0.20265200567606448,1,-0.7932348239120225,-0.10155011503628619,1.058538446939047,0.1200956214759966,0.6088734445105092,-0.48987492602769966,1.3574900979429898,-0.9904288934296696
0,-0.6243187882082014,0.30776332670594936,0.30659802854681123,1.200167134845781,-0.5465059285596189,-1.0368034884012043,-2.572972482495507,0.6505814856488972,-0.34891471335635127,-0.22792186748116117,0.899773421295865,0.35501889661758607,-1.1926023812264268,0.9795922778264964,0.1572724439073716,-1.5269415462362692,1.3078413237157185,-0.3024004437061094,2,0.10728302828565668,-0.506470516020024,1.1970743585300485,-0.07608395763043582,-0.7877626485305406,-1.2550792462879852,0.08950463174298165,-0.6911902827507062
0,-0.1640281373758018,0.6096941654329542,0.44155446931478437,0.41537363263902294,1.8688870032359133,0.2962933958266465,0.5611324883194154,0.6324828030515091,-2.610079394859471,-1.124316848688157,-0.2951532711167024,-0.2075222843791834,1.9079407214453044,0.02478275542363012,1.0319136082859255,-0.014529297479617856,-0.6318440587486776,-0.23841194667268506,1,-0.1150277491685409,0.2693988911042384,-0.03422240807963972,0.05369989292510192,2.119768923569374,0.4088136632451773,-0.38818722288293384,0.4852091535960349
0,2.0998664052665275,-0.29819039334696495,-0.16024713060076634,-0.469776085899808,0.20330777176532283,-0.3394272458051153,0.7110325770286936,1.971041171008637,-0.5221332371284627,1.7893857606228036,0.1665337948043567,-0.40198286553933205,-1.78526162662461,-0.5464869156733201,-1.354066724272057,0.914555380954546,-0.3774573976118339,-0.3104037886608109,1,1.3471505020476124,-1.1077638453167329,-0.626434952835448,0.08540388569787491,0.2758364466904216,-1.7479885300503517,3.4641788949126084,1.3378492088841996
0,1.2164261290594778,-3.5580972510728044,0.12734411675913873,0.18164446929181255,3.159452881354496,-0.29100784298160143,0.5925512356532086,0.630102027229326,-3.728891663073066,1.0853756385470161,-0.10331597604413638,0.651698407015007,0.25494089733343417,0.4559272045281019,-0.3830831897962538,-2.1414807804242315,-0.65175997996054,0.9706789666726137,2,-0.48510918271943904,-0.562260054305303,3.993324294611201,-0.05825998417260668,-0.8125835157006038,-0.9856256467280181,-0.6095676017557118,5.16283247080658
0,-0.6769309049623808,0.5204907955525926,0.31770412581165514,1.7265364713644153,-0.5652875474623418,-0.1401345503158914,0.6731485923170161,1.4737958349903997,0.5684487210224894,-0.09863824604669841,-0.5997251445141335,0.7311891911903865,1.5527786226845819,-0.10075920192401061,-0.828757785586262,-0.5593740535172274,1.2185251349553734,-0.30684372712735364,1,0.032365909884910976,-0.21388668910727127,-0.4859106604594364,-0.10128161592190517,-0.7345289743663239,-0.3147203171797841,-0.6401362331393038,0.0780600894308503
0,0.5749305487486567,-0.23606737221232688,0.10352592522882942,1.8776275175497448,0.1902323860295757,1.3743354915502703,-1.9442485725465644,-1.5096260209881007,2.157828300472021,-0.5663877822455768,-0.2121012198818683,0.2751682277185605,0.1620398922439842,-0.2114656728099338,0.9364555957784548,0.5120464441803408,-0.3614905544867565,-0.22174852295695013,2,-0.39889651952044736,-1.4818416805795551,-0.4589203741487399,-0.06563344092126941,-0.2806655362269087,0.6312678042463812,-0.477747389822069,-1.2051872124105938
0,1.0471943363697394,-0.7351378730299254,-2.6048891148814426,-1.086176792588438,-0.2711644327420233,-0.47650639996382455,0.8826428426859958,-1.259390373036244,-0.43004076069234703,0.7313066818438345,-0.23565111272332817,0.4032617577823369,1.1336733638941148,1.4069443260135879,2.010430723204367,-1.2932218351833722,0.30800328334149885,-0.22138620769033324,2,-0.16967227112794553,-0.02056932554450952,-0.8099493501159892,-0.09052287513514518,-0.6501332869025691,-0.23236396192444658,-0.6928847611779179,-0.1632816790992443
0,1.2441475819157293,-0.5208062196864052,-2.4739369691401176,-0.2839843387294938,-0.44534991534466434,-0.24399490539059837,0.7803700242610273,1.4692943114310053,-0.032302883904596624,1.1144237576296836,-0.5393106878615099,0.2141337743711485,-0.35538191810385494,-0.23027927566200349,0.27702593856909297,0.10954322830843793,-0.5378472179366157,-0.4366605958882092,1,-0.467951281005391,-0.30445194698251,-0.8341593138487434,0.04255104390852078,0.6689483803857893,-0.6875152274665365,1.4477973854520698,1.4650570768630635
0,1.3308302924824476,-2.9277815471415716,-1.0677579165065607,0.5295114837049247,1.2237727093554274,-0.9174958808493541,0.7632816035718623,1.3726337435479932,-0.653002646045277,-0.1967460341425833,0.23015537805024067,0.771414434425436,-0.15432454547498675,-0.22543097603149895,-0.8059443333539114,1.3730806470763954,-0.4052762645122976,0.4064085512040579,1,-0.20327121284577543,-0.7111369733242486,-0.7417152508288918,-0.04955241593785288,8.815660519800407,-0.27791915796992095,0.753742410086673,0.3399132924840927
0,2.24867707487614,-0.7673163275887187,-1.251107061674668,-0.013337419387597915,-0.006299820893992447,-0.5544451304825097,0.7867454914718921,0.9656324143148853,-1.7594938156202429,0.7382388385848069,-0.41812361717166857,0.7287977751848771,1.095493666344153,0.22701671344460594,0.2745707300407013,0.46369590463861343,-0.5598527034172486,-0.07050161850081699,1,-0.49271607574094123,-2.788403751875363,-0.837083612328585,0.016732755950748482,-0.22382377437504214,-0.42602424761431434,0.15282894601130165,0.1700689912582849
0,0.5498522693489594,1.4430540467787374,0.933751825728883,1.4805992521373725,-0.9330726142505213,-0.7057179350652707,-0.45924650505643627,1.3964876030392983,1.0706432122334595,-0.28676640776050305,-0.7528935487020644,-0.2017942386736047,1.6815905160919895,-0.4344259034610525,0.010047251356438747,0.12503764239426451,0.6138096063298593,-0.12211298049852301,2,-0.5998067563391858,0.47154114473899034,-0.39623702936949107,-0.07786359777970951,-0.7197759849250147,-0.6385961009771404,0.02037373866978015,1.078498575854659
0,-0.8637501090528839,1.3764953447928128,1.693437779501567,0.30114460676275445,-0.4359323047401069,-0.9475940541839241,-0.8242791483808519,0.198951517086516,0.31574735658335396,-0.07644225055625231,-0.38540323087348594,0.9124970647641015,1.3886509565028589,-0.46790785382257893,0.7929220239688272,-0.7592557822436719,0.17721124871734192,-0.49679436098765195,2,-0.13236513781209056,-0.9775601707745947,-0.1585979728808728,0.08967818768558389,-1.09095311408826,-0.1368414815083554,-0.21902164290217632,-0.3526013085272292
0,1.5856075061270882,-0.19694032930971095,0.47543102513541013,1.6111800381845585,-0.34377211025856236,-0.5399544534805388,0.9898513187018559,-1.5931055819932163,1.0597710245742664,-0.637038495047847,-0.8275912948136592,0.20597915212673787,-1.3577403907352887,-0.8324195990435419,-0.3939475453114745,-1.0608345710629026,0.6614973074868707,-0.23840151693667438,1,-1.1986765241275195,-0.7708411726210402,-0.45985037731475326,-0.08718415015556649,0.8483008386688677,0.13679879592152283,1.0619449022531886,0.0730683332577414
0,1.7610850286794495,-1.5593969208154783,-0.6906872431267358,-0.15024878065836478,0.0414691349788725,-1.358856111365473,0.8204918402875926,-0.6800036556873309,-1.691967966191432,-0.20958520852493168,0.640036080010433,-0.07459862379347829,-0.42220886891764464,0.017158606397336823,-0.8987675420090994,-0.09279791675127846,-0.31215814224395155,0.06031199841188911,1,-0.8570693664806064,0.6554665210906103,-0.5369478192560969,0.003958194918629837,0.14186562064580965,0.2270147224199926,0.01938892957825311,-0.4643393396728401
0,0.7573140539200214,-0.21598672847557826,-1.8966184741138352,1.442050075119019,-0.2714964210311708,-0.18309200922083024,-1.5356129133147707,0.10048807169309135,0.009168353566195442,-0.3331305817884038,0.3474847971355399,-0.1723693644596851,-0.22305727954264332,0.0580708744197076,0.2600774842406949,0.8333935020541743,1.904127434768147,-0.37778031505120424,2,-0.015103632100297082,-2.1652985620615484,-0.7810421092699944,-0.0961869405156495,0.08224185453122901,0.0523071530006346,-0.13640389143933074,-1.1146202108692473
0,1.8713505501297876,-0.491468897783804,-0.34739588952799605,0.44970930979197676,0.7229235433731205,-0.3573236732807324,-2.1695611677157376,0.24050844569640423,-2.051803908911314,0.40426038533888375,0.04412627403232117,0.13640619325782632,-1.2093982118449502,1.6146720368022955,-0.7216575890297441,2.1690324873053375,-0.33154388386903333,-0.1635059864534823,1,-1.87737378862638,-0.6489051705941993,-0.7349310789369233,0.02164180416019415,0.8362307461790194,-0.5440685845752187,0.057856609406979786,-0.8043024621098553
0,1.0574601234822465,0.10013763369749229,-0.005283673370631736,0.9649815389523769,-0.4800858732323162,-0.8315978403394335,-0.6962981888572257,1.0218808109824462,-0.1503384927108095,-0.43393599542482164,-0.348456802989063,0.10781962060082378,0.5107351235104697,-0.4785485875319043,-0.10759471269952126,-0.9449388881165635,-0.65175997996054,-0.1180903675938908,1,-1.253835103625201,-1.7428808465663916,-0.6973113156656303,-0.1287336859836154,-0.2613878001703818,-1.1555496938160386,0.7164011751717904,-0.9331515076494004
0,1.0182320914526197,-0.0994527339104346,-0.13934556624248015,1.312546092968518,-0.5591676229206188,-0.5260666857464529,0.7901400813041127,1.9524995568179184,-0.3416299462460527,0.15313265543355678,-0.0001988766580934831,0.6619693120828146,-0.6297440626495269,-0.38649931619569966,-0.4438421169398401,-0.671610491966147,-0.27287912523850594,-0.18808534814394953,1,-0.8270268376287766,-0.925924864755342,1.956572441491848,-0.061433699313191224,0.04738903099636353,-1.3248481934931151,1.0580140984020854,0.05854284381955882
0,0.6358420225383754,-0.40237034209315964,0.6889238709778779,-0.9560986131608908,0.17913680683710928,-0.48379129782325436,-1.583558897447255,0.34694920098748055,-0.9327206006251401,-0.041952514502325955,0.4036492764189468,-0.06606557837991835,-0.06690626164763513,-0.15168830718449772,0.32852986480662427,0.061986335310443556,-0.10518166212496613,-0.19176676036571869,2,-1.1801212852218368,-5.239165167722842,-0.821282125267987,0.04579279335352418,-0.9017306534723675,-0.25107702911261265,-1.148955541736322,1.626134485360145
0,-1.018594670167505,1.7306295851850149,-0.7818666128003724,2.3695395136679354,-0.585874585566948,-0.548364079649461,0.8448405565848749,0.413648060464369,0.6221549888348255,0.5119022801960664,-0.01421044754991313,0.07625360304,-0.7370948913407593,-0.09897716390502298,1.59551475432835,-0.19847669212909902,0.3678681750626603,-0.5099540882697804,1,-0.6600656575544596,-1.3418182804326924,1.3901521424422645,-0.1270340252883264,-0.10141699031139167,-2.056598740600711,-0.4879172368740506,0.9747920268018251
0,0.4118128003869682,-0.37550347345132556,-0.816917949932529,0.07803965253450369,-0.1908360365885474,-0.7683966977508776,0.7386613131229235,0.3256886890239401,-0.5938910737049092,-0.4813996652819229,-0.26976762306731494,0.6426258677685524,0.5902410197162111,0.2743317423969462,0.6583854242828259,-0.4323425304079749,-0.65175997996054,0.5813738621935186,1,-0.4693804912731652,-0.9279498900319414,1.2141913675327713,-0.13858845242106,1.0393661882774285,0.036748790452430846,0.6169375586879746,0.5940057952374529
0,-0.3929880220058228,0.2861010118250677,1.9958556756135408,0.9093351278409492,-0.4301261964343333,-0.2298791848715488,-0.03531663049552669,-0.5835310593221003,0.22519836242652416,-0.9009922999902464,-0.6767322465102408,0.3993741798582401,1.0174112120875218,-0.730755209418213,-1.357933258173015,1.3719084921800209,0.21795442358500708,-0.25130944862353494,2,-0.9711794501203721,-0.5876266762873492,0.06641400156740146,0.0417490458672725,-0.45815952800934945,0.9959816295249997,-1.0023047815963562,0.7464335495226766
0,-0.7667943510575165,-1.2365358987946449,0.5963085915414539,1.495963407678083,-0.22016206347174502,-0.3454250737001245,0.49951231308816224,-1.1752974609992526,0.44235370659068196,-0.10855644643507216,-0.48576765727189086,0.37093696481709715,0.8067560147714816,-1.2440017409517081,3.257931163632521,-0.004325169187197553,0.14595074959028959,-0.38904277485742306,1,-0.5273431158180668,0.18357004183598377,0.6183998214551834,-0.10008310590756317,0.3330846495196339,-0.6561219707134415,-0.5571406944306454,0.18391990854067986
0,-0.17573394168850268,0.48733203656937557,0.4699895295889311,1.4815098964146345,-0.6899702764634971,-0.903459768050447,0.7639464016044293,2.205666225697619,-1.4406317646202462,-0.684163933743112,0.5212085738686302,-1.063856149390396,0.1901555349437659,-0.6160545865058753,2.0690414655797995,-0.21480820231513087,-0.29927598387872745,-0.48873256633515194,1,-0.7566103285150979,-0.9327781506806956,-0.6101549293274561,-0.03125323340556291,0.2974626270142622,-0.2750141408017081,-0.03894676848528389,0.1595891140651433
0,0.2365949883733682,0.19965721696038208,1.1369654702637333,1.0253695484067922,-0.24023747247190008,-0.26131829679179813,-0.42256034038464774,-1.2197529559556262,0.8765944549248846,-0.1749283405508289,-0.1952170629412615,0.24607657233115993,0.11685700554106432,-0.1047295080219951,-0.44469264497846517,-0.09597926879870755,1.6650142624523032,0.004789265027664802,2,-0.5740041090496274,-0.7286746133485948,0.750811451263922,0.0117466749573715,-0.5475372525144236,-1.3999552371702206,-0.19640986840401192,0.5928822968499919
0,1.145171637533116,-0.4442995669387136,0.17261731303247074,1.0282323900021733,0.443575243828922,-0.4820193340282326,-0.8714372338594627,0.02330402757714558,2.986486929793805,-0.31703920269732977,-0.48798829320629,0.09098079784000035,-0.4652854443887585,-0.14702579664546153,0.8779599800456125,-0.0055095421561210944,-0.34079095693569234,-0.17660784293520382,2,-0.47228704047337355,-0.34797831757418596,-0.837083612328585,-0.07143951746163676,-0.32908230554877943,-1.000841890909358,-0.2913828455178743,0.12671927061499308
0,-4.50772410509482,-2.013494624356674,-0.28897653105094023,-2.0428200120174456,-0.35631762820329,-1.015255803640328,-2.1165107782848342,-0.05184479108105866,-1.0863303179921888,0.228862362865069,-0.7584342653580823,0.18955172085756739,0.6990175804509737,0.015371005225734563,1.1149304296766873,-2.1448722256386032,-0.33849633794709144,-0.52927481667717,2,-0.5545622840679025,-1.4727723622705342,-0.4789756337969282,0.1491185313560015,-0.9668566919706709,0.44758334710846304,-0.5864363842942141,0.8848654814650723
0,0.8772250498115042,-1.291203106767313,0.7222255782839023,0.4510032442795404,0.18000869575225303,-0.8737399602219803,1.0245333376835566,0.5123996503388799,-0.8783113829672105,-0.622376215028022,-0.4908362146365947,0.4642566435490049,-0.03463813171812513,-0.6135483959717443,-0.2959257590689931,0.8447266206421634,0.4262228504283348,-0.23015596508751351,1,-0.027399826226609414,0.05240971454408798,3.812303578855955,-0.09550210884175583,0.061485166805484326,-0.2641844618436145,0.33853899120671344,-0.7147719017344131
0,-1.218404583252525,1.1684972102464277,-0.8423414325353579,0.6603521934357773,0.4952785072775488,-0.8918464911146919,-2.103836963266703,-0.11101201087030577,-1.8840478809232857,-0.645398426558153,-0.4724149461273204,-0.19161518774325767,1.7957686791683938,0.15793391354143502,-0.1489736916461768,0.7748753407129259,-0.32565968570388176,-0.1865346848700901,2,-1.4705727900946983,-0.40184711541103346,0.1885201338578142,-0.13858845242106,-0.27628448224168867,-0.7836521556518535,-0.4618967775636741,0.189975327031212
0,0.7772540518311575,0.7102274606471177,-0.2587341750611492,0.9426797734528749,-0.7779727098328715,-0.7435894501879816,0.8408607987463347,0.8722267476987099,0.14001905343578608,-0.10444949873226844,-0.3399374495520202,0.5350828414604258,-0.2962005814441478,-0.7323370669047781,1.1475064327270803,-1.1015648568359173,-0.5256362736513014,-0.2396913343696004,2,-0.1268862301095703,0.30342727929337143,-0.6781282951344437,0.02803596260126423,0.32510969048895,-0.3066672400950908,0.23245769400326033,0.14636302598880443
0,0.17391011867757347,1.7751309510052964,1.3249383830938286,0.10641668787387559,-0.5812357923239875,-1.0424728835853632,-2.290186833726172,1.7550530429322955,-0.9297355384980218,0.013309383707760691,-0.06268672918853446,0.06497181638294891,-0.06622065168335667,0.6263191562275531,0.43532587811873225,0.3379979338679284,-0.3863711141125704,-0.5210334632577487,2,0.048140996719312934,-1.7327434213854893,-0.15730574097115857,0.015040816268135221,-0.5483992019159487,-0.3652037361539487,-0.23418874961899955,-0.7779031820346952
0,0.7684006850863012,-0.0006987829085710606,0.0337374851694075,-0.6445848770390851,0.27914888482856826,-1.0608225049080302,0.7898819061125161,0.9281141605747776,-2.658031895316382,2.2852901013491813,0.2999313015300312,0.42003223568056675,-0.1303492766469171,-0.1669535560780002,-0.11418080726483981,-0.3725764949239302,-0.65175997996054,-0.4528559835138969,1,-1.440567576426117,-0.1659727719199413,0.7231411467844746,-0.09867800184585436,0.0222568511122887,-0.5531556464092252,0.6040133662818299,-1.3795937757150571
0,-0.8768859464451947,-1.2701162616488304,-0.46726449447415547,-0.5281962732125253,0.21679788535943123,-0.6728683395632673,0.45957589158841783,0.3766504836940816,0.5045321158932137,0.029514542941620037,0.001967939916256378,0.779527101912786,1.3884177996023839,0.48016132356680097,-0.6835661288115498,-0.46535435041961526,-0.65175997996054,-0.2614237615776395,2,0.7117420163973915,-1.7015586519145964,-0.17553104050334375,0.09369269543008711,-0.5365810815330629,0.2690651280091557,-0.516120588524396,-2.2798935814429786
0,0.6075045783710626,0.25308963558319886,0.47937404597435906,1.6254749095764391,-0.9765899512205839,-0.9979822201008914,0.7481645079121758,0.6295608837821354,-0.22216065093616139,-0.9536355249472996,-0.1004987633511657,-0.13043375645626554,0.7638000749852739,-0.7460312579847606,0.3040026271635301,-1.6693543774302673,0.32447356851107334,-0.40448832787889644,1,-0.354379133695897,-0.6298549183382637,-0.7843884468746459,0.03542139751673559,-0.03155011746374953,0.38922254199508244,-0.7208223521608917,-0.429300786444808
0,0.508380344795407,-1.8362838003640736,0.7148772020039806,-0.07370148666633458,-0.03835198478015808,-1.201643784038692,0.6162090425870557,-0.6176011148127537,-1.9871572953290098,1.462595550506232,0.046165953252284175,0.3734389603204184,-1.3974856179082757,-0.664116778493494,-0.811822943707996,-1.0413897524214368,-0.65175997996054,0.31152998574085294,1,-1.004092135368297,0.7685435149739595,-0.41442132328030246,-0.12084823472395927,-0.13623562268212439,-0.5110162358252647,1.4355248747395672,5.26064237859104
0,1.0449961487868242,0.560994579122079,-0.29014009419901127,1.1307300647894665,-0.5674032798547834,-0.37004611814382193,1.0062956051601581,-0.45984993326183987,-1.0490899703274308,0.45639847673702416,0.4199784786985008,-0.41141219143225105,-0.32466435990949694,-0.13374211424679963,0.634909937097903,0.14550784570620134,-0.07330297236082597,-0.3279824363284052,1,-0.033192945092210324,-0.97231419713558,1.011667086578141,0.0011477209898578256,1.2162866623686615,-0.4703180804158663,0.4574892958933985,-0.5721900163002289
0,-0.6053864363613831,0.02116252318124434,1.2937622799272894,0.39763147465233917,-0.5234551183160331,-0.6877024945104627,-1.4651935479089806,-1.34625582437097,0.6307081320351918,-0.08936919598956061,-0.36266682332159356,-0.17617780269281835,0.6660361899423164,-0.673231509629054,-0.8060263502465228,1.3438558774399243,0.23934832719256782,-0.2122630715877492,2,-0.2378292949564672,-0.6457470479519506,-0.1817076969765944,-0.11517085385819414,-0.9293321117830996,-0.7375152148280208,-0.9590428882663267,0.14451715265943027
0,1.231260093607328,0.0471565307936026,-0.2508097838740923,0.3398106419859508,1.3246222454014052,0.20976208637295818,0.9789312213566477,-0.6017029255732023,0.6758121960438135,-0.34797148209383305,0.6140106258015904,0.34758209935288387,-0.6246321868815661,-0.5557547875110139,-1.3236873433538219,-0.5106865465958829,-0.26646023977402045,-0.0709846787022464,1,-0.6762936817923856,-0.2771844095017373,-0.6643976784879227,-0.06014999037634304,0.7098389742178609,0.5302303130167177,0.411577208852813,0.9829292103514852
0,-0.24643643023007944,0.32028551732689264,0.9288930757564704,0.6459981929248053,-0.8069389937342153,-0.8422417328469674,-0.9298459586563315,1.1801679978081163,0.36126747355270783,-0.02695379411493032,-0.13234033298695083,1.226835970877782,2.796565032417227,0.2636826193023254,2.7058926383229753,-1.326255298066779,0.23269868282822656,-0.3232825067425583,2,-0.13769551528941085,0.3701334637411917,3.3297911233700197,0.013439459253086025,-0.86142192691521,-1.012713162309655,-0.5248269526879012,0.8401428597967023
0,0.017024723061732916,1.3267684360855287,0.9534103244368577,0.11603623593305579,-0.7541619305925169,-1.2858302047559405,-0.5517809173604837,-0.7304152711663607,-2.2699164957198827,1.4901111119135755,-0.26960516200896845,0.32199991103641257,0.8915206666487164,-0.9248905064932589,0.15774322303026866,-1.328468405551467,-0.2606129187946936,-0.3922285712283685,2,0.37699730771157103,-0.04903318095942796,1.018585709662396,0.0733010946184693,-0.744752667663263,-0.8548846713875422,-0.4423924602617765,0.12908694210700924
0,1.0710065718840243,1.1965848855311598,-0.0263476665753633,1.4671156169210227,0.3633547886406339,-0.9231340678813309,0.8559733875876722,-1.2340353429641644,0.5910379158496768,0.3509974749653354,0.5278399238355981,0.6640095429188416,0.05953602193856378,-0.2692111035485677,2.2754851057151195,0.18887504173446812,1.1345750735867357,-0.11759104985614299,2,-0.8609729067275379,-1.9165729615603246,5.014415155403728,0.14833318875112095,0.027959517926001126,0.2891944118944672,2.8305233173027773,0.25781459711360033
0,1.2019788531920292,0.059399940832719045,-3.201967216562612,-1.0474537908818284,-0.0857264888565521,-1.1786879448321843,0.38871674216133556,-0.9947545282933667,-2.5389820748400314,0.539724438399993,0.9226710446875853,0.5880460373467504,-0.7066520082832847,0.44321269348648884,0.3687577900275546,-1.2489946933666949,-0.03086706016287244,-0.31679821528356705,1,-0.4116302169753713,0.5477375660920939,-0.22857078085185856,0.2544463925747792,0.1592124137474832,-0.0022708374638993056,0.0805037031024568,0.48360796941131556
0,0.18938373656943053,0.641511577709846,-0.528237288229513,2.044384340069343,-0.1514835439816379,-0.50025392967668,-1.793273892034653,0.19327089244227835,0.9608539415556435,-0.6475699995399793,-0.8702392624616435,1.0513998268106812,0.4839874836479825,-0.3739941497397895,2.460319231416185,2.714379594012983,-0.42638256285636145,-0.2988646777457137,2,1.0166998916039887,-0.6383588317750762,-0.837083612328585,-0.13858845242106,2.152081148610112,-0.12097317950606341,-0.5777576970948354,0.9914404453965482
0,1.5477884055484241,1.346336359784016,0.6985351676019889,2.513304638397303,0.16170585627879586,-0.4442525750262868,0.9334602777408878,1.8015394330436463,0.07159649724514822,-0.13561528749339158,-0.8245749107253237,0.7027956447473064,-1.6794010329028328,-0.6719951544640643,-0.21090554522549476,0.40563990985470966,-0.4643716576864041,-0.41182270353920336,1,-0.11270595718011531,-0.6944907016110123,-0.6779550770153996,-0.08646062263052275,0.4063366192557307,0.6235835310365743,1.3800660997374514,0.2172108126865966
0,0.24367849731081725,-0.4145166905508475,0.5796433735685983,1.692460192525886,-0.7985163927063519,-0.5377916828088797,0.7585458723952193,-0.1484489927776782,-1.4011045036130758,0.4193076933674256,-0.253520345053994,0.04809277228292469,0.46029477128335433,-0.20048995166979425,0.9515817357227377,-0.2932888149357754,-0.24948250236970052,0.2966812634523059,1,-0.6038260141812342,-1.6029036750256467,-0.6625113201504509,0.005039288582010075,0.8465637511670949,-3.371293901455535,2.090092982811203,-0.4050695133263117
0,0.48839655348443556,-2.6096848727478923,-1.6364467730490366,-1.4328564336694751,0.15402523561499626,-0.6452841086342564,0.3686255552837806,1.5742875429534222,-1.5355451005779521,0.19399923486578485,0.24169065716497104,1.217416464308704,-1.5121780705958896,0.6693893748414592,2.246327238613323,-0.7721846690684507,-0.4478517154454561,-0.18882096935590903,1,-1.5374888140694571,-0.7548015058083034,1.1228848517285674,0.025911989458206358,0.6676632683143344,-1.1427047402897816,0.85858722815127,-0.2795465303026141
0,1.9264720582132875,-2.348985875242297,-2.9042862733513375,-0.7505421508886443,2.6014744339464526,1.7967649225880806,0.8490456832123916,2.045165607387692,-0.5478554245416809,0.4172323712478213,0.08436316392849558,0.6612182447986635,4.22300730259005,0.365282834911279,1.4147866163065244,0.004367979547770351,-0.6451755478156932,0.5817521448063655,1,-0.2346632643220829,-0.2555969816847785,0.7991875429924238,-0.12425885284209978,-0.33885590601169785,-0.05220849435981889,1.0806591014903866,0.5415783413110905
0,2.186526541984928,0.07715819541025765,-0.7613026580757071,0.9748244064219199,0.19860906697710212,0.5296140759768234,0.8502663176735525,-0.08363213193545893,-0.27038084857095496,0.4498266977160773,0.4393028745303395,0.7512454239718512,-1.6687375591570617,0.8525560131778421,-0.5094757820957084,-0.9818274606401194,-0.21809132051906882,-0.052740115383904856,1,-0.3534362849042493,-0.5780577165328746,-0.722373838601844,-0.030589227897622348,0.49860224924789365,1.4159254271705175,3.45234257281699,-0.37255638511998457
0,1.1287052534726758,-1.3581320942855415,-1.8361566287566031,0.2137479616779493,0.9968992146265423,-0.28197931223315087,0.4421463726979691,3.0260717995243187,-2.4045886243111063,0.61587733104355,0.16715166118111877,0.7282614018305489,-0.21968460014197688,2.3574597150055534,3.013510868432994,-0.6783927595283789,-0.3406790783345153,0.17853372340170148,1,-1.5093008426825931,-1.2863215433128303,-0.7587818530848112,0.01508814227861828,0.900333808584806,0.02134999139150312,2.216181330694476,-1.5349322314649358
0,0.757408604502716,-2.0309273340577496,-0.26291000773319406,0.07637351572946516,-0.28743356260075165,-1.048192565719894,0.8059450440645889,-0.7847204906212008,-1.9598114439254564,-0.11945183625230005,-0.5177617753020985,-0.1197995582335919,0.15576460122069954,0.14333815163521252,1.5549857558157831,-0.05976324341262207,0.18593769502352753,0.5863052181712113,1,-0.3741147809170223,0.9288710416717303,0.9238689300608041,-0.016028482013930853,-0.27801572526562,-0.22488238076641703,-0.7274251350350704,-1.5822093955446008
0,-0.5454710129559703,-1.736028625605984,-1.5391564780719824,0.47711426456184414,0.5009194304789217,0.12233497591013848,1.0019432244244544,1.5995716833215017,-0.6038743367681572,0.17930220352615073,-0.21768718048120633,0.016637373396167367,-0.8630592958917356,-0.343816750047789,0.20051000764364957,1.8456838916721,0.25954888527968545,0.17303443034130084,1,-0.6225277604987421,-0.6733497894547689,-0.3745162300682463,-0.0025328414517841874,0.0987504662355572,0.3637258185535632,-0.23036048480975607,0.25666877832156654
0,1.3712108039280282,-0.10095013128172035,0.31513757861607755,-0.15832325078081588,0.06424566363793982,-0.2667471561656939,0.6774504674151466,0.3602706463402654,-0.9659519969774786,0.3572604032521518,-0.3887510347450136,0.5221330779287937,-1.5346248215843394,-0.0034943118245318594,-0.12875441032593837,-0.08803275075125014,0.15430449453153808,-0.35680296317609284,1,-1.0660353552748003,-2.432984196615398,3.252307948866064,-0.03025513113539871,-0.03737006922651642,-0.4924559432212706,1.0911158702059378,0.08545757739650908
0,-1.4553438350837204,1.368717992635664,1.8668542259946017,1.1327909122667232,-0.4772084079025939,-0.011216096174599066,0.8680027496738149,0.7471635129370844,-2.0738964214365647,-0.2599103813280724,-0.48227359566138067,0.42026161066603385,2.7795962458877965,-0.7586322509948666,1.4378675004439856,-0.29559123494545136,-0.3036059222376641,-0.08176691173683523,1,-0.1954815372430807,1.2362100047138773,-0.704856738789711,0.01514237922831603,-0.9686421971840301,-3.4319259585766173,0.28778770074001525,0.1290014367218055
0,-0.14301142564976232,-0.5284668730409303,0.0486543601348467,0.03688884544083226,-0.4655997489023891,0.596810780353717,0.8675133074176834,0.35394640153101015,-0.01915468403397269,-0.4418652536958019,-0.4682840593456219,-0.05222580262934251,-0.41604577081740457,0.08984260637985186,-0.08792456433335316,0.09954343500441629,-0.34962201362823075,-0.33026521275295273,1,-0.5976559932959893,0.15898210291663797,-0.837083612328585,-0.13858845242106,0.09873646294760652,-0.6235050479614135,2.1906261152628783,0.15968183689512547
0,2.0725115317235896,-0.8208418427331139,-0.6874517617511697,0.6194180704566843,2.011821111632786,-0.19481822407857285,0.036708451619078986,-0.807904152563641,-1.8410537229114108,0.9660727211014114,0.8802539754082938,0.513182100948331,2.066089944151149,0.678798926624634,-0.3991041462651304,-1.3293757496560836,-0.5278076486492098,0.7592403425772835,1,-0.36781180861357143,-0.10182659746972644,-0.3567394363527183,-0.009024627773019586,-0.21000204932659775,0.4171784600185156,0.7447374972189028,-0.20543840339326236
0,-0.8632537825819995,2.0692548927114247,0.7930531054107564,1.017459150479941,0.046651752921059386,-0.9492859051248312,-1.8058398991335127,1.1215111614343116,0.3187431089526158,-0.3735736677197195,-0.16171536081949803,0.2960447496412185,-0.32380102244299847,-0.5923793081349734,2.187054533768537,-0.7912099826812228,-0.65175997996054,0.005958223003520113,1,0.4399913209097406,-4.219641159181686,1.6932412226631501,0.2984710759760985,0.18994328002067384,0.5176393299924065,0.7024737478779729,0.11163440704746991
0,1.1567684565054765,-0.3172643586450554,0.5828970073366915,0.9542233336944639,0.28561770468655123,-0.5369820579602936,1.052577830570145,1.4445995770147249,-0.4429153194550262,0.1751530891391605,0.40315318287837765,1.5358396658897533,-1.1702225675531601,0.6470740247627264,-0.8161988727216709,-0.6291524441634397,-0.11914121188775133,-0.11791964194535029,1,-0.9930747996777454,-1.8063828433782478,-0.6462741265478169,0.08246606568954418,-0.19711743372684654,-2.347209744527013,0.5724070875434579,-0.8431807071159609
0,1.5881657617903673,1.5104403060419291,-0.14226456193122802,1.2114213787005617,-0.808816031138814,-0.6636997778843132,-0.5110634606148182,-0.3126189791904068,1.75656099657426,-0.27469654354404427,-0.40927314886400823,0.5422168567276129,0.29258954065413645,-0.3860306426202418,-0.5580265426707132,-0.30769027255986414,-0.555056536161749,-0.43199257166987415,2,0.08937147403841901,-3.057227257204504,-0.7057133269858575,-0.13858845242106,-0.5516146290486399,-1.1293871688342976,-1.21975314077183,-0.10087217047997946
0,0.3837344122837646,-0.13974031661550024,0.17061614049595303,1.9080034808588218,-0.23487373735962283,-1.1093440390670368,0.9545218647913668,0.4453682349500738,-0.6340306581396384,-0.05396325827165055,-0.2445174548805658,0.38093442058198584,-0.5420868715406627,-0.6942985372462285,-0.0949221491264583,0.33582063976767995,-0.65175997996054,-0.4730935572271053,1,-0.16674748837142606,0.3304383120756899,-0.837083612328585,-0.005645713272091547,0.18440846620900722,0.05223982826270357,0.7732352637602868,-0.4947422740538096
0,-1.3686851729942784,-0.25772004296622186,-0.28273933302109194,0.504091345775415,-0.24907862277099674,-0.6121271320200203,-0.9639483743358677,1.237464335943598,1.182948553937098,0.5054150029981211,0.09399917795019613,0.6326401862505117,0.21349852573713668,-0.19692727524729353,-0.1379293414711834,0.07334057430100038,0.6527177064797373,-0.497900479691605,2,-0.42729701560999656,-0.7910922906565081,1.9016124082457462,-0.018774148173761107,0.7487976828847506,-1.12121197502971,0.20836698983738797,-0.16306770551444388
0,-0.3681585022324707,-0.126110118012555,0.7766551467193337,0.7449432548372605,0.0805280064507613,0.056808878509813865,0.45096968157320194,-0.3011745758722797,0.43134184658956043,0.3361769173330934,0.17765626085593011,0.4233401315498356,1.1545620367342422,-0.4388035175842526,-0.1971909495208104,-0.3765344206271228,0.06276741267963198,0.3285431600370792,1,-0.48382652588789765,-0.3115618267959631,-0.6350564747355325,-0.08773840909181796,0.5015511724699644,0.7685037629868912,0.060891783966500246,-0.6987431486298109
0,0.6232251217079303,-1.5259815840949675,-0.8445994264782457,0.13799452700906234,-0.6020012462651955,-0.9008325936385198,0.9662423643014458,1.7024230510349374,-0.03424301531941132,0.1684215632268878,-0.18580195214128503,0.996080251435942,1.1403055032959561,-0.24065960996603022,1.2193391543354526,0.4656670270034847,-0.4924037373708887,-0.051771332781211904,1,-0.18138880332218538,-1.414488136868136,0.7383727616053499,-0.002989415311780569,0.27976166883771103,0.6733251357725457,0.39000121421070594,0.01522808692804875
0,1.944020265439037,0.24529496953681895,0.6335194853466919,-0.5975052903654725,-0.5678857150448113,-0.17371791637826958,0.919910924879251,-1.2315335303445105,-0.17807357082106617,-0.6719923290230845,0.1136919878672561,-0.015073547085299177,-1.0298251790869197,-0.12335431468767863,0.531695572055279,0.44048219638576,1.2752979700579166,-0.09406540324325627,1,-0.16961491178786678,1.2198436794467924,-0.6036527411944951,-0.0827890247908932,-0.547095455914776,-0.08560488560230689,-0.1404375372213222,1.1790064401891458
0,-2.215124968055407,0.6683260381377759,1.8972685055251493,2.394094759337337,-0.5834251304683404,-0.2787676708483987,-0.17612466655523662,0.838412062090872,0.5906748785566124,-0.2816417120991316,-0.0627392423280781,-0.2859297680954834,0.4364209693652744,-0.47936996869361725,1.4857158752746886,-0.36704053488837673,0.679626964098792,-0.15593653792341927,2,-1.0065698124291695,0.11840912738794063,-0.10670657075143819,-0.03415104179718108,-0.20554155050072023,-0.46514714890695574,-0.5755619828133064,0.36522397080168595
0,0.06470853327666026,0.9126289398430064,1.226292518121649,0.6252948086858393,-0.2780881000655677,-0.5501039629018137,-1.0446417512559112,0.8078531090429513,1.3295993746549506,-0.6231566959785403,-0.9063852303643433,0.040616747696721245,2.2751681272827335,-0.41082867437973636,1.2513202562164274,-0.34279508171272993,-0.45326385892410803,-0.30945157490135355,2,-1.009232120669656,-0.4104727678814305,-0.10202097005043395,-0.09483480766385552,-0.9667897445387229,-0.37284777207624054,-0.8577641047088106,-0.7481743748147057
0,0.07912024079048743,0.13371183619327742,0.6460615563888381,-1.8134451156808833,-0.5201375916173833,-0.7498294880434597,-1.1080108419797994,-0.7982990230550642,-0.04728722976603622,-0.4743654805551863,-0.20747822871333518,-0.10567367229700964,-0.30104080956477886,-0.510372550610005,2.842269197734813,-0.7477017318719669,0.8610610881634335,-0.03851739156637471,2,0.05199074830205014,-0.42863197909435136,-0.7927090315624992,0.035872557804956504,-1.09095311408826,-1.7720790333427907,-1.0777563156649141,-0.37941913048539283
0,1.0583919817566316,-1.4239355318110811,0.21964944137496667,-0.21815821978680505,3.749037479568754,0.8244705684003453,-1.901071858147334,2.412575841878545,-1.3775029158179997,0.20517751681588825,2.3501379014030417,-0.3606298945775579,-0.5219436321339643,0.7550156262534821,0.10802972055133436,-1.1532526800978111,-0.14631718622262327,-0.517867482935472,1,0.007115016908767813,-0.3811535364264412,-0.7771624752490678,0.23501733814393408,-0.2852014347419904,-0.0892828750923651,1.401258078158713,-0.6460883852159474
0,-0.009958390075288925,-0.13111581148280282,0.11634823971098052,-0.2265179651323167,-0.1695172418499388,-0.3412913515728831,-0.7091493703636591,-0.901754025333191,-0.13095828601075277,0.014749095326026224,0.5059032838462776,-0.2551065471233331,-1.4927375360680346,-1.1160841014258864,0.8156083666892047,-2.864276029435284,-0.3603167966090018,-0.30667899441681834,1,-0.9690562736867985,1.462153622256476,-0.7008886445691747,0.05700831738023526,-0.21187532219611555,-0.11732726176534813,0.7597236944042125,0.7770042975447504
0,-0.21014129864432768,0.030614677183255834,-2.625149041588172,0.9548576321127565,1.4291424657456826,-0.042849363639847704,1.0155481921175151,0.17144678431190247,-2.0214567249339037,0.9555217739592341,0.45516736531365254,-0.645801572773129,1.251056772588594,0.5611784628699352,-0.39210872966656307,-0.8406230144657487,-0.5506204721008947,3.6413846720302994,1,-0.7172659412413006,-0.3010984288240215,-0.835358994159061,-0.033003047457575055,-1.09095311408826,0.8604813269795024,1.5147127843519446,-0.06725035671207624
0,0.1561047275291157,0.47117383016641445,1.130830835444606,1.7104081169330663,-0.803318172176045,-0.6347369205738022,-0.3062722233762254,0.11420622025634652,-0.37702554038298675,0.15074591696544334,-1.1322748557453999,0.538657780429334,2.32373020702934,-0.32910932026504325,3.4250930724487727,-0.19214904431384833,0.5291838516575181,-0.6389861587490835,2,0.5779147429893976,-0.799432849518485,-0.26415754421810844,-0.014387105238194198,-0.8740053415843224,-0.5173753512944352,-1.2060692667294377,0.1726052451926437
0,0.8570829844388412,0.8664928239438336,1.6925817540510164,1.8564742965439753,-0.06890145516463797,-0.6251327393400498,0.4540014657426899,1.2876651468416134,-0.4726956390513189,0.30571703714236986,-0.16788132648213294,0.32733794052269444,-1.5189846293797227,-0.13260189996365768,-1.0122892583628316,0.045828841839840206,-0.21224132795919043,-0.08139097349894783,1,-1.0441582519624955,-0.6522907090425517,-0.7017147283649213,-0.08703493623527148,1.141753689940118,0.07728131425700102,0.2950009756672505,0.5115002488960083
0,-1.3232379311732996,1.1284058209894143,1.5616844286778773,1.2415534629891276,-0.31331899529669716,-1.1092024974847905,-0.9546505355782396,0.04299782849209777,0.034184666416490095,-0.3143076747828914,-0.5556634658223122,0.5057011439718831,0.6495056019465494,-0.43236941295668835,1.8863438018135694,-0.772278694001346,0.381857621159189,-0.34656026979637766,2,-0.3139118222551452,-0.8049549023110911,0.8693181242511421,-0.0726234999476204,-0.9685433409182287,0.5691534530131728,-1.21975314077183,-0.2200698939751762
0,-0.8361603360824476,-0.05065187864911769,-0.9258440665082865,1.2410581985402316,0.15302718969342743,0.23616463701269613,-0.3357810599618972,0.7768860863455742,-3.5198727784707247,-0.013254705653263588,1.1829097473377257,-0.8751873599569324,1.044532785839579,0.5954834242480985,-0.7793229456415859,-1.2222844507555806,1.5789524596265843,-0.2605128839113073,1,-1.1961048464998785,0.1685148047204696,0.9685271726809568,0.06719902886301325,-0.7585648230244307,0.6272899096350684,-0.8755121093013489,0.7945012594295697
0,0.6447442575422363,-0.5380740822147174,0.9953283632658885,1.5073402606459134,-0.4313510105786394,-0.9606532405526595,-1.5489887203549801,1.959299576320457,-0.21869162895733174,0.3082011234521931,-0.7978157119293602,-0.07937359650167036,-0.8521914529356427,-0.4105768191510547,0.3386254589909742,-0.6736542373755957,0.11115050856488248,-0.4598112277010566,1,2.0253605689403065,0.2526747676223131,1.5404651845390043,-0.0009630836304153692,-0.09975072089428255,-0.15069551614015886,1.9065456655203445,2.0494083030717754
0,0.30424517650771143,-0.0035446925915043614,-0.06723948906480703,-0.13968167944442278,0.7698241774747872,-0.249406410222957,-0.4480867451952635,0.5053536846578132,-0.39735054902056194,-1.0283241332038369,-0.045381371100509105,0.21331529161713675,-0.6022666631731363,-0.7735814302215436,0.010409638573897206,-0.2086093146040937,2.46181961397912,-0.23563463480294794,2,-0.11968326836669446,0.8931674691365695,-0.46204005755111743,-0.1053672973671647,-0.23602742303453403,-0.07299981364065583,2.624951180734544,-1.5306813873024787
0,-1.1697482231812912,1.3841305886908053,-1.1281978997612543,1.5250498423773824,-0.4428352289524877,0.36947085511984024,-1.2248215110231575,-1.0459446508365255,-0.14297744141219076,-0.3634241014226188,0.0896587985167257,-0.004153634987258459,0.6993987180415945,-0.46203899942868143,-0.01017358439972793,-0.13267532904275625,0.13008290625313,-0.3969363264893592,1,-0.5595726662568279,-4.020552027292472,-0.6886975159860053,-0.0859745405816913,0.2007958399896831,-1.1294813439991847,0.1701622654492022,1.0859932602642335
0,0.5276148801894,0.2649969781090422,0.6644067771812641,-0.22557520303822293,-0.5245820223777966,-1.109396932058983,0.7851782561768124,1.4124958406397816,-0.8540453079286261,-0.5251460178181745,-0.7150580559171231,0.8097601664704884,0.8024318913531294,-0.2934472332636643,-0.15062535898331664,-1.1372755608620362,-0.5864144331673953,-0.17225964596447188,1,0.3553458556063427,-0.5339835679940912,1.0538872206445393,0.09693462323142332,-0.31733580879203516,-0.36850798403663554,0.33197846881165205,1.1023780573541304
0,-0.16759679925996795,-1.5687110618827802,1.554832753554177,0.9173029244192127,-0.5113747546898291,1.693057708828655,-1.2068585408425823,1.7066945114472845,-0.8151931585199977,0.6191719538186351,0.3343434852271503,0.04703882118873177,-1.4342272008057786,0.19006431007515862,0.5818599300139509,-0.3424332329234759,-0.10431737474807679,-0.2730357642716251,2,-0.6536510220403371,1.5802648713365306,0.9330616083895384,0.0549515661773913,0.21352434338094953,0.6635437779649493,1.409940461971162,-1.1757086595538457
0,1.9634699846640276,-0.5826393542040538,-0.3848039218644833,-1.4314701345418033,-0.2969470916027999,-0.5278801440860943,0.849168427296584,0.4749743073306161,-1.0953207308638826,-0.40705391585773054,0.8040650319870986,-0.003279124809160594,-1.0220270632711301,0.2378913345086226,1.4166105982696136,-1.5507779123440564,-0.22871018079169358,-0.10848108615932461,1,-0.2774820528047151,0.5226612943155128,-0.837083612328585,-0.13858845242106,-0.07293049561911286,-0.20879207139430228,-0.0507732289510687,-1.353544646996529
0,-0.8271559865537853,-1.8768134275363333,0.30497179001353697,0.376539888456915,1.8938422942706155,-0.407352762201951,0.8489217841594425,-0.9432456149525025,-1.0558827460228037,0.5010388096365684,0.44591939614882037,0.13537936507890075,-1.107614684857072,-0.7413466129643183,1.0810279864012573,-2.6340506682322933,-0.6498353502875439,-0.10798727706271882,1,1.3514869928217568,0.3440741675332568,-0.7175983335705043,-0.08259413567216889,-0.32132805035673556,-0.07440390858890289,0.16630708466495342,0.20963022941306286
0,-0.8445350725632174,-0.26229739356739123,1.2545413064096835,0.2148969812037726,0.07187422149603895,-1.204791566474721,0.6233025256609139,1.0547586662687911,-0.27309462452726363,-0.6701706948585593,-0.6652267325404265,-0.3020766481901276,-0.8471616353402162,-0.11524990991970008,-0.5513504211695476,-1.4229166602111025,-0.4336883450053979,-0.32702057989796596,1,0.6682746876194638,0.3721327779249286,0.22380156471713988,-0.0012852776921554523,0.25587163537608154,-0.0045286413761495,1.740477719176237,1.8154481348238924
0,0.7960267861264684,-1.545490759324182,-0.5091091226487765,0.7381005343572266,-0.32164471323257887,-0.8049695473798739,0.999798322694994,0.2500953645189937,-5.51952361243218,0.4629527865976253,-0.3203656002884265,-0.5981471338716589,0.7173417120619523,0.7758942167103021,-0.8611235218083026,-0.7300134280034971,0.21256611967305672,-0.5309373858589953,2,-0.1912432135604293,0.6657127757654315,0.7975611174705537,0.04447964266466673,-0.8750726817336573,-0.40943818265265824,-0.9565108662235435,1.2589167477338599
0,-1.0117212413210985,1.4946926980789033,-0.3162883232973514,0.5249491867234716,-0.6544483740601792,-0.6340591512133708,-0.6486363534520435,-0.8920066753293118,0.6606568300725918,-0.15278009640737422,-0.5190090014352227,0.653719290152101,0.10014722442921564,-0.8917226280394228,-0.7422386020207923,-0.19434618684364097,0.012152628678796212,-0.05675675558934681,2,-0.19334699972730504,-0.6886369217337198,-0.2900657114922901,-0.012986703399778914,0.26923617381360393,-2.7219008889913257,0.20034510757841487,0.4915464933370781
0,-1.0160190398404274,0.6873080530053399,0.6114053121730891,1.3852077390275235,-0.2649274421375605,-0.6884588648150869,0.7970828409552363,0.9591177558910591,-0.3237817962191132,-0.07997014805114311,-0.5273149132788231,-0.09786271172238377,0.7378106918394653,-0.4542377573580532,-0.22881015537396526,0.005145001035171903,0.33822609651819746,-0.3870152683580563,2,-0.5265385331893041,-2.7191456213786998,0.9538996129095483,0.16706004860890783,-0.7485670616918578,-3.644823563580755,-0.8350268614876895,0.05052053049924532
0,2.01158353815447,-0.3289734253131559,-2.891669540428813,0.9771074417937766,-0.6663080791881532,-0.5922171403043173,0.9267082422243206,-1.0472636592096054,0.4289347873840849,-0.6688671324192182,-0.25690523814171506,0.7786774628735234,-0.3941946821570313,-0.2719513025135216,-0.7429786660453066,-3.2587158045141074,-0.65175997996054,0.17151120660579944,1,-0.39032434759283186,-1.1568551469227888,0.3396809094225055,-0.1307776215711574,-0.00200905522888839,-1.0359080104221075,0.8134447154163206,-0.4196190283053049
1,0.4438836906765655,-0.6620034538069606,-0.421042258505866,-2.1911845698109556,0.19911400177587657,-0.44178616270189663,0.5908382318395253,1.9459363083891579,-2.2527154869214465,1.7883259095349664,-0.43212926068221186,-0.6885515430372566,-1.3172100953617527,-0.08796234091973343,-0.014658705402275651,-0.3201989172345646,-0.04297175742071732,-0.29120835201098294,1,-1.254749222437539,1.9896551571819503,1.4309802973336578,0.03840998001905997,-0.3310204494749828,-0.5214832418421446,-0.1706543410081151,-1.2523809937193189
0,0.7891584441054718,-0.6060860521739231,0.11599738252739256,1.8063104484744343,-0.45240133555340134,-1.231094650955154,0.6404129557785502,-0.4490431299786395,-0.8935205817087268,0.17937262655712394,-0.5968296802455988,0.12063049324987235,-1.6257325790646997,-0.26251522007439787,-0.1311442507281793,-1.5449197510808939,-0.3698278945702361,0.07645696765211243,1,-0.13384314099169622,0.057643940899543195,-0.6205944224549453,-0.10622007688850339,0.8137922895179873,-1.4053664478169716,0.22893765672222485,1.883515355077782
0,0.7965004997069356,0.3067764689074862,0.08596782706052775,1.778828637968994,-0.3712996309464106,-1.0069016280018401,-1.7185006502735831,-1.4813062869889098,-0.3744702423738102,0.1749349998666001,0.26905037152017547,0.7609823920678693,1.7781750667068454,0.39605551448555154,1.6386520292528362,0.12653049687988727,-0.5252359552811141,-0.39702438782229976,2,0.36995203250824005,-3.8693026262947523,-0.837083612328585,-0.13858845242106,1.470627034834173,-0.6649885186268589,-0.3254873698970654,-0.21558883918485194
0,-1.727897542382396,-0.05271980110897412,0.3813262469901276,-0.6041773533310435,0.5885075074977479,-0.6184047570678037,-1.8989413655681975,1.7045473398901763,0.8285373021562505,-0.2501036958702273,0.5976529515025139,-0.0781755682837379,1.7339973648671951,0.5103925136112908,1.2543332663631677,1.8523592532805901,0.13226277308647852,-0.5943004742742353,2,0.1654343550638078,-0.7829926215302353,0.37826777055000554,-0.06806756611168947,0.2981976739442044,-1.2228630501613416,-0.2458732741294607,-0.4470022076138124
0,-0.7358748201915617,1.0851395961317223,1.0876887530836044,2.395950575076879,-0.7748823939876219,-0.5464645716187287,-0.33811868927239064,0.6812937556723835,1.0772613651470841,-0.666413756089577,-0.8090813621789066,-0.3600525772819956,0.990800037839354,-0.6866489957644581,0.7585877912150443,0.29665169359081645,0.7140788317322709,-0.12682553010991793,2,-0.5199409737103371,-1.4869052348515877,-0.4637411291904017,-0.06541362701295747,-0.9720158508488775,-1.1402911867280348,-0.9884379032325207,-0.7301219616574732
0,-0.08017128104926796,0.8683989817677551,2.0165738770978883,1.4533695689404442,-0.6167941225011544,-0.7171908607371098,-1.2313874823225768,0.12659072716889574,0.6417361251186777,-0.41597151451363806,-0.14255749138840396,0.03805871419318979,0.11846474078478955,-0.41409906833938803,2.7534755257116283,-0.794528220140283,-0.07380051826541933,-0.4875789718686595,2,0.2807966362973241,0.1488163305207742,-0.47185743877628916,-0.07873341574070092,-0.006318612851271388,-0.47252515001174855,-0.23830791679791016,-0.3979135080640759
0,1.3471164213589883,-1.7423821263673258,-0.49239785805252734,-1.2176704387931643,-0.03169094766835173,-0.719894515863559,0.5656439902468666,0.5686906398278135,-2.674213244581604,2.75513521508586,-0.18121165649501564,-0.042134277961882405,-1.2171085017945402,0.11758803768821288,1.2942113302742706,-4.758883976944461,-0.65175997996054,-0.0982340391856214,1,-1.705430956348842,-1.0222013977022246,-0.6340757137077622,-0.09692126577940441,0.4988076854095851,0.016277988819312528,1.225597903682231,-0.6640309735923972
0,0.24467839553985193,0.18830783672700163,-0.979322853803831,1.5007076444999277,-0.5083463814272707,-1.1501314209548283,-1.2242694471852769,0.6196221809486389,-0.556930412772761,0.2036753075284049,0.398870048665847,0.5266853565258224,-1.1370301555790712,0.6662844648592795,-1.4953615305284562,-0.08203318778390281,-0.15900876198466707,-0.2969416192731878,1,-0.46603520324758796,-0.9673056114084315,-0.6134959801690886,0.15544941920295274,1.7513088628071656,-0.22750483080070455,-0.6459691316417411,-0.2465494548657685
0,1.367604014853236,-0.2786769902561535,-0.15140035141353958,1.2356157159308674,0.4156628216833833,-0.8524694460550388,0.7813760902135694,0.5385406837150714,-1.1117021525714803,0.17428639840015608,-0.2432454810002153,0.21353894602049645,-0.9996609031866264,-0.20890409021987,0.10987911780702814,-0.5867639633074895,-0.65175997996054,-0.4753836915852938,1,-0.3341644370328257,-1.1209998711703264,-0.837083612328585,-0.13858845242106,0.21698980622130243,0.01968375940380107,-0.6428566862247609,-0.22100197862320758
0,-0.6983711394232556,1.3796889031232407,1.0087408743809656,0.5315108043087652,-0.3000915692274372,-0.7536062535778557,-2.503548250123555,0.06965059802924356,-0.303668483391869,0.02072482121860708,-0.13777905394745604,1.1446906125107428,-0.7159512541358661,-0.4647474131403324,1.3030347234804687,-1.3266992317848778,0.3265005299112559,-0.13172167725621065,2,-0.5319953889248213,-1.2897251558533007,0.5985501058962467,0.002649730089346318,-0.1844735925758337,0.3060919111755437,-0.4193014945813496,-0.11103547974153827
0,1.5815852569853641,-1.442871995825613,0.26841358505198804,-0.7646309310994537,-0.32379603645935484,-1.055338653449268,0.8391338118757968,-1.5801068566508036,0.06228038539131817,1.7740227610635473,-0.151156694406511,0.8398305931039265,-1.78526162662461,-0.2861872259097312,1.5425762297577112,-0.4874651850777617,-0.3661018137995885,0.9565259251434903,1,-1.0737213963211798,-0.5858491237945698,-0.6605470712163611,-0.017545163470747388,0.5944386153315298,-0.17169983008387552,0.6504491626829396,-0.9000748150917516
0,1.6792590510874223,0.4584372989826828,0.06955195806620512,0.4571475545988214,-0.6299264157558905,-0.8103631142344723,-1.845057491618623,1.732307792626317,-2.1857159676558453,-0.4918180538503295,-0.4913796928672922,-0.7664937781857455,-0.1546774783256777,0.2637455502025004,1.1155681434652882,-0.2762411878320298,-0.29774223621445106,-0.12698598343545353,2,-0.5482347672144767,0.2675958430946987,-0.837083612328585,0.1624116375433941,0.012561216245857987,-0.33173210640522943,0.40111698541798524,0.7871873595407873
0,0.821738741262594,-1.7912104559421735,1.3886732966540463,-0.9776101660819562,-0.48904221879254045,-0.4517828598133963,0.7959059233839955,-0.5853459263102707,1.490877810385076,-0.31696771300453036,0.4019196265977079,0.567930709936804,0.04440401377466302,0.7965453455103966,-2.0655550096997737,-0.6965575767586338,-0.20028430468830227,0.1874982105305755,1,-0.6130016914863707,-0.32789339626914515,-0.6803544848138644,-0.03681656750919378,0.18887983370959027,-0.3646557065269125,0.10431968936164013,0.23990712975763176
0,-0.3262536640464313,-0.08759126596347733,0.23428463670675959,0.6263760358433904,0.018067233383773695,0.16016027408173805,1.1275241587466855,1.638878053041953,-1.1300409744819517,0.6172538244702733,0.37460644516711494,-0.5451086635725557,2.0707383913269446,0.34244922960479274,0.7544065276905594,-0.6675306203302959,-0.19923966576183677,-0.08994038866816978,2,-0.1845512211126359,-1.7962026572629628,-0.23569221433091597,0.019947722341945473,-0.8862982028915872,-2.336946821767025,-0.6713906769712578,-0.47411124962736106
0,1.616992864542281,-1.3703309734040137,0.09945194192715145,-0.32901062085476224,-0.09478292799272872,-0.7718850452644104,0.7227410551654933,0.22159002806131073,-0.23612638400758573,-0.8315154717126934,0.5852595772634083,-0.1612946423375555,-1.10687183123295,0.12654892343049334,-0.017062157942423606,-0.39742770507142977,-0.111806830983713,0.5879707053742586,1,-0.8116185119828838,-0.9110357685348027,-0.7505698135153591,0.06965341221865883,0.6844004623033528,0.07032172746179458,-0.12547036195683237,-0.5981073806320442
0,1.0903383004581215,0.2860876033738441,-0.22029650165881964,1.7720779365248656,2.2170650104462197,-0.6006389753989212,0.9204353864934065,3.7946428495621007,-1.6809670369256784,0.8994171119859864,0.06137409272922186,2.1620832088104813,-1.4462625108276104,-0.14485585799472828,0.11893427818590646,3.509560504679139,-0.0414464398692127,-0.30949515868314786,1,0.12187814253587562,0.5509953870442,-0.6877469582047248,0.1874755652550713,-0.44648088492628335,-0.313801431519329,-0.8715033853474479,3.25166935913702
0,1.8489113868003395,-2.8748445905185562,-0.7039251664188482,-0.41761824664932734,0.8205003565834634,-0.5960432728166446,0.6173697773708712,-0.4598902855187341,-1.2678822507498178,1.6002709029236026,0.4087064141538938,0.43145677086760714,-1.5493904811345045,0.6431566181195877,0.5072807665956119,-0.7479364399121394,-0.34869238293761384,-0.09760614663471229,1,-1.2060412867359815,-0.5475876394771353,-0.6189700048628044,0.04419580314072602,0.5974304939823203,0.0777639023332709,1.138009181808139,0.23421895970365744
0,0.5607995975891364,0.21140228007013384,-0.12601051085605935,-0.09056970383948681,1.1063826930808935,0.5167559149906993,0.6801699162932537,0.7181933277967099,-0.019359522191429668,-0.010951621727479766,0.04322477471809638,-0.3419355457616201,-0.8372926478942546,-0.049589806488847615,0.17377108675989056,-0.8288485288949741,0.8105713816166268,-0.17010529156754356,1,-1.3118256448822123,-1.6678335865708367,-0.037792248380299265,0.07317212025057651,0.43592069892748253,0.22389947331318538,1.5812401720627398,0.37698115688709755
0,-0.7964929588510308,-0.38008797920634557,0.790741411852079,0.1535639396798405,0.28920509352977103,-1.103176536035368,-2.1490135542478703,0.6834194669043658,-0.41015015944947003,0.5929393779261102,-0.13855474015287864,0.8068693078304576,0.8739108519156923,0.2939549699384034,1.1853823300826178,-1.4317390743823446,-0.12058796714092662,0.02152725078671719,2,0.6323455089962944,-0.0964814044985578,-0.17218654711657894,0.09496824584907923,-0.6405247648757186,0.031067189999543277,-0.41396057545823317,1.0750957564918595
0,0.014358437447390626,-2.7629272263195666,0.4171644075697175,0.4129372011304874,-0.4151230819003559,-1.0069376608138365,0.7183091138339157,0.9305277172557943,-0.22516857659445666,0.5053946091259793,-0.40206982536484764,0.08083566712769913,0.4873077319655441,-1.0560269174850034,-0.23607092995755635,1.6685791813309054,-0.583650488008828,-0.4836335722921133,1,-0.0595012466996053,-0.6429375914749801,-0.7868381297271905,-0.09511416592699243,5.135306458078592,0.26156295021798237,-0.9413215442516086,-1.1069172808478231
0,-0.279013283825428,-0.06765328151920166,0.3167663561386512,-1.2475287205276826,-0.5071241740581995,-0.7725602030721871,-1.2218846816542461,0.48071685023673444,-0.03671190058920698,0.4430128496780021,-0.14386439034372878,-0.7854497296298357,-0.821650149755676,0.739966644898938,0.38280401767949446,0.774276914783395,0.43953886604529996,-0.245219604923152,1,0.04853039611569418,-0.037902993271774765,1.2938317790520202,0.08377340398474983,-0.33660869974495083,-0.16365048497583318,-0.2807671485929514,0.7405182351401809
0,0.10756963521675275,0.8962910601936487,1.3419617168964104,0.39813893051000526,-0.5545210320752558,-0.09956812122305134,0.6442448247169148,0.5740112173946168,0.5848479605401046,-0.011061982798000747,-0.16673990087814158,2.665199482120183,-0.3305878103809983,0.6131513817369334,0.24070030666860187,0.2654858448994314,-0.3643256279666396,-0.33568614581842965,1,-0.5853707863772334,-1.119906627005542,-0.815412330479803,-0.023471933543943634,-0.5339913425712731,-0.4558180611542797,0.02065828334349462,-0.5347863561894974
0,0.21464625717602653,0.5976384888895884,0.865820968236794,3.1047398607885643,-0.5332442070477371,-1.097558264308753,-1.4486978459779456,0.208305575338823,-0.07919622297703416,-0.1427992571822602,0.058952968700207165,-0.5906919924999724,1.6062584842171455,-0.10180103013767117,-0.468172677956862,-0.013921543364916356,1.0099361237798514,-0.22716645517477646,1,0.303159516656229,-0.9785502077002431,0.6169040631536464,-0.07478931678320838,-0.8360459407718063,0.20461301226346795,-1.0075683900827612,-0.42798574669452955
0,0.9354623407559538,-2.7272979132862614,0.3895250631201694,2.047482939624158,-0.551762237220678,0.14939754276043532,-0.0021275451382853916,0.6571802116066686,1.1569682203906706,-0.2283189032419443,-0.12538193666159014,-0.07388351489109313,-1.213541655505674,-0.7479049238496445,-0.2942821139520391,0.08225644168289714,-0.5256716367344035,-0.38451728586705286,1,-0.30994782157589773,-0.4168920792344117,-0.6896939693263332,-0.0773518449459059,0.08311097052918481,-0.255233013394236,0.3209268303540035,0.5700868316925402
0,1.3407454511280654,0.05007431960006495,0.9576035587710845,0.4466296600054515,-0.643826747413314,-0.6257544451438763,0.5430127918396292,1.3270209709907792,-0.6255293925496483,0.24899941863527564,-0.3846976837480185,-0.04766038303554895,-1.1257094490986,-0.5824029954763856,0.32680147714849905,-1.5061705834569308,0.05666026928125665,-0.4467804891333682,1,-1.074781485094065,-0.25111832080775287,-0.13341923147041468,0.021575191568716137,0.20380602699567774,-0.1284674636659851,0.40407045160554045,0.019481326150849132
0,-0.2247201227757309,-0.008056713711399419,-1.5628127112901973,-0.5647649977003566,-0.08930690618731851,-0.8575554302200059,0.5761527776498433,-0.23307873161831075,-5.16482789829862,2.360806959327218,-0.19160699421328325,0.5371784504063918,0.07847964628924964,0.41923608575871596,0.3603393177831916,1.0704098102007737,-0.4588325127012898,-0.18496905511473066,1,-1.2329108891727534,-0.8921969008090987,-0.7757961327688474,-0.12142261478004661,0.060260891638401495,0.6949835695731902,-0.8947575537197953,-0.19256866657163507
0,1.0896322054206362,-0.3813440991013366,0.9588468923623062,0.31845021544855445,0.10238123667824817,-0.312915518359427,0.8124621007468005,-0.3493637481015103,-0.22539664112457553,0.7122120295674844,1.1597473532113576,-0.09851235621019172,0.31970268679675107,-0.35916570603504666,2.2908131378808756,-0.07685010204094167,-0.366904877021497,-0.4562398054460973,1,0.30930172098963093,0.7672046112532537,-0.7928104372212442,0.14007341615375107,-0.052546979234705804,-0.8706804405855417,1.5705036145328772,-0.5896659093759833
0,-0.02306868490609243,1.3750797637728784,1.1580017083963383,1.0467046509578888,-0.39714751726946473,-0.4256305807162276,-0.4769748773735236,1.0723251363923059,-0.11567065390046088,0.00993076057824846,-0.06012766980930889,0.7395801278799858,-0.043257015062175844,-0.48763245375537406,0.11825304044431123,-1.760092817547488,1.632091589220798,-0.04249697225274465,2,-0.16474090597922733,-0.6659375030201158,0.8832413938600846,0.11112519900217946,-0.6298813918314041,-0.4946984736706094,0.28234240128640364,0.5469419802968243
0,0.8877268221757061,-0.8982758910143596,-1.141355052253732,-0.06425302685161371,-0.24382029034912575,-0.9837232393249298,0.7621425982908843,0.30018813830093477,-1.902730517311292,1.194202785624734,-0.03477965797411671,-0.12735090010967398,-0.7142039583694891,0.9256098684911555,4.050195635836564,-0.7759365427775915,-0.407003239367681,-0.08570390995638796,1,-0.7086353227992315,-0.6877889092491258,-0.837083612328585,0.06933043339825333,-0.12098907125659727,0.4297483153235789,1.3024094968117073,1.051313759334788
0,-0.9421631163730088,1.6807332592313715,1.4308378723321193,1.8362888072827932,0.39369793014559845,-0.7273970682548946,0.8406830403731455,-1.6346652238064985,1.8891591062126811,0.11285016925688351,0.16790694810268159,0.4686023062617467,-0.34667540307929023,-0.646026409192088,-0.6300673365163262,1.4681448831877257,1.5485379168356903,-0.4738845620785993,2,-0.8704547576660211,0.3619322753726504,0.4367913209181637,0.2157289977172403,-0.7828351252302983,-1.335283632526306,-0.6241118981479872,-0.008814143266289487
0,-0.6092870589035533,-3.14555809385081,0.02379483092842377,1.8044200156631707,0.6551691133009325,2.612089365605182,1.3032704564679414,-0.0837547193184282,-0.13705793641856123,-0.23102830847361486,-0.20714653921553808,-0.5822359272996355,-0.280819618185711,-0.19400729619868118,0.3346752925933527,0.24061051508074138,-0.42922636718830864,0.4230953609697766,2,-0.3018955689132419,-0.6552858400353029,-0.6284312925044693,-0.13858845242106,-0.7462784578103415,-0.38795791688903025,-1.21975314077183,0.17350395953400433
0,2.0601265132307955,0.47003139237587727,-1.1067383835188864,1.8023758165252952,-0.14962107310577308,-0.7058978848233118,0.6756789128570931,-0.3291940493323516,0.7082948653326562,-0.12319303572334556,0.6561901329451764,0.15452777144557367,-1.559267457820292,0.29930030774987576,0.03714645137034528,-1.0682045155856532,-0.31147288167895326,-0.47106075265571584,1,-0.6971475862649038,-1.3805786493022056,-0.7461328483328836,0.01985572837452347,1.1227781332344193,-0.06912845071538432,0.8100761333412292,0.19301408758123179
0,0.806282583114056,0.39962648215733343,0.3120525864692244,-0.13655249838262534,0.8063792585425937,-0.4141203048114108,0.46582756995327596,3.0552805762795305,-2.023726395695432,1.7044983279091963,-0.7210432343639367,0.6823706251831645,2.5500049273693515,-0.1885096966055949,-1.140718810356797,0.7343632677408105,0.4110674646585419,-0.508159454073631,1,-0.22327269355914187,-0.6928535932860858,-0.38390877630354564,-0.01700582908290351,0.20627372519438392,-0.6674519438474196,1.597280449134037,-0.3619923980720684
0,-0.3280705906891028,0.5307023939406398,1.2197732914196164,-0.7466096888957172,-0.37426687970783545,-0.9693129958788012,-2.059222339413812,2.267060075877291,-0.42687628210804207,-0.9993554254081143,-0.30310605295589754,0.9103476484975151,1.3552868523225212,-0.25192143583436044,1.3471008968094613,-0.7076466646384888,-0.07448501928460322,-0.40325469239423256,2,0.09928259044377163,-0.1968794921079846,-0.5129721858038007,0.24459432058953307,0.28481286818051976,-0.1995979116545244,0.8729079271862803,-0.6061262783364826
0,-2.781736867011201,-1.3266153185292013,-0.8057803174175597,2.3017600172980783,2.0046652138046452,0.09027315965476346,0.48830268006382155,-1.185790704899282,0.09307711181962408,-0.6107044165080873,0.2642046817843118,0.41809952481842616,0.7777395798274447,0.2912137164465027,0.4522653342038461,0.5108787759269553,0.6536436379053108,-0.5778815242002429,2,-0.6830578990526432,-0.43109200501814504,0.15123352232033288,0.20659867448085448,-1.0846746108867327,1.2363473853708808,-0.7464511403499168,-1.6449446945348782
0,0.9901529953072437,0.16734892720582978,-0.3134148063471022,1.3076823827668624,-0.5032905339298972,-0.5470709686596691,-0.9724740424572805,1.6517018318729664,-0.5775385120500413,0.31634899959790114,-0.27704162080487094,-0.05023495213190127,0.21214876926975326,-0.7578561924731202,0.18179840593231744,-0.24422813718764413,-0.482685120465551,-0.33356486370221233,1,0.004019469933407016,-2.9102034810003783,-0.8151798239823399,-0.0562312493287701,-0.5221595278439388,0.39578220481256166,-0.6221099383513704,-1.5113853941672744
0,-0.6346426472652564,-0.25552882137186494,-2.963131402183188,1.353292606162404,0.4059321898095228,-0.46840581733462855,0.6633980154530733,-0.7852370678069595,-1.1342775182295957,-0.25488700862546176,-0.3079191965094102,0.10061192179429275,-0.13316150340528798,-0.9509415787246907,2.871940397836397,-0.23756638176107947,-0.483446993580048,-0.31523049271783576,1,-0.5430709703330772,-1.4263498994852748,-0.837083612328585,-0.02479716626100127,-0.22599154495261178,0.7254230855530348,0.40972632176589097,-1.1880777572415704
0,1.8693239991116126,-1.2283869259378126,-0.06872709328093962,-0.3231160858724831,1.4950923346053406,-0.40212614662403573,0.7299677795348097,-0.4716132600517917,-1.2445656760965695,6.0064601723606454,0.2677142453671565,0.21928712011248291,-0.4013782740453413,0.44938084195900885,1.4595337752747382,-3.392640576639012,-0.6357410696964786,0.003218265240051532,1,-1.591739158224396,-0.42435332938100423,-0.837083612328585,-0.10357739502387747,0.34849859634861813,-0.44883522999074726,0.010799125863281411,-0.7783097369694657
0,-1.3706300196126284,0.12421866137116894,-0.04991947116619827,1.561395223887665,-0.6305532048146669,-0.9852644891185411,-1.491177009213402,-1.1276650453506099,0.7932758249709261,-0.00703077534327648,-0.5271013939162886,-0.2408438814741576,-0.7837905470516322,-0.8460341435982148,-0.21512544737042893,0.3030429671735091,-0.34872622716191826,-0.2612488611113103,2,0.263250837517887,-0.508769050822266,-0.298170319090003,-0.11142752338071757,-0.8125012593053796,0.11890352710099239,-1.21975314077183,-0.621410519616376
0,-0.05546878734372529,0.5138557370955203,-1.1816152663071766,0.6671317932481975,0.05939308176692748,-0.4469750424943627,0.4862417573411882,1.301675439762012,0.5331898324226726,-0.2598651106172358,-0.27981584305900986,0.10056592773114861,1.515407943235627,0.0673213914787002,1.9278317030358383,0.32570959290919665,-0.35317055381463236,-0.36921500566591425,2,-0.44146992332175294,-0.839331117197245,-0.11803769513396545,-0.024673028831792242,-0.2495311033993869,-0.01615719433978438,-0.6721835692955873,-0.3109986949421555
0,0.11971115273622604,-0.4060654117582122,0.32247107535619346,1.4089054864367467,-0.3942138722765631,-0.673766518283516,0.7602781536072711,-1.3708689855696483,-0.5559033706913268,-0.24128793563311493,-0.07064986603509647,0.255069917658733,-0.9619661272157632,0.0577163456989984,-1.1646853276301585,-0.7746407528135708,0.5511029691410717,-0.16647177662808085,1,-1.3509421825103383,0.7542906654287974,-0.24960763478278641,-0.038692003513654906,0.726957661425669,1.6174781378225156,0.582635932360526,1.7127274184814698
0,-1.224243925060553,0.26516153352526717,1.0385543694905985,1.0042446597745447,-0.4961045414795406,-0.18280035075344092,-0.8635300753159947,0.56641522616517,0.21625070707624455,-0.8524218735937981,-0.444697281336976,0.05470903386424984,2.1128886608774526,-0.5257443644364979,3.1958512602407487,-0.19671242858497373,1.1889276863897433,-0.3887191157275081,2,-0.40604273535331425,-0.6659230163865663,-0.29712311391538254,0.2871800828675011,-0.6483193036258241,-0.594703906784885,-0.9741759125328702,-0.08505332648666408
1,1.2752379853231508,-2.4075890707795087,-2.42320438544873,-0.5212047223420221,1.88856725398283,7.713511331052201,0.6582513159757203,-0.5687285109977659,-2.4300647282614642,2.5222874566930837,0.6381241962047499,0.967604559806913,0.016242248145151517,7.481735231241528,1.4679044516020312,-1.1561201110442498,0.365480049518314,-0.49986461621236444,2,-0.1729210748607679,-1.4655901450998514,-0.7927402224574973,-0.01810575062555455,1.8120139927482843,-0.05066274628526091,2.7842708072195523,-1.3149737858372879
0,-0.9269164481773223,-0.07067149013094443,0.26730344576952136,0.8267282570814383,-0.23115005123542579,-0.13845713774469198,0.12694123960121473,-0.7939335219288879,-0.9645532000298238,-0.6251445665335851,-0.5330976177213235,0.269280514656493,1.0586379821250997,-0.004895541925678537,-0.8014148773518815,-0.711259647979111,0.5652254362149959,0.050696528397439045,2,-0.6159962099614904,-0.7426335988228512,0.4413027487995096,-0.03941240563979781,-0.12699850495164544,-3.5699880108337663,0.5663248338442721,0.6638291292728264
0,-0.22268952066713754,1.2164180846237234,0.338509949187071,1.3591064917425004,-0.6271050950885086,-0.6434238704689696,0.6064487102045696,2.108045777433351,0.21020712210357734,1.960099421522942,-0.8187334149964473,0.885395463774016,-0.66849353658538,0.018017830330657625,-0.8514102372485075,0.3404204123560381,-0.4366115627326985,-0.38696124421447703,2,0.06506447793756019,-0.04456289113372036,-0.34357786461656065,0.030521858048461886,-0.25090847052557763,-0.700892752460567,0.8843587472691042,0.2754806615381364
0,0.9096327267668971,0.16385217939822033,-0.26094366783088885,-0.01707580817443051,-0.356928530687279,0.6153159971402626,-1.4697614197800606,0.10002868097123724,-1.3770563226658847,0.280315253879874,0.2581104537885228,-0.3672339576652358,-0.6093125666359276,0.15531502478181253,2.7319328911772676,-0.43396857479263395,0.09473933657852418,-0.6017173073644776,2,-0.04461032164811349,-0.005267268585428975,-0.4005352967549187,0.15359355994991372,-0.23876560597105148,-0.10980783870229066,-0.5374583107012305,-1.9239346590403366
0,0.3933335456672834,0.025587746984548437,0.006526175122832378,1.5532353796515628,-0.3881234355265307,-0.5880275735462158,-1.0480796137476098,-0.6191608168305549,0.16875238148561417,-0.5414317977199437,-0.23886501334023522,0.5527230415319657,-0.5310687911720767,0.31291227427355917,-0.31417484303218424,0.6440161759609508,2.2221430565451765,-0.3431718244193221,1,1.2601673061386836,0.4561547632421362,-0.3385174683985776,-0.10622132997088848,-0.1934801268528163,-0.14164109026706545,0.9711379194595346,0.12282458776997796
0,1.799180744756908,-0.35100794740018715,-0.2310116241527698,1.151452258764192,0.12512264297879927,-0.13017111191805364,0.5695462329303846,0.6564565646626586,-0.8213007904089864,0.6892646983135223,0.0012779411165741994,0.1174539699727431,-1.4337547690602368,0.22281529982747628,0.7496474077310613,-0.9572937685658374,-0.65175997996054,1.3869061307703194,1,-0.010624377657484474,-0.440110697932636,1.3721366416797842,-0.08907385000022477,-0.2496351519903069,-0.6991901282968032,0.479434048104759,1.0107949240951841
0,-0.44164265358086696,-1.3549838899609505,0.6964192104895904,-0.046636590125933186,-0.6094188862958488,-0.8113668164103153,0.8494018199077081,1.048194399597157,-1.1562856520594813,-0.0918654221242739,-0.32799795101347207,0.29078209779643643,-0.3949217770696654,-0.33958453041664094,0.24778766008084308,-0.10529942464320236,-0.5334143763690079,-0.3450994681078302,2,0.34260842852464435,1.035828489242716,-0.7855159474646151,-0.05553419649228581,0.005475909661213835,0.25798286584037305,-0.8952722308490835,-1.0117009847038996
0,-0.6335112971242749,0.3610843436387703,1.7606411293595428,1.2901431858193404,-0.7383298930484228,-0.9743585337319238,-1.078096349794783,2.517349858676818,1.203202911743522,-0.9399578758952978,-0.8635899014052854,0.22016993808287144,0.6713775938567189,-0.8822704711704756,1.1948459750006253,-0.17017364105528626,0.3273199158209636,-0.20720656556372435,2,0.6223036354203949,1.0194220117435007,-0.11283054672833825,0.2910128280940866,-0.06423473842241628,0.8003573246967769,-0.08604160366853522,0.36786325971605677
0,-0.05655478705022132,-0.7015801085452651,-0.0172020673688007,2.389781800728381,-0.6170628018814822,-0.7073872697561927,-0.3355277857442485,2.925407569129665,-0.7433695881265898,0.0010818671001165403,0.399775899416577,0.14416449172560208,-0.8372287311855725,-0.1852671100463203,1.0056880522091454,0.8305971780177985,0.2703492838250792,-0.08672530459378591,2,-0.6212536080433056,-0.04087570289758036,0.5380551147207231,0.06774376529338481,-0.9141017647918226,-0.07923890023849106,-0.6084200006408552,-0.1289225267299724
0,1.2716165758238804,-1.9510647324888415,-1.4631605768003795,-0.6295883880258528,0.287793424222579,2.283034970330792,0.43033991177280045,-0.5094237233614988,0.4125551159633666,-0.29166249181729226,-0.3679635977822329,0.38889541590376,-1.4353375643712587,0.25682677631100237,0.8718708333656182,1.6192156332830114,-0.43831068190921046,-0.039499792642823744,1,0.10680302304935307,-1.0644212696207227,-0.7555480629103786,-0.04827589007427272,1.1607442654390305,-0.7032738090661591,0.9547078821799854,-0.1958007054616422
0,0.5384482704801975,0.6621249561358055,-0.49594003396333175,-2.5845454527323497,0.22024720380183474,-0.4232652793044861,0.371105213322241,0.16203728494460679,-0.04799421717151753,0.7478124046213493,0.5341894691919133,0.012941531558949448,-0.37269646224148445,0.21367392106415195,-0.298887037605024,1.0397881602592838,-0.42402223851001875,0.0031532491711552257,2,-0.6652222215966608,-0.3443868759234554,1.499158120457875,0.06713876807015817,-0.47422076948881503,-2.947626170213137,-0.6143037034986256,-0.6151858158624838
0,-0.8460439082286662,1.6390955548805308,0.10484567981883347,1.9447486203340618,-0.27491822229153984,-0.606904817745886,-0.8173713731708966,0.46597519477018634,0.002752544234272014,-0.4760513494957988,-0.23392793247769786,-0.3955180589294566,0.6406577839286575,-0.4463840951966903,0.44200037742413556,-0.309733157885985,1.7251402508122236,-0.46107718806858,2,-0.6976463750496221,-0.72295818407835,-0.08065821986905732,-0.09755410719171498,-0.7772770817948162,-1.8873731864443695,-1.0008727616482531,0.0637279060861049
0,0.8349885328401089,-1.551382769522772,-0.2808074774158909,-1.7469258277292812,0.7251332886675634,-0.8424681147492645,0.550374721392118,-0.8259639332767843,-2.419614718083178,0.2546822785070474,0.45648262107061055,0.35526941731912776,-0.9474500567745587,-0.4015492535443399,0.16788324628969947,-0.5954697410258984,-0.26203188123676,-0.5289266337054337,1,-0.7088463740447876,-0.19432139121798886,-0.6863706771249829,-0.05264822934355158,0.047742011852979105,0.8028640054071683,0.2078941549602089,1.5256039510433805
0,0.9305612357030527,-0.13283238781490772,-1.5577551827961686,-0.944575786084695,3.9480660304409554,0.5730349319139274,0.547861632809558,-0.017711358885921902,-0.9492216187216966,0.8158228831958143,0.04442259607388416,0.15931883856523782,-1.103186986700901,0.7703950995027246,-0.12824521487343069,0.09799985349131335,-0.6477366681563004,-0.13427125523299008,1,0.174353046460592,0.23902460197341974,0.7501906922481326,-0.10290632583594908,-0.20901446962354406,0.3817176863593279,-0.48294468179990446,-0.15134219996032944
0,0.08080044193366065,1.6472648093733824,0.26847507046067876,0.7414758770193942,-1.1460927982522509,-0.8280319214155808,-0.4439447807829997,1.286183209331995,0.7071609438756914,-0.7411946441938115,-0.41363818639951483,0.38632040137599893,-0.00025387917025870843,-1.0643691892607174,0.9097484546608771,-0.29598076085261815,-0.5048358742251406,-0.2136945494820795,2,-0.22730389905705758,-2.090291239266181,-0.239543158670818,-0.13858845242106,-0.466830081164717,-0.6164909426902124,-0.7017891190096772,0.8377220784070106
0,0.7241140019637012,1.1680078245029537,0.5535050868422886,0.5898478088638862,0.2385351357876936,1.338862229139359,-0.8698639167223168,1.8638343632097392,-2.2498618292087937,0.8925282119157476,0.1713940104949136,1.1604785723764337,-0.5720316188693525,-0.30297229264813164,0.12665688918960222,-0.31365695522892834,-0.19760193437298088,-0.32103786217934926,2,-0.28125810904472426,-1.9558918688402285,-0.3689487355294114,0.05316778441613,0.010281965242329882,-0.656368447579097,0.11796781681911672,0.16153535322213042
0,1.9057136763327365,-0.644130209746657,-0.034494748354293225,-0.5894981029484916,-0.06859205122160333,-0.11261357266827005,0.7457198886299249,-1.2774031491991595,-1.3437546003109269,-0.040132735570492795,-0.1232525606058709,0.26041642658000563,-1.7852453602155887,-0.3693481569628191,0.09422700457945776,1.176335259858302,-0.548999845713386,-0.07378094517797043,1,-1.2838264288622108,-1.378845045682644,-0.7709043611075975,-0.1048378225942256,0.07322004307093499,0.3710466131363419,-0.720461630949685,0.25932413977979374
0,0.5746132195331989,-0.5750809149072871,-0.47012284896274154,2.1767684180377582,-0.4792080669107712,-0.8512189490850821,0.855461543471793,0.1294524158606174,0.7410570075897597,-0.7842603093932821,0.16138336559108468,0.6216980545970066,-0.29611856392786606,-0.0904504530876488,-0.2983117652411319,-1.5485865309686857,0.08048232737685115,-0.19545808635592793,2,0.688061406403305,0.3532085130492863,-0.837083612328585,-0.07273940690389107,-0.532067138862065,-0.4596712881556496,-0.9879030665187336,-0.04805385788777372
0,1.310940908484036,-0.32009685052954295,1.0158422161868383,1.6753997676493197,-0.11263600126534101,-0.4193371388877174,0.7553742025537145,-1.3653125566950879,-2.101339003407098,-0.10673731593971747,0.12593775592861495,-0.8203441161136452,-1.5736024658250485,0.36515586944493933,-0.17221412150172782,-0.857427207584507,-0.351038492900046,0.12624306519507164,1,-0.0420016432369803,-1.7287748860510814,0.08061527759077827,-0.12400771108307343,-0.020194094904251253,1.1869444846910748,0.2553935561469911,-1.7374350044530344
0,0.9085129827324374,0.592939940027736,1.1125641789239324,1.1921894267637152,-0.522469420182452,-0.16897250112179968,0.9626880934262104,-0.19944023052373222,0.1385638847510553,-0.47324117977259395,0.009478380789430085,-0.08467914395426634,0.541804165468208,-0.4763614867154827,1.7701744505291468,-0.23943901518186195,0.955770832053473,-0.19570174369879761,1,0.11818616640144286,0.015996383373978018,4.565449655503466,0.11658392602527899,1.4467919155339315,-0.5119809140984597,0.05397965050420514,0.894613790714474
0,0.213112620666164,0.7881821382688662,0.7575892854669639,1.2369541844006033,-0.5478840591554063,-1.1424083363169641,0.5827578411879958,-0.33663686490631906,-3.9116094776951758,-0.29532324860955556,-0.6641021569063641,0.37156442169893267,-1.082722710336047,-0.9200408336315549,1.528740909842231,-0.93996916408764,-0.31565393145173415,-0.1492999353995525,1,-1.149947993654301,-0.21895735595168345,-0.7333237232068459,0.04176859521821956,1.3080962248742687,-0.4967736325143218,1.0429238739482871,0.12718930441786955
0,0.9477721254613096,-2.7604294513651824,-0.8488128962769178,-1.5558306514272324,-0.08921260159207983,-0.447682619870092,0.4892230755476021,-0.4732808919151157,-2.194419033686568,0.5162214933539736,0.02669744439246302,0.29809854337991754,-1.383535026866615,0.06217543237437012,-0.24203870933794747,-0.9623820153619753,-0.5548976837829531,-0.0338102929424938,1,-0.7856524070851603,-3.5857954008262665,-0.7648293649878116,0.012265327386962885,5.770097339294715,0.9180968769460777,-0.46646109405324165,-1.1060914750997202
0,0.49292014409976925,0.9731819994993275,0.6700657080987056,0.3888236844135121,-0.18181986645431775,-0.6793390566478005,0.6745511872566721,0.6588390710554906,-0.6175358431296744,-0.18527363645538458,0.2391262580274609,-0.43341942656880755,-1.78526162662461,-0.09773447598994828,-0.16257720165783562,0.7642517366076025,-0.3523649025048146,-0.37910197263768247,2,0.3995082285438382,0.1727554985054902,0.3850057228001681,-0.059649474147462224,0.6627152778306731,0.7997204827104215,0.47104560321384203,-1.0135565089164393
0,-1.5516759444351995,-0.5645904910209432,0.7099807155969887,0.8197687911812245,0.7250008052111045,-0.5230103994742958,-0.532054772878245,-0.2689086284871883,-1.0492954124614124,0.21317726104522164,0.3230366196622503,0.6209934359975844,0.29981936224362016,-0.18660434506974533,-0.953342031129392,-0.18465514669769917,0.31104252735647353,-0.2797330270945797,2,-0.9226136588453233,-2.896079615523769,2.40717602164501,-0.02014727814315955,-0.9348613456360911,-0.7570194754141384,-0.8112182886454015,-1.2419868604164386
0,-0.2628949510265296,0.2952885520206008,0.4088520734873176,1.95421593316166,1.8307489597986453,0.5208802976407689,0.7016140977650468,-0.9597511283526279,-2.2834483213258663,0.5279489051581358,0.21684465276647402,0.2530119800427148,-1.78526162662461,1.688078705672472,-0.5154460146416446,0.007795194301915165,-0.5392818266494442,0.17348663622645555,1,-0.7539508388030409,0.07220380604176854,-0.11116182011496567,-0.0021829118670510586,0.40113444441978874,0.9638336864741937,0.04790774459911648,-0.9739131031703875
0,-0.4607089999887606,-0.9225978840069828,-0.6564189243751637,0.9386601737726841,-0.2259449122452582,-1.1775689106580585,2.7577236597157864,-0.4805704896108641,-0.9030921304238348,0.09755032189015332,0.10230356908583138,-0.5136182746906567,0.5772393483096926,-0.7172296628206606,-1.3773603066922375,-0.35013420037001086,-0.47347097287922807,-0.25644975683431576,1,-0.15660364287837944,-0.4889059070745778,0.9780902955274635,0.09516458609814982,-1.0815385829219484,0.10139646083924786,-0.22134403728651386,-0.4552413155733963
0,-0.8369719146070755,0.9748992703343966,0.5928146757418105,2.3441260809797173,-0.10477635021124082,-0.3380206589955755,0.679493311790945,-0.10778702335838264,-0.9669666483129775,0.13251932708401148,-0.15650347501827616,0.275697352226777,2.6982101378843217,-0.32369511307276505,0.3985684437364254,0.23345951701553502,-0.15277378025655555,-0.20827239103571546,2,0.013239323507236805,0.2280103526737297,-0.17640246123808398,0.11108617917533914,-0.5904723921783588,0.16726101020367223,-0.2602055238252051,-1.1864745697527699
0,-0.376160374692321,-0.1952084644629875,1.5508850310480855,0.7794247283408509,0.09359767468015578,-0.48663895503360943,-0.8657173942630166,0.06405886430354538,-0.7721532245848222,0.8002521926165037,-0.5948249157642442,0.7928409457336778,-1.0736442620245374,0.5605594267044011,1.7036537541276902,-0.8988231032038648,0.1382004012659327,-0.202870484896922,2,-0.39872287741074874,-0.4218539981810856,-0.7092031473077753,0.009448879166415541,-0.20186231396645407,-0.2527871110432266,-0.5628522812354395,-0.7708752285522426
0,1.0431804222907002,-0.9814947349261538,0.08446622865733622,1.5271260464802359,-0.5567293102635744,-0.7163896955934106,1.1381629903417207,-0.26533584408378663,-0.5983502815259665,0.23024103519137162,-0.6721162875819641,0.9051138173668583,-0.2111124252825265,-0.042031935506983975,2.199782676003525,-0.2181136564433186,-0.3761336412895018,-0.21294918540722899,1,-0.7246560047074047,-0.2418404436250016,1.8770578403418396,0.2556878830764501,-0.16151234360199962,-0.6571030426463573,-0.3963718557751664,-0.03183235955497837
0,-0.7112362472196007,-0.21738940503986842,-2.35149111677841,0.04057409613105456,0.9888070124406135,-0.4650977612466536,0.9198494205888238,-0.9560498881333681,-1.114191533464839,-0.3270409215447121,-0.36476993287599146,-0.027229299948073417,-0.7077241948977464,-0.9246368430731917,0.4882804904258541,0.2609832915133804,-0.5621016918151193,-0.18383669791147345,2,-0.7944257075505465,-0.012679277664718991,0.6186960811345972,-0.05285335493499835,-0.2610143426786346,0.5047859462405438,-0.8549547367061355,-0.6533002070573186
0,-1.5024467113007274,-0.019800960307561843,0.13161203269899366,0.5741354984644135,-0.2671380682199662,1.1460498565442867,-1.1784354246625979,-0.8688848130289577,0.7618587367270324,-0.3620662225730755,-0.1549013847789708,-0.6224011176604489,0.6707575106985336,-0.6761316676998796,0.8791317006851568,0.5024449157415847,0.026794687739123357,-0.31320669363652853,2,0.468018186353483,-0.8838564216326774,-0.36721856811205944,-0.016019672231940535,-1.09095311408826,-0.30269368568562816,-0.9688574930935246,-0.11573873337554752
0,-3.224270185520914,-0.8080295602223428,0.21832227868978518,-0.027309188958610786,0.01896259684202456,-0.2756926048075635,0.6687598124323688,0.035499952520597566,0.20973683597627246,-0.4320734753591131,-0.329696765488218,-0.9701105097100373,1.8855737488046227,-0.8332882541850914,-0.9103304594813655,1.4560117912517312,0.06973514785088572,-0.2603857531719875,2,-0.3094791477859642,0.023371494510019214,0.6423242133329118,-0.05415453889283843,-0.6763416540337109,0.06980747358067985,-1.21975314077183,-0.8369216087533004
0,1.8783572800939,0.43143640134154787,-1.6646545478327577,0.5505257975417199,-0.27077477322322085,-0.38222251309601196,-0.332454754893348,0.3470536209482579,-1.0984632360981896,-0.06276719746407619,0.05216745988682381,-1.3666889506824718,-1.1517879721887132,0.15706682720259943,1.1022238066667687,-1.1221375495780275,1.3544448998221434,-0.08693078550195976,2,-0.9697744169877482,0.27640912145311325,-0.11678905785837379,-0.02265262334681458,-0.07352335516086989,-0.7013835700197671,0.28306386132598127,0.15030273124370797
0,1.0609933882077758,0.09023387347322048,0.2696860474707969,0.0347990601286291,-0.6223122182356642,-0.8551537360630783,0.5769474490537082,1.6629463587646325,0.05774573297363813,-0.29674955025804295,-0.20189256737404007,0.2513586370496131,-0.8050416327534345,-0.5787174382566606,-1.3391916476360293,1.4513076071478748,0.43843753152413834,-0.06213734800715942,2,0.7337492519569854,-1.8948415096921218,0.6463251766521018,0.04527193510415724,0.26364608171856857,-0.07754638543684367,1.6016304854794836,0.5281272442741497
0,0.5074167895911681,0.8910880369899999,0.45443779648203797,2.193638673784938,-0.8679138584284722,-1.4492475690510322,-0.7612291280991264,0.7458335900406541,0.19940534354093925,-0.8752872393280766,-0.4482916132300782,-0.24008077153696863,-0.9748123575095092,-0.6501992155043677,1.5977978318543529,-0.0922190632459352,0.5761074663947203,-0.2569113446130197,2,-0.5312785124733126,-1.0897968027278053,-0.2920868070103858,0.18789744105184164,-0.5149005859629909,-0.5270805880125307,-0.6211536511457678,0.8179896424415899
0,0.03703721304385932,-0.10588109948024094,-0.3880137130179832,0.626248056299326,0.8630257958263653,-0.571236745569393,-2.091674806130273,-0.5558192568782052,-0.6411118640000331,-0.7509384699166581,0.04818941529389542,-0.3594188156500757,1.3625829585844778,-0.3286132214323689,-0.04932050126792664,-0.35601414711157087,-0.03348467994725936,-0.4281785534854556,2,2.6398478043779274,-0.5447298136389916,0.4463506785276179,-0.11727321599411532,0.10662102787303479,-0.324843424928819,-0.7118040717300789,-0.010730022280433182
0,1.9537861711358584,-0.5437065230760001,-0.5047875206907122,-0.8362514508811862,-0.24271367361821108,-0.19595299250399942,-0.9603709761724813,-1.3689411130868825,-0.004877552614137151,0.46408304581169646,-0.3711426347081382,0.6357258707155071,-1.515015506438542,-0.12937733488546935,0.2437641352698479,-4.195022544005363,-0.44381386375905557,2.502431181148773,1,-0.7135156242889709,0.7707214847691806,1.1459200892940165,0.012603267251602393,1.7423688757234448,0.6439451587203205,0.9550424984743704,0.6440717693167843
0,-1.6873158644378776,0.15533691206140693,1.074919828115075,1.2064105123299533,-0.5066940799140703,-0.35355905056602643,0.5893168999401034,0.6047622532292256,-0.9661759309988147,-0.05067509807905779,-0.3276984652531811,0.27999875830798054,0.420424503145955,-0.48927836104024525,1.7304841274558478,-0.6996095356267329,-0.45974506433101203,-0.44601772867262324,2,0.4503214454442826,-0.5837298847832637,-0.6283588087114511,-0.006301610134547837,0.03655629057842612,0.029420855300746673,0.9281118134046162,0.35090421462683563
0,0.7892796958148356,1.2211390057174858,0.9056874503422127,1.049059145155224,-0.3190296175134699,-0.619504126723704,-0.993589078512969,1.2130601123084461,0.020431879090907046,-0.8003153219884539,-0.49741179874769514,0.12304564483547781,-0.08225053162661089,-1.0107906875405912,-0.07180548125578778,0.8807663864279798,-0.007541277326528595,-0.37955067166434986,2,0.018186288300864384,-0.2555534546870486,0.8892247394594536,-0.11687607115113013,1.2171312573598456,0.5237588481492643,0.2667150321971461,-0.09995775710667265
0,0.03141586477541036,-0.5870164991262652,1.1801330657830231,-0.1362629713848047,-0.021383862065696313,-0.7154706959450268,0.5742501826289718,0.3486238346295001,-2.5306616916075284,0.3670025722947842,-0.20760148497877712,0.04323757623711777,0.2172739457183679,-0.6867177596215928,-0.853155410376233,-5.810251434688692,-0.65175997996054,-0.5370753417202123,1,-0.7216785607584352,0.07279674800167839,-0.8249354725985564,-0.10700542728725693,-0.10101936905297015,0.24446075718964777,-0.02981620928668427,-1.728231376471078
0,1.7214299146316447,-2.319852732394111,-1.3549043989406333,-1.1637982576122594,0.08585737449630676,1.8753032767864006,0.9096999254512553,-1.1151148769573662,-1.4249708632540254,0.2444003237262143,4.455477243131453,0.03733577316415759,-0.14297934163928483,-0.0714750015130026,-0.41092897337161427,-0.9863207123611022,-0.11733444379235808,-0.28604712923362874,1,-1.215514159076644,-1.2021368337535234,-0.7008827803649593,0.05278483484481017,-0.26751133192540283,0.48000095348560323,0.17420433682535483,-1.9248138999737177
0,-0.7668872449879929,0.4833982406712837,-0.24898591066524506,-0.13750680974760976,-0.8531527091266917,-0.8445842846129163,-1.1994767749105502,0.05271932523397129,1.931062552513486,-0.1733747113596521,-0.6048211284452754,-0.13347512570643116,0.4339172240755488,-0.7785472748337222,-0.3775420098385185,-0.15607462162575203,-0.11126144693024766,-0.2475387100206734,2,0.17091926749942482,-1.7758920659083333,-0.22737151523472054,-0.07080226178183331,0.0007900953109648001,-0.37865710025014,-0.6181413017489084,0.2405986710709069
0,-1.0766842936789007,1.5123597497910897,1.5115530831496233,0.38447140940178637,-0.23479179557271074,-0.5922606155370236,-1.3403307215801323,-1.7045465111618472,0.5764067748773457,-0.763637087144422,-0.022214272768616483,0.06720256380303119,1.8272859735415654,-0.3865167619585557,1.2991250056495514,-1.123469599363586,0.3901367115199136,-0.10064537256322173,2,-0.048643575408968465,-0.5903889566894028,0.22850671450746815,-0.13858845242106,0.14960296409188606,-0.55911961901243,-0.8950902309929867,-1.0335208591309044
0,1.392311024925406,-0.27076528089814306,0.5242536545531495,-0.4502852111404303,-0.3312055493787694,-0.49166955138181423,0.44223559623855435,1.2457236782590089,0.5981643436117041,0.7797673339346473,-0.47827766417729706,0.18532314755320856,0.14263154394090816,0.3629653503072856,-0.46337583435724217,-0.6523408015932102,-0.523370253783445,0.26669273391274834,1,0.3662880370137218,0.5173684219474655,-0.05124311390390035,-0.12175539042637183,-0.07236731635642485,0.16720886035273286,0.6547773592540586,-1.0799728599870164
0,0.02836711917432927,0.08018992497774668,0.28973782141478693,1.445366211467573,-0.24742543758306665,-0.449142553226813,0.827286151187273,0.04562922153712695,-0.5184383054524243,-0.35730069270776244,0.05098374517881615,-0.43539300439178097,-1.0794304870704896,-0.09013030588694176,-0.026704449702032396,1.3435244653860596,-0.19806451517378554,-0.04716143443963494,1,1.0056340993425084,-0.5996421169002569,0.239756508241911,0.0007183693980964689,-0.40906588147395145,-1.109610948131181,-0.5509057081714437,-0.974759029667209
0,-0.3328746983498111,-0.16630625531258061,1.246359664630611,1.963896241363771,-0.20086902014408492,-0.2774029484742923,-1.4229093493104092,0.125460428085645,0.7488465844758637,-0.0035553090807428633,-0.645061297342586,0.04369238813425724,-0.28960419775483726,-0.757070593589207,3.1363157242966997,-1.91639736957568,0.392156881865557,-0.030289206869264423,2,-0.3173354904203852,0.2487286219388154,0.3830821119310344,0.0029192820335151165,-1.0084478712295317,-0.6654847866572621,-0.6331123395201527,-0.7044769255443271
0,-1.7947265680471083,1.149418802250279,1.6465795426132073,0.5857475515216293,0.04969337351004449,-0.533247079036338,-1.3771942721814583,0.17410013093033233,-0.762575319160625,0.4014418410408934,-0.14325780006729996,0.9312676227033109,1.8323422037353025,0.02929518734270642,-0.4750523002796515,0.5165290882074131,1.1030677067046013,-0.7154173151019511,2,-0.7670798794106355,0.7178428403714474,1.025406448264869,-0.03667241805503124,-0.6030114318482991,-1.140205134340788,-0.8090573085938559,1.4454399945127934
0,0.7536088865616893,-1.1986025873761865,0.6198722162293386,1.5680358475770402,-0.345480563146247,0.0873785665632438,1.0202864205834734,4.384740429324863,-2.718270096331521,-0.07194520148680317,-0.5388838780926782,0.2866278056113066,-0.83152462488559,-0.02241702998585396,2.5773838427058005,0.16456245466620212,-0.056148058161807596,-0.5368762097704025,1,-0.755060373226099,0.527920377445665,-0.1067092257563641,-0.02747792084812161,-0.15880826422154837,0.23179065208111715,0.5744670622409902,-0.10650770469396906
0,-0.5711495065294095,0.9917806119718032,1.00191732140295,1.8206369882536764,-0.8399250547766561,-1.020136083001216,-1.4197919482029477,0.674932777392754,-0.3771997863967534,-0.7232382617435011,-0.399076290359976,0.1964253308378186,0.17210757183293335,-0.460046917100576,2.7191729777952167,-0.5671218768754273,0.22294061968757262,-0.1314244725062935,2,-0.1975082796642914,0.47564995601740384,-0.6155573678873583,0.02957786799409519,-0.2983275454326528,-0.3254537263957756,-0.9666692577303997,-0.6337819768109433
0,1.1190005094311086,-1.8463682532454337,-0.9590314092182924,-1.3482392451209848,3.183288968604904,0.8575198368939179,0.5300746025978906,-0.5093817510981997,-1.5862334368187798,0.3254066421796766,0.36056415887886434,0.5495209059969204,-0.31495520101054,-0.12963708604292223,-0.50595508434518,0.15790880679947494,-0.65175997996054,0.7706770564523462,1,-0.10733157596139095,0.23079492499052656,-0.7318564148638428,0.025810768247766944,0.9561456260079422,0.7090226505774488,0.8818921402801312,-1.5729764724160706
0,-2.1292493607961864,1.198147658416411,1.270240497420154,2.0105164937224105,-0.44925606074672453,-0.6744514246171806,-1.593641267704104,-0.6413351918388095,1.8170243815996212,-0.6714273593280715,-0.23941343665636855,0.44346066561198816,-0.033499447815293015,-0.4732141947684215,1.3827853687495604,-0.7520999162255481,-0.3982977928355846,0.06857015454529747,2,-0.29567062332682387,0.049841703264263515,-0.5240886599508351,0.06882230067706002,-0.4823764177740313,-0.44797763388016487,-0.24931211934662695,0.5728180770114717
0,2.0961577450491564,-2.155212209164483,-1.5651764685596012,-1.5120664197285036,-0.10901406047976635,0.1874303575505945,0.7840525627924095,-0.4192823209148676,-0.12993127930200032,0.3424515215665879,-0.7842319916841745,0.026495753109986087,-1.3104269522943517,0.7890298730109577,-0.5860673783992973,0.5860002555036589,-0.65175997996054,2.8131188931791984,1,0.30768166739656333,-0.6728079866150435,-0.837083612328585,0.014555012682056029,0.7772742402819239,0.5319164875115604,2.0156649593140847,-1.9301273921857103
0,-1.3015751864669234,-0.13078793918531156,0.21427112321131636,0.9221594511896838,-0.6913765252911791,0.07695615265144079,-1.0955580754077467,-1.3395659673166165,1.3780446387518166,-0.7400857311840209,-0.8256664431363052,-0.17825415695849434,1.3233926290902618,0.24291349112916324,0.09445527029209932,-1.0987194140642607,-0.10734473623956081,-0.32911281912281865,1,-0.5524950864360076,-0.8359525288454214,-0.5792914899923604,-0.014001908978759699,-0.07355648454636707,0.07948258353279741,0.6031483943626441,-0.16998091896690354
0,0.5367909512854492,-0.1691192652150055,-1.9829302342825312,0.6413730258819377,-0.714017682272081,0.609952175075875,1.5984254295038158,-0.10951731056993774,-2.2945996104503,-0.5152520796307989,0.20768967574388741,0.1638426801936187,1.0411823332058567,-0.21215910061881516,2.767307490703823,-2.681685657649171,0.6851127441798085,-0.4050022048849803,2,-0.8230816341519582,-0.20300852899942146,-0.837083612328585,0.15812808774909476,-0.7725369423290723,-1.350205009865587,-0.2975383941751951,-0.29210269088886537
0,-0.41243265317109706,-0.18105113344419568,0.08173894930152992,-2.2042320591589135,-0.1164153600397988,-0.47932234340222213,-0.28224675383291975,-0.016942014336479072,-1.1875057968060816,-0.03071726088908322,0.4583191099201,0.38124591178846046,2.100673697284521,-0.26954033485353357,0.0628261759464745,-0.3492566610421285,-0.44473444407638285,-0.3414682199156506,2,1.2376353658087924,-0.479227889761657,-0.3502031119467098,-0.13858845242106,-0.8028331015628352,-2.4469098162138443,-1.214798006204632,0.814290372314624
0,-0.48923734695665066,-0.361938549014716,1.9761435634572648,0.1829952127069282,-0.3068639296115714,-0.5359650059976889,-1.6163672936156637,1.8674493291425525,0.9933261572658678,-0.28119050488766284,-0.2665327504410367,-0.09500603771729688,2.081086567394915,-0.2876962234369713,0.05845257260020442,-0.6907842029590066,0.4716812771300392,-0.1957124252956175,2,0.4217298505154822,0.5654660300833216,0.12739014626538145,0.05117658587664302,-0.7985811806448221,0.11783150608723847,-1.0684032218578234,-0.18853068984854898
0,-0.6626475994044995,0.8768340884745853,1.3358824610418911,-0.9495659901048572,-0.8042146036393236,-0.21310615068726751,0.3026896925456145,2.077123373032765,-2.445291914212955,0.5285500679117793,-0.47301744920591515,0.6647441428086226,-0.9760084771264615,0.4902218680460888,0.21441522251849832,1.0642642596976895,-0.6007020665085615,0.37480148728521395,1,0.030354083967131018,-0.835569120278485,0.35066039137881416,0.046043783223776585,-0.09164409030932011,-0.4521962015299633,0.5537401812044915,0.19559444188936448
0,-0.39500387920041524,1.5806183978259098,0.4228944500346026,0.23448634388972717,-0.4015813112491706,-0.5897729417387036,0.6557288730278875,1.5000566266410913,-0.9244538529660214,1.9519466124257023,0.18192121498968983,-0.3438246753013526,-0.3130315604094428,0.12976633478158117,0.7890232365768965,-0.5248365222011251,-0.33237644078982537,-0.48518154999383006,1,0.02197761558778044,-1.276125321992497,1.3978985866831346,0.011638748222228282,0.2985780453049861,-1.0128414548246956,-0.1226687840875515,0.3611900785934491
0,-1.0992299882684313,1.1538847255552893,0.473713869741402,1.7852422796062166,0.31697322639073505,0.06844615087652223,0.5990971665543348,2.44226206910455,-0.31814110018220904,0.21163260886951626,0.14976438673704084,-0.9542375570790389,-0.7491772467558471,-0.3843808746315019,0.4237393750789372,-0.39982960220036295,-0.280926468479835,-0.3388279810425782,2,-0.40325834152836804,0.1360817858702649,1.777899974829632,-0.06625160687188447,-0.6133692406305574,-1.222330098995588,-0.5536882481639878,-0.3244606259221335
0,0.24448887616333118,0.7367103931208057,0.5728318735189006,2.5528594794952566,-0.9074997822964435,-1.172787403869798,-1.5320081372831227,0.37983821433056336,0.5194334603175396,-0.13568634406097035,-0.08040487177564007,0.5562988301825201,0.2916642295239852,-0.6427538066558155,1.0702373634269047,-1.1023302847385537,0.7213939664909867,-0.3933938862175189,2,-0.812690816857724,-1.119914764295953,0.5175006796162414,-0.001065551594540956,-0.7656661069109884,-0.39859803954681444,-1.064964706360869,0.4106569078303273
0,0.039455898964601444,0.46960737080757214,0.9951991564619257,-0.7400877877507427,-0.5791515805123644,0.09878918103732492,0.6291544261379955,-0.25622465426441576,1.1784370887030051,0.06341170074909441,-0.4479668149379315,0.30000394882271003,0.5077925645861404,-0.9035473730982088,0.4396231307081334,-0.2860573340629792,1.4074936209531763,2.2314821114388437,2,-0.38704945332138985,-0.002301229448886888,0.38461375431402417,0.05645434104944845,-0.6644634176199777,-0.2537524699683121,-0.585652446590604,1.8089815343987636
0,0.6192348540042707,0.4925865009150206,-1.4891402020614843,0.48485212686730184,1.472837056294888,-0.182739510943362,0.5297787189988747,-0.6425481158759219,-0.7022911776377652,1.0463426717628905,0.6180782744688432,2.039976785753106,-1.009561248858769,0.3753562518103785,-1.3048323139947975,-1.2661498860281528,-0.5293491624602018,-0.303506746808155,1,-0.8575626473930746,-0.40736917100819137,-0.1087472119492319,-0.08587552808717305,0.9978575645933484,-0.03981047126483289,2.018123316889964,1.1698625075645408
0,0.5423438011013606,-0.03301285575950974,0.749295244073582,2.4162630696957903,-0.5662566609975079,-0.6186531869599116,-0.29737479046750703,-1.2812184085374647,-1.5760030311709348,0.5629407786846646,0.054474094463776546,0.6066875933094323,-0.8510170732960036,-0.2991732523101617,0.9205304700865264,0.8008370131585761,0.2191188887243754,-0.3844682629595425,2,1.1880999031218873,-0.2910062213775859,0.3558196358349468,0.0620500880279147,-0.41081765081538923,-0.5999438840451403,-0.8318561314518946,-0.29857164671403724
0,1.397992169974739,-1.2026035268996218,-2.371905072170512,2.0499885945434895,-0.46409661842085564,-0.371682118221421,1.0032551278670518,1.54666606513349,1.4844429146802407,-1.0927592870675387,-0.9330446824791142,0.4397296469869697,0.11531412303804656,-1.3361429031762082,1.9165352139907732,0.09401707384882468,-0.04820186923347737,-0.20550433729947468,1,0.8645070452634812,0.8297123178633914,-0.8218580722113609,-0.08917674515152708,-0.47516352522650107,-0.09314595241605017,-0.2997161773451301,-1.4503923549526805
0,1.4795277031895637,-0.5309354865709959,-1.0772297843551235,0.1101222929633319,2.475636570278634,-0.0735711424753337,-0.626281677304358,-2.041031676311788,-0.3081558077243377,-0.09056967431432289,-0.4009650103040448,1.1067358122949493,0.32745012193808243,0.10339435659698834,-0.7201469249132647,-1.5398374255308291,-0.65175997996054,0.9060154041363893,1,0.20697914119450772,-0.06224689438170128,0.40594976942909355,-0.12097132158914849,-0.02230881167460963,-1.948215483204121,-0.15651115812960295,-1.2850013628586212
0,-0.5529674643372573,0.01866366161745142,-0.4755181067200962,-0.19910467615810815,-0.3824431022454689,-0.9639960276008317,-2.0495645837600778,-1.226315301238973,0.9649264907549866,-0.03529799058775551,-0.8131030709933048,0.6369609011894155,-1.1018945508764408,0.9218938484339981,0.15409274660009958,0.6463092329512097,-0.02055312254353231,-0.0557837453230704,1,0.09326328217346536,-3.8035356936101374,-0.5688709240872895,0.06094728692725754,0.35322926292950274,-0.3757401432244676,0.43322738580143827,0.7008014569488416
0,-0.2775820822006946,0.372821939153252,-1.8756624531540729,0.1858871404782142,-0.6052809008158933,0.5702698445884106,-0.8754704418487605,3.1641745797963736,-1.453445402807278,0.11721192903844925,-0.7251091753128223,0.24909066219063464,0.1965010768159836,-0.5216388644538941,1.5082188309587878,-0.14338530097068503,-0.0035354845218490694,-0.04338879635114708,2,-1.0206518131623499,-0.4103010653274318,0.16740334314718916,0.16241277212928343,0.05430417906351878,-1.8922541897304979,1.4381045615320003,0.23831917561070176
0,-0.14064505986169695,0.06593688454983859,0.8219735499117113,-0.2880356892458782,-0.5255936973565679,-1.2128677317236958,0.8314406090709414,-0.09759196503035095,0.755204100555789,-0.9719089782186817,-0.17517138388225797,0.003019015579273453,0.33656697369475497,-0.9872051901771924,-0.4603186715493345,-0.6524742258127733,-0.2217494453551569,0.014430325273695067,2,-0.9812004324366539,-5.043401247975553,-0.7439795460412549,-0.05593940454267477,-0.4279939772229815,-0.34421177278020804,0.5171213642903485,0.8545232824560878
0,0.16032982774637938,-0.105619813499711,-0.7400665728622396,0.07025009764926188,-0.3343078969448127,1.3659179528471896,0.9593046344951746,0.8586618052004342,-1.3438676705007075,0.47375293151074227,-0.31837832779653186,0.3540701044780644,-1.7561564458448755,-1.065140408717899,-0.14675815185224722,0.6042946522803775,-0.48126513917923863,-0.33509734227855725,1,-1.8110882771705192,-4.321558380519861,-0.6431130987399281,0.006709375267271361,0.7489330825211167,-0.0471531889254789,0.8901014646953156,-0.6815887675318164
0,-0.8269620726876222,2.1180063389176924,1.422699037311868,1.0223936146773531,-0.1103256466053455,-0.10314880945873703,-0.6556624794087812,0.8457328393295852,0.3372528338409819,0.21137881430166613,-0.5124830167227847,0.6752382551774716,0.6988333094562811,-0.3584940402802723,0.4675664862427955,0.19057237027880897,0.19836692948097961,-0.18763835692618208,2,-0.8124693010577388,-4.434840909438185,-0.18541770211805753,-0.13858845242106,-1.09095311408826,0.4445872064348112,-1.21975314077183,0.17700208599256684
0,0.21286642167860412,0.5707125802155977,0.8490909627238349,0.8271605404349134,-0.26208865590884256,-0.4832799276921188,0.5251535364061758,0.6005261813261453,-0.20618261864014187,-0.3134395229686972,-0.2911793223574659,-0.5068687464466836,-1.5657151687924507,-0.29769984959185036,0.7780781561435612,-0.20519279664214074,0.5315404970366896,-0.5173881918155124,2,0.24806270907243372,-0.02982499234404476,-0.5223119166238986,0.1240106198531844,-0.270548805984634,0.30684857091264517,0.3438398417801889,0.5400106499952968
1,-1.093234675671254,-1.3552056421330443,-1.561763904059521,-2.9516703073265695,0.2682108858124881,1.1548584127242008,0.3447393759286179,0.41741698816664274,-0.5804656357894733,2.3237358993564006,1.597520781711544,-0.0646656268509509,5.673863071587353,0.5053270539778336,1.628074973356578,0.6981754654318727,0.3085242385241568,-0.2517694499040164,2,0.916353330241106,-2.68065766037408,0.35412574136081554,0.30338787681989055,-0.1917322901829966,-0.03208584040890228,1.3526623284530315,-1.1177798009461886
0,-0.02626500693292444,0.42173554102285105,1.5277152955218576,0.17873756793276008,-0.37535166792944286,-0.31562967262123254,0.6504561937905124,-0.48126682593189896,0.6163957176656258,-0.5744612631806421,-0.8617891840035339,0.2833751073612226,-1.142114556759729,-1.096591917466966,0.0924173016954209,2.635052739610086,-0.4238131955957263,-0.2630281610665844,1,-0.16254948262750754,-0.46990323182322324,-0.6686881341001186,-0.12759050778388337,0.40174964165539556,0.23277721852604127,-0.25840162182250104,0.9618616521196446
0,0.2976212441055812,-0.019127217161289706,-2.7132841044791967,-1.2570655477192507,0.7298803817614821,-0.16532027092480828,0.4941121200101266,-0.9218870866272569,-0.9707167723018121,-0.13073103724802707,-0.026841630894964094,0.63371966608454,-1.6747869818804781,-0.2767988163277004,0.658434592998192,-4.4666563545804365,-0.4528631070177444,0.35641305126798284,1,-1.0248450893284962,0.20899358855556482,0.6868545496243965,-0.08737384122649546,1.0057504294957935,-1.0700208491906187,0.3655663816806684,-0.35958360003014994
0,0.778518975472022,-0.26620442299005664,0.5868631411106124,1.7085118062395206,-0.19766712663843783,-0.2991519832599633,0.7054946076395191,-0.26103649357110714,0.6087320115632826,0.12619428127026758,-0.6564781244612388,0.7192485541490417,0.08161038994172332,-0.22387354600309134,-0.3094125459888273,-1.5393421395357847,3.0595368021163134,-0.15865345941787246,2,0.1010307014521444,1.9077188709878667,0.7576607194025482,-0.06276701246243005,-0.3281646162994718,-1.6765559797957743,-0.45739846571469883,1.1081757568905959
0,1.0652571498898402,0.19568740462064318,-0.3480129546811284,0.06167202360146384,0.5675678758272491,-1.0343484685451063,-0.25450147781745397,-0.911982518189012,-2.779899549986423,0.4660024635883181,0.12666980067052214,-0.21480410384725912,-0.7392138227442833,0.10393144664039838,-1.3569665627029066,0.461808264076744,-0.5443045404504241,-0.3575260195792689,1,-0.12184380004094489,0.35424665672088673,-0.5252890837100496,-0.13858845242106,-0.2230393023765893,-2.023390118058103,-0.9727291489492479,-0.35987470689272794
0,-0.13606420721265733,-1.30124543188266,1.4701525748930069,-0.7168433966848331,2.6160449712242135,1.7813454418303014,0.8762594978828867,-0.9867786803670144,-1.047342926072202,0.22067825231019675,0.7353850893319663,0.6664753011111142,-1.303938003685655,0.09802639382380497,1.1449644995519612,0.1854700235540166,-0.6413257393333965,0.26051109536815326,1,0.140652283688314,-0.21744205925906787,-0.5662131893652387,-0.13085876181994094,0.5103967365646565,-0.18020438687112744,0.07050072221699566,2.3927063615557254
0,0.8259481232707055,-0.32965612558800295,-1.175650739104083,-0.08840187804587862,-0.48414831178906004,-0.33404567054406187,0.6612407542296518,0.33005475112365656,-1.2616486936407203,0.8844529388228257,-0.32178089839083335,0.3510769499533436,-0.6284065604249166,-0.21139637129397118,-0.7382791185925806,-0.07675434205958409,-0.65175997996054,-0.25837413420295424,1,-1.0670964918518577,0.3128601754646416,-0.7727401051178923,-0.072168931655034,-0.259266901686679,-0.5146295500184832,1.3293920110113218,0.3854182831953599
0,-0.36131770976102895,-0.21136536737571934,-1.6415445556309798,1.444479688593593,-0.4056847066270634,0.2968818331566403,0.39395281744700894,-1.1627226949677392,0.8480223042090365,-0.5564405007576849,0.37000362097124484,-0.24298620967343978,0.14992353882012033,-0.261038552264124,-0.22705593752438247,-0.18109096942337255,-0.39458688423658705,-0.1395679420212144,1,0.2640644378354112,-2.5774252669639743,0.9541751268900358,-0.10599182919780045,-1.09095311408826,-2.063282584101239,-0.9990054047584588,-0.5567961865026273
0,-0.5419837459303387,0.5300379764428356,0.6883475576585741,0.6036993231825676,-0.4868996298492565,0.9569472288466867,-1.6135620627826928,1.3164923889254694,-2.4999032084114257,-0.6204836980306314,-0.8678584913258486,-0.8930248781396255,2.674799901219957,-0.8187049323487284,0.1675408875933681,-0.1876110388892482,0.7187238132236402,-0.5237144855918581,2,0.07169122744308043,0.4880093156448696,0.6590228767425292,-0.11248539071908137,-0.5309082858619059,-1.0581260183345682,-1.1669016507945664,0.1287812726782322
0,-0.9074227071207182,-0.5222372218628477,0.2534150924499877,1.274364530744606,-0.18784390504334741,-0.757368893756458,0.3691870845098618,-1.7751533774018546,-2.2123991899453457,-0.03564562432509222,-0.013707125986622715,0.7413697416987447,-0.45204290958154164,0.9937191368676667,0.18111833110474623,-0.7767446566146605,-0.4472545710462509,-0.36336713358171074,1,-0.8281419945198484,-0.3840938442552364,0.4687169831128467,-0.08783021636262198,0.5320825996797655,0.19820347609404487,0.11218649327473107,-1.0382765642301068
0,1.3780951223519669,0.020530428669165574,-1.52791069375389,-0.2064518877346357,0.35579571578875,-0.7810071385807451,0.6508872351837154,-1.577466277411999,-2.2612781558472834,0.07426434806268711,-0.48365073074215126,0.48643568563421663,-1.076902091819833,0.12270728257809188,1.1625963061093247,-0.5038439244164999,-0.6083482771162549,-0.4764399418490199,1,-0.6402932233352335,-0.8394177932993598,-0.7356290607720424,-0.03282408925619341,0.34956374020092107,0.331798205195011,2.7490977394505105,-0.03379677531514935
0,-0.9010907233760075,1.1889566242231306,-0.7291699366938234,-0.9440647580209027,-0.4931230178221161,-0.018091013333580014,0.6618648605528682,0.007121001301728103,0.49818209780950273,0.11889792615278574,0.7401792495912161,0.5382666960926022,-0.6453819401893424,-0.45826244100697,-0.5541037614908693,0.5015422482875047,-0.28203443472404777,-0.15864525595151474,1,-0.2681161106863892,-2.3357509076333445,0.06248998074487629,-0.10454217742443209,0.3651824037936209,-2.5278679771720185,1.0294459203871735,-0.4784131052904543
1,1.8721387243981793,-2.826220036978662,-1.644264108461421,-0.42492805137711936,3.8561484461726114,-0.20384827138186917,0.8350203509747096,1.7570081539871767,-2.123163016184706,1.3737622938577307,-0.40608061911100907,0.3296266335617485,-0.3119273199843363,1.0090880807111404,-1.7717162611824677,-1.0706825583989115,-0.4617580281471448,-0.4168619346102239,1,-1.3311655084570146,-1.2020859800569423,-0.7267125618514716,-0.13858845242106,0.5667076427634488,-0.6121131704802727,1.3084671711348483,-0.43165488806922997
0,-0.05326437715753224,-0.3551243832219746,0.4779904088205579,-0.5883989146533462,-0.47556510897742055,-0.07271394503169232,0.768594494016319,0.44058017224172813,-0.3259228183417317,0.1584177364247612,-0.019541731407840213,-1.0249934716434144,-0.4534687041993066,0.7269871459650397,-0.46509371457869747,-0.6455255627185894,0.9079581278565348,-0.07242840853477497,2,0.4478090309563386,-0.19847646949970654,2.856395602632611,-0.04749257514330757,0.3095293081581471,-0.01895879406468358,-1.1462151221843235,0.5692736298895585
0,-0.07961799076567017,0.9733496339115649,1.0609455731078428,0.6058458994045589,-0.14132142046727125,-0.5292540598997266,0.6567620058054886,1.5790962006976996,-1.6577536008927198,-0.2171512128810163,-0.021998638741328735,0.17462892687083914,0.9021791790674357,-0.06504160522568589,0.45530549788004115,0.5985642735933239,0.6951609489980407,-0.6352292949783018,2,-1.2438441299512761,-3.560971155596886,0.5540849960009638,0.18654711904335636,-0.7058927117787523,0.1458456698175478,-0.33851135907538915,-1.146176032861381
0,0.2937235924435928,-0.7075776791348516,0.542892363016865,0.6114509920337995,0.05636883790839359,-1.2173885562370987,0.5747189236130386,0.6205047453582017,0.29812538504406816,0.4291452858381446,-0.9353301951182447,0.5479494486598109,0.1300533050316104,-0.5184053224842493,-0.01734611641356637,-1.1329264259703284,-0.65175997996054,-0.2880367014473629,1,-0.09581503988625438,0.36531728341011394,0.9395881158253483,-0.04017417372422099,0.21199483734798513,-0.5059002294097774,-0.5968548454306953,0.6006716947370139
0,1.9848996403646175,-1.4200185270461694,-0.9885058286386204,-0.44831490887384573,1.69186515508117,-0.28605395124177324,0.7348134035640893,-0.17393613902140392,-4.4620926765023405,0.8071525634652985,0.589547631712615,0.7743484729536005,1.1471051211171885,0.006545483361774795,2.270036452458693,-0.027189041646861423,-0.65175997996054,0.7787136063321737,1,-0.3608076498639209,-1.6261381884661215,-0.6216120576743066,-0.1097399694864521,0.3574810352955139,-0.39620620752928615,1.5005715094376664,1.6267460512467808
0,1.2451529518605642,0.32692874584873594,0.13200661746019854,1.3907120873966328,-0.4555574491678596,-1.0622409315113877,1.00610019502641,2.7369664984423148,-2.2801685969084007,-0.262952971683328,-0.48651244322476694,0.4994751403717102,-0.7160655661162141,-0.07927389176724747,0.2524905593878306,-0.05180015894793011,0.1159518978040951,-0.49565003140092756,1,-0.7830586596973432,0.02677292162319478,1.364944942364672,0.2749703414042316,-0.22584805096430258,-0.2631032838381914,2.186020840517032,0.5646975233248355
0,0.4123205129270777,0.6270401570824002,0.21217772649545702,1.9572585243283998,0.2318715087277491,2.1592089636784215,0.7156389054176828,-0.800023737956862,1.598607376783616,-0.08299891919662816,-0.6098490903439661,0.12885377449253263,0.9109947541725363,-0.023289467618046733,0.047663214635565776,0.0011961744762408189,-0.1921057176439718,-0.06835665490975687,1,-0.7260307014614044,-0.9263719720216368,-0.33761222064290014,-0.05262084820850778,1.4790212194427164,0.9694157199675211,-0.13972589055051285,0.6487821207766759
0,1.8676660741274258,-1.9600114295472888,-1.0322117241155278,-1.6554162070172955,0.541769341011779,2.75171125329597,0.4954890896315305,1.7202185042352056,-0.31927271239235633,-0.30524133302860357,-0.3911535741558195,-0.9093469801575543,-1.4573803149888271,-1.2719563285751225,0.31219100661808197,-0.9457377931574902,-0.5959197512452976,-0.3376296455800636,1,-0.36517986569086186,0.3027449338387195,1.2810396746882742,0.08376377805937188,0.28636111012957544,-0.1702002695446746,1.4693961592963785,-1.7866767637875447
0,0.9273931833294642,0.5587068402318689,0.5447548191318603,1.6923807983631498,-1.0366079658691376,-0.6533894609629999,-1.0725305267167409,1.0259401447447583,0.8305565077698183,-0.3624373516819941,-0.5244344493342563,0.5540538481941628,1.8988707341848818,-0.2678706826641303,0.6868894413477582,-0.035525942849394365,1.2833826139795532,-0.3664739325188619,2,-0.09100038542084157,0.13233142967874334,-0.41532210385398843,-0.10119891881318865,-0.22954929361796447,-0.48883008168218134,-0.5137809034919211,1.0109501371889653
0,-0.458872181407901,0.17157853709054424,-0.34280737073914125,0.9704953167127995,-0.47330772159380047,-0.1331415775864646,0.8865213159361721,-0.5648011387150446,0.4483069774437817,0.5639819012456136,-0.014051608500050383,-0.6022435918797692,-0.8406115406552614,-0.07178377879550901,-1.6442751264187947,0.14851226819810287,0.8240786973590906,-0.42516635217727006,1,-0.7481905659614752,-0.471765332180323,-0.3529810284981868,0.2788482038507067,0.09780006342783382,1.0122750092269395,1.4500800396261502,-0.49154642343300137
0,1.201735010199009,-0.6769146844997891,-0.10946459229739824,1.7772549226427703,-0.2590054119887766,-0.28383938618827287,0.8531582448248287,1.3887947298230947,0.03536781464318045,-0.7096824691444767,-0.5164379034083236,0.16905854858515248,-1.4940998989377332,-1.270645182702626,0.087818374082694,-3.5231611434166146,-0.65175997996054,-0.24038998725936814,1,0.1953214481847863,0.3623033859583299,-0.737027182827983,-0.0271183020253503,0.6543856067246978,0.17739254816017863,-0.3338415056226597,-0.14438518439312747
0,-0.5856282089627969,0.3856864163679751,0.42423290218879145,1.5696953105477287,-0.7017044918985711,-0.42300206605534363,-0.030707774238191377,1.4769929391171717,0.6755613544580361,-0.35340770067668964,-0.8340654013779538,-0.3384637989590762,1.5042665880471782,-0.7540895920503546,1.841787759443246,-0.6343534008680057,1.2346129364033738,-0.39407804811572716,2,-0.5547876644991329,-1.1215278781522888,-0.3620116609515182,-0.09414736223731017,-0.5565904715758904,-0.16833560274028908,-0.8119263379213948,-0.09814392318246563
0,-1.3429776934636943,-0.30585753617732814,1.1016186990845522,-0.4562545602701185,-0.05034677289780809,0.5470213923454829,0.45993992716062787,0.9861955439018233,-1.1238411231516316,0.38990922450368737,-0.24644987176552846,-0.03371157381471948,1.1530032623969655,0.1628395581919625,1.2637636167003834,0.7575172809838803,0.6068684480471116,-0.2711905021174959,2,-0.22602639747535275,-1.240756779998489,1.3735752518675182,0.043174433409002455,-0.507122014261501,-0.11207495333105205,-0.9280725794205174,-1.551009765235859
0,0.11962405874346344,0.2606117960370148,-0.9982987814185678,-1.2605159148796896,0.42146044128975635,-1.1712876525326108,0.24420685494086625,-0.41080626474782844,-0.1045244401440451,0.15244328205100388,-0.33918868009343267,0.5130802413629013,-0.7985006008420492,-0.4972299719908376,-0.3568486550982146,-0.5557947947963555,-0.4843330764995457,-0.5181815713546364,2,-0.5333495245181387,0.743423517011675,0.5607454137305093,-0.00834175769076409,-0.12551509847009823,-1.183568779100907,0.8158766445046997,0.27861281449730346
0,-0.40586447247762025,-0.3778125764896655,-0.7415983612721293,-0.9848189757067326,-0.6565582901549696,-0.27770125781865196,0.8210733714648123,-0.05559741203142887,-0.007524978841483676,-0.3186747991062965,0.27879179428365686,-0.31162960752832425,-0.5350862401178038,-0.7261717364268525,0.31024142838833024,-0.58711509225044,-0.3794460875786438,-0.0752502471688293,1,-0.1685561036615539,-0.11701590397080189,-0.7417759663366551,0.026732486286381904,0.06824675609439834,0.49174384670057036,2.102195326580375,0.5157249742450098
0,1.348162388312323,-0.3022724992052651,-0.5019493266825069,-0.3977393703877786,-0.7614754483605104,-0.5566183420549222,0.6055390003859265,-0.2871507739269087,0.12086296399362806,0.10660338397450794,-0.530391786915915,0.41352651610253266,-0.9011290999185217,-0.06352325127349462,-0.6886074782385657,-1.2888676890533706,0.10239158102505452,-0.09303205206166656,1,-0.15621870405587254,-1.3586123343926266,0.8907413264337776,0.03954374111480714,0.12601604331860777,-2.217584036221176,-0.060385927536098505,0.7221536917372584
0,-0.4598713193379088,1.027013175306581,0.14367641203532455,1.3068982241508,0.037163971499679704,-1.117877248727528,-2.0118801378625406,0.5943122187387803,-0.004946940465108685,-0.20399805490017386,0.1892655552160165,0.4166975069687709,0.06658621346860122,-0.21491511148671194,0.47024588071842055,-1.1733627793694197,-0.4081735692212439,-0.39323936061602904,2,-0.07121008153009932,-0.21250862719946384,-0.43445079511387746,-0.13858845242106,-0.2721718347887384,-0.45613890794292217,-1.1369039204663376,0.4276714867005198
0,1.0884298617844064,-0.5007566102915086,-0.2949086538312087,-0.9902456607175637,-0.1495778044696495,-0.8326386088947765,0.8101350855658267,1.7543462856401688,-1.156058710286823,0.16590406022686735,-0.39628486368445304,0.688788355834359,-1.5248704935749229,-0.03298667336236438,1.0560954943102976,-0.26363106192601227,-0.511445012913426,-0.15827999164340514,2,1.1315049851788717,0.21370732294899805,2.1649349223580625,0.27168508774623046,0.13496986286581458,-0.4552446287433501,2.1488606171031215,0.934661492824634
0,1.8562363602073286,-0.024176463304881005,0.030576246217903336,0.4614345053963799,0.5155473980495655,-0.18558248996006688,0.7590464268173553,1.33541548702963,0.6786987129698931,-0.35917472939948253,0.10873826459073492,0.1549688879715223,-0.7110313006751146,-0.4227611661190047,1.4566064074213827,2.591039381085455,-0.2781807808726009,-0.2718336191366397,1,1.6318367951676938,0.04268685496322078,0.07323448482235237,-0.12471498115896863,0.19633064236347164,-2.002472140906203,0.4734987048300282,-0.5040007231292853
0,1.4441541849407973,-0.5052533012252274,-0.5805996186157554,-2.3396334357080284,0.809175554491296,-1.2711338036580813,0.8318768874980483,0.5827047626075664,-1.5053797457016649,0.5934694751553936,1.0341733771061874,0.4068578971854561,-1.4943975580521212,-0.14998577964528534,-0.8819963985189001,-2.307181864814368,-0.65175997996054,-0.0973368390229224,1,0.41773392404033993,-0.7686276992903307,0.08621599486688775,0.26453227799178797,0.12227712324571377,-0.6171258677544814,0.1188422672268371,-1.657055533028379
0,1.2359728220698503,-0.0386008766438074,1.453684371312359,1.758704177079399,-0.20198755899197823,-0.4187583227366815,1.1623246193335466,-0.7863307861678794,0.9771185483852873,-0.3575777291805503,0.8243725963258638,0.7811879897573262,-0.04468593597561388,0.13589129295381447,-0.1700437882427953,0.37481439804026573,0.7696340980888625,-0.37604023570533923,1,-0.052412726045527436,0.11396008178527867,-0.837083612328585,0.010372248995447197,-0.22878208938001304,0.041466378211743704,-0.8547686304632987,0.7644538583700992
0,0.05024989439889277,0.985218226780012,-0.1782217326763016,0.908754588326997,-0.713158169144761,0.322475696535689,-1.5896659990105324,-0.5736679625670504,0.8645544298321246,-0.6520773483957784,-0.21082843910620905,-0.7192968255869298,0.8609555688438227,-0.9859022591274791,0.32083769273217233,-0.026494383905971752,1.4327811704924205,-0.06035955250511266,2,-0.6416110767719074,-0.7694254328444232,-0.4199780381325359,0.24249746641974468,-0.6676925150529944,-0.22174828844993497,-0.5122902049238989,0.31014040431972484
0,1.109670318430591,-0.1795610356372208,0.01504056947765926,1.3633098447001903,-1.13232459946135,-0.9102898622531977,0.788061521062414,0.7224657720694234,-2.137870160519708,-0.4558843791287555,-0.32838358070998347,0.7217565162120474,-0.652418254186385,-0.9962756636759856,0.21855507729075807,-0.8225762796459049,0.15724327762649368,-0.2299471409940629,1,-0.8687063880110952,-0.7688516336776613,1.7530307254131972,-0.0013037321781902977,0.4379738714777588,-0.10985898423483836,2.3580231034569255,0.9133779091166547
0,1.7764548877234443,-0.7252997925846769,0.9608171231814833,-1.1288667641723873,-0.07395690026091828,0.23094241509761596,1.0466555387147993,-1.0483693785565713,-1.2301418953082437,0.030357891964095274,-0.9241183115376821,-0.04972306478315319,0.3479443297278876,0.27682828086372635,-0.07853525819644136,-2.8215566988282417,-0.2949469527847794,2.0866152136154286,1,-0.7421143371694601,-0.1805993595645874,-0.11376789650074717,0.16916058542898507,-0.8322493621305928,0.3648775172992217,0.011771225794580398,-0.8696874234721561
0,0.5424755308779163,0.40036568463365896,-0.12681351062485796,1.9379480996362521,0.9366697613524464,-0.20643000534510303,0.42391341874759403,-0.9596953850118064,0.5708541256036351,-0.24041201065009649,-0.3766926432392659,0.26604842361725833,-1.0428151847251006,-0.5952063153099989,0.5076373319098141,-1.7946511434151156,0.898360777395623,-0.5708340809668481,1,-0.11564392179962976,-0.36628644797972687,-0.09241277526275066,-0.0576728786851769,0.13156039987459378,-0.03139765685922232,0.13736744507339219,0.7629590089842112
0,-1.066770403281289,-0.19718704376751628,0.6606512183207388,2.2990175421503247,-0.582554085773221,-0.35641956424860943,0.05887143109522852,1.611275905924619,-0.2910745064622588,1.0269421976260382,-0.1691277317192862,0.004625783171925274,-0.00901717519365202,-0.4865695461201164,-0.5923159089179272,0.08037188951957544,-0.03166407228999346,-0.3957166005703868,2,-0.5140984420231461,-0.9033352505709824,-0.5745897892569497,-0.10963430552937466,-0.5039138655461329,-0.02398865407186629,-0.6416728160811476,-1.0680229102900785
0,0.12267787956207377,-0.07371698197671331,0.7760412181121643,1.2808498872353016,-0.9511037142687548,1.1872734966202458,1.0503082728806725,2.950692437697719,1.1212992233086885,-0.2927750158793407,-0.14785229714574494,0.05133012790785063,-0.017926025715748972,-0.5510418661724543,1.85734819077503,-0.847302689396258,-0.27385441890001894,-0.31716656621457645,1,-0.9329194588696973,-0.6168345301629456,-0.34546568840529024,-0.022528068223477186,0.5360550376495155,0.8725398397000452,2.26382400521508,-1.1713705005783992
0,-2.7428999318816247,1.368273844616448,1.2558381903612148,1.8347516090412264,-0.48355268971484283,-0.40500407137753747,-1.5895894827798982,-0.37931724704882613,0.3850168975458754,-0.4181581060739277,-0.3992652870485211,0.18989772883609873,1.9970189743097384,-0.13104761309050245,-0.24727117726999642,-0.8711217594398666,0.17909481150188514,-0.4370536426710663,2,-0.920516456358119,-0.3657925888233372,0.02830525503086294,0.021271148215463,-0.8756459309952846,-0.38085483698476225,-1.0466273815975904,0.8375362325326122
0,-0.13062981514458788,-0.7784649736255846,1.3241117624278542,0.45951166730945536,0.13271159805587007,0.01372172382037029,0.744416801329445,-0.28527630814239713,-0.3039197952775328,0.16902728180527327,0.4577506602717645,0.1555157718460306,-0.5649461177121522,0.37732631306749626,-0.6358739027625172,2.0946096881438994,0.029522329201370517,-0.3028213721997703,2,-1.87737378862638,-5.561843952557496,1.826645705202685,0.07012696344363945,0.47634363556896875,-2.5314976103569826,0.004027484313644691,0.8605399779076393
0,-0.43542498586238854,-1.357030317780527,-1.9358011968541498,0.8402177676279879,0.5942348586948538,-0.4792432088667302,0.9723540181335396,0.3627761121216797,-1.1436279306335868,-0.4299071524559309,0.43116966852979055,-0.3079367086599085,-0.8214708368589445,-1.756670592875384,-0.2110919840931838,0.9118470331118609,-0.1998753418079613,-0.3719480822322736,2,1.4341662524941343,-0.3414191397787465,1.2729037969648807,0.10725288884044928,-0.45615352827835864,-1.642486101291242,-0.8479560449407653,0.44532407703292276
0,0.8370351718634785,-0.282823475671156,-0.3410061398963106,-0.860413582688474,-0.5772409755237846,0.04832602464916824,0.6025212786222915,1.6718231249033495,-2.016089626951995,-0.12031765080048129,-0.6384336558436146,1.3853341857252306,-0.7737585879118145,0.16546719495416615,-1.112643986329088,-0.11662581508897996,-0.3751560271805799,-0.47914504023476673,1,-1.4188619251541208,-0.9491779714253734,-0.6754154944497205,-0.058987699901432725,0.014978276867608664,-0.2837915976448379,-0.4638788395935072,2.278380310486348
0,-0.883145093930098,0.6492184951679514,0.8745946832447657,0.7430406979817686,0.5141285212974182,0.05346510470490415,0.5837622055453469,0.9922706454567481,-0.07198248389114886,-0.07715268623487431,0.4413927440288662,-0.4209196458612879,0.0020969841043647075,-0.6944748136387593,-0.5117682951730372,-0.33339120891269647,0.09004949749961169,-0.3824712945832946,2,-0.527620205824858,-1.0483742564841367,1.4612534790487892,-0.07911968629677615,-0.1498243358422095,-3.311883526192677,-1.002120263955689,-0.6799061472122022
0,0.32444937760420045,-0.717827297768963,-0.22876457133034167,1.8075827587064068,0.037537224824372384,-0.45043827066272407,0.7764166631893361,-0.7998579433166072,0.4200661181916215,0.35377646951176234,-0.7579878251442336,0.6231947956203862,-0.266327418090752,-0.17843796726365557,-1.9153032155088883,-0.976920559243101,-0.44839369286798125,-0.06111231049371976,2,-0.6538672311797924,-0.07810043581408654,2.3300403940794108,-0.08327838827011184,0.9524780215824601,0.08326037617861082,-0.6057462632951034,1.0568930328527835
0,1.485371356792177,-0.9081641181873581,-0.6238890133849693,0.49337387810211275,1.0888904721425476,0.1697766852003813,0.8701042902671475,0.39229436902108306,-0.29706465298175855,-0.47668860548861947,-0.07216036295066253,-0.4887427451772426,-1.628994443597335,0.16006966233361936,0.6392483719332753,0.5172318646132796,-0.1298057254483468,0.6069088860388245,1,-0.027380069367629017,-0.6616908107788835,0.6279723364949356,-0.02611808280539918,0.19254296659943473,1.0265136724927333,1.3415004520404905,-2.31159320995854
0,-0.7048204679358712,0.4865275041977328,0.37448206249700566,-0.2709539099512518,-0.07165422369112212,-0.1976323031478051,-1.6589040788735532,1.598788182810496,0.42481678317462007,0.25186817840433284,0.44502010186302887,-0.1611065090595758,0.21225326819775592,0.13066504842265803,0.45213314933524296,0.7210156167534559,1.3906101466246712,-0.4107043605909739,2,0.45929149766549204,-3.354972792764265,-0.3214679009732876,0.00031335165366157963,-0.5899272025797635,-0.4993012179877252,-0.7233765739435991,-0.8144270239802978
0,-0.5022983235061091,0.8044634690575206,0.7435213978306425,0.4304152362387256,-0.47581677570270586,-0.17982566432123193,-0.1301010132983219,0.3402300585416515,0.33789846285920505,-0.46727983373331117,-0.5378152442318154,0.13288790993006522,-0.6929832060791506,-0.06248466028209723,1.9693778274608635,-0.08225009193455957,0.19423810700807984,-0.16806175592667522,2,-0.6064375034902525,-1.0384147089295612,0.5495685217478984,0.053511255563620824,-0.9767630678235771,-0.5764727182491453,-0.7931608221337961,0.899503308506487
0,0.5125311940395756,0.5881802111372216,-0.20193456499416707,2.3791288684039236,-0.4682494621599471,-0.6060632030542406,1.1076649897582151,2.9827856842563936,-0.30869062674965697,-0.31214723575194203,-0.687108155336108,0.9986910529399293,0.008451038498972552,-1.2632327001581587,1.2972148263741943,-0.4526461780321611,-0.0330648052475887,-0.05114354531973436,1,-0.9768182263388981,-1.767794524799394,1.1304886031395962,-0.035445066117716306,0.9773891283892367,-0.931045186153965,2.303386856680836,1.8000004321429919
0,-0.06793406396354326,-0.5996387601748403,0.06300246575732737,0.04196727051538534,-0.15716003400154557,-0.5375093043331225,-0.8269278992616373,2.7908229902326482,-0.1440945146766759,-0.4490769331786459,0.784350672427542,0.3083732273888295,0.7475676832592653,-0.06251702181661223,2.2374179274055326,-0.1626613493332571,-0.08559089816071472,-0.6263008292911927,1,-0.5640754558124552,-0.42926568047068814,-0.7006640403581643,0.027537357556937397,0.8037791034214321,0.06689896436718343,4.564566885179503,0.7872665322654315
0,-0.18743957758239094,0.5027184843365682,0.9666999632357133,1.2264575384208192,0.012031821512045515,-0.8276119138552464,-2.313111332041192,-0.21990581929004405,-2.204374721697877,0.01292872745226148,-0.26950030375499695,0.6342174308228914,-0.9702008271148835,-0.7103129428448542,-0.8359774811101566,-0.16729152842553996,0.1386463934747803,-0.46539667290706005,2,-1.7668512525514888,-0.31910518680762123,0.7110615180993713,0.031380611861575924,-0.7340053415818798,0.22487771714374533,-0.9334362098963483,0.5097005488271924
0,1.1253973422238637,1.2978793541110027,0.22130855157425888,0.8654039899489034,-0.39448850441890176,-0.7285876857658169,0.47053793810418976,-0.008771799577163897,-1.0400782944461076,-0.09657462567138053,0.26021581864658805,0.1786444193446181,-1.692513499355476,-1.0927703996886953,-1.122232952416053,-0.9046008910906492,-0.65175997996054,-0.2076700209353038,1,-0.28993761904603654,0.33780182815318194,-0.09833285789834806,-0.048593546458891065,-0.22128933899717984,1.91678108710025,1.4366257753292726,0.21640240136967198
0,1.8106938694254568,-2.170234456947435,-0.8116558357524207,0.6056666642893125,1.8525254412199357,1.878695992109975,0.7301722012902399,-1.404293692459704,-2.1154654817089074,2.172745068790107,1.4258183317639208,0.23108752276734085,1.529496041879356,2.164807601921618,1.5172787111185855,-0.5128487417839136,-0.2964251304685081,-0.35490530891394056,1,-0.6833307165475943,-1.3517072628282425,-0.19595464180076605,-0.091948895644022,-0.1491379322111569,1.3555627834256352,0.7134035798372774,0.2797502905872213
0,0.16224756069907653,1.0622982497140319,0.18884530484791734,1.6105147394362054,-0.9171357854966722,-1.3350944547719787,-2.0637844146410718,0.04601066283679223,-2.6055813175081584,1.9633183738486166,-0.1381719952461971,0.6969491342044437,-0.7746797931609974,-0.4300118801127419,0.4040849040579796,1.0175946355251027,-0.18967897822339774,0.3865565975806389,1,0.21199251789939652,-2.1595021466217084,2.9991471369534666,-0.030793489819439124,0.1117772809339212,-0.21670008013258624,-0.077310805128947,0.8188567079716977
0,-0.10196446508669965,0.26442695493390866,-0.7558601482512869,0.26146371698649595,-0.7992807276693353,-1.074680018370921,-1.042702280074148,0.31200076187251197,3.215719473504155,-0.32568757697653694,-0.36245475816920203,0.43312998136569636,0.9363245963295115,-0.8087309142250825,-1.2031134921865352,-0.007110282366623255,0.6834913751658661,-0.3251018053079542,2,-0.7985185751720492,-0.23451002728591044,-0.00048301181998141804,-0.038543781202401525,0.026729177372352586,-0.2118774326321945,0.3971677716532117,-0.5559329190007828
0,-0.6546453262464313,-2.0316992567877294,0.2792660468354648,-0.10699854389869734,-0.5423446634565587,-0.1634023353809486,0.6927552669881324,-0.24212178321588684,-1.4695048319897217,-0.05345223662679502,-0.30565526978466717,0.4720581770644825,0.5696381160597772,-0.3082529519909447,0.9425666564193078,0.40969122053747853,0.0476942058630789,-0.537005342405305,2,-1.0526375021063132,-0.6289038611684181,0.8149113050035366,0.06650987895176508,-1.09095311408826,-0.7775960802983877,-0.9700990198406986,1.1149231528472197
0,-0.14468707387194546,-0.9585558544893025,-1.6906018974121375,2.050423041835519,-0.29459709808052503,-0.21247344792850958,0.7910699105021646,0.16892570673290397,-0.8523107152993511,-0.08651023647510211,-0.48935683912290195,-0.8527849301683941,-0.43989074548090246,-0.5312534887608571,-1.4267248419991767,-4.79039324897685,-0.1163233616468836,-0.15782406952698622,1,-0.2774896003954148,-0.2316221049777426,-0.5903475672733465,-0.08971244419984865,0.16513084900423747,1.8219839973982919,1.480359809872597,-0.38988327155963365
0,1.1166878155288833,-0.5885870663899455,-1.0141924958440511,-0.4840801699345314,-0.39112542803345196,-0.5700048032011034,1.1619620825757535,-0.891821661714675,-0.48944803851632934,-0.08248275311776845,-0.021817185331822406,0.3478456770216327,-1.78526162662461,-0.5398823014319237,-0.32448901445808676,-0.18872759874984735,-0.35029970817234424,-0.3933697885350932,1,-0.8858401938408764,0.5296467555259077,-0.837083612328585,-0.11622148116499971,-0.13144842816699087,-2.1877296274190687,1.1058566859752865,0.15070342173158768
0,0.4374576467813436,0.4556570363449961,-0.18002601888004838,0.25902728323541124,3.4422266589779698,-0.355367566907281,0.5177958388002761,-0.061361369489770334,-0.6225760779977416,0.780564190082924,-0.9059878465386867,0.3061625288528893,0.1811899289648483,-0.7919305775415071,0.146200041212462,-0.9459046276751478,-0.11272138651852118,-0.25757012029091214,2,0.07773152269093747,0.7142109780725499,-0.3712992459269738,-0.078167837322629,-0.040509408278236514,-0.3163392811514783,0.24830334760670078,0.11349394183503436
0,1.279732123148851,0.049257742874785904,1.4624739473150479,1.2932282083185371,-0.7925658728018282,-1.236608144827154,-1.1885699379470975,-0.4137733609642985,-1.1804877780327694,-0.7303234570979942,-0.49372936311439053,-0.41608943756093825,-0.6973535085968063,-1.1006230476789816,0.7995428018551437,1.0891771485644826,0.11075416359072812,-0.44198608475897444,1,-0.4371503186075019,0.011019170293096375,-0.294396796603961,0.05664540446967892,0.11874271012206689,0.375538494058074,0.4845537077111771,-0.8500504748761897
0,0.9489910149953517,0.03038647938645811,0.07386500720182626,-0.6445050836055414,-0.18221131495980353,-0.2643662573438618,-1.3035339012314044,0.4926284785062319,0.6493081660139278,-0.18790053244930932,-0.026622239091635497,-0.3251280391768251,-0.7442131594910681,-0.5328289486940919,-0.0023368324751721348,0.723212240862513,-0.2621552773075866,-0.4076338265203655,2,0.9143557059512639,-1.099812081127602,-0.7062531348166485,-0.12220636085362531,1.3429688116117608,-0.4466806757651087,-0.6336598318041852,-0.34907149223495476
0,1.376755891380979,-2.827075385532954,0.4039087298003254,1.0897561490963545,-0.16637004752071213,-0.9562186543264106,0.5816319494310965,1.5654772425168697,-0.4747744123342587,-0.435641453248589,-0.4400191593780494,-0.22337564802073367,0.9327986908307204,-0.09986679516227082,1.3261648381645306,0.6331229863432634,0.3911364469704684,-0.5151870003030967,1,0.5948999792777191,0.772475256862896,-0.49840493668621905,-0.13858845242106,-0.09132152232019539,-1.1720338596208746,0.19962957041873047,0.08788379113128761
1,1.1452123660794447,-3.7834953452853775,-0.6750279496738476,-1.0618756463596855,2.8123727112109087,0.013459949312621747,0.9011754978038724,1.2594385345569257,-1.5910047479922336,1.641779639474767,-0.37853001182292434,-0.5636499593851125,-0.7436056078634437,-0.12106911029627265,1.5981786446118809,-0.8932609957011951,-0.65175997996054,-0.3243209783316616,1,-0.44539059386423147,0.35483137584842983,0.891256736525005,-0.051463273622337984,-0.6687131169212784,-0.24306488268182658,-0.5152643747535417,-2.102735501005761
1,0.5068248430612605,-2.075034591766821,-1.1712173059568056,-3.6425159327912198,0.5795206287915871,-0.49314517912319,0.7989395766632269,-0.3797140398074086,-0.46454402704975484,2.3077570213932637,3.302310166237,0.15666203640866044,2.4853538270442486,0.5375047731424754,1.2059740749366978,-1.1540951155708628,0.17475676508698487,4.344589571092528,2,-0.565487829697381,0.033509657993828615,1.2761955052419203,0.21996924309368548,-1.0462325198695028,-0.5424695233910651,-0.4345807660307942,-1.807593176908208
0,1.7945497100828907,0.441180490008873,0.684969110882647,1.7933652454499225,-0.2562894319057477,-0.5615619168335614,0.8798434364670222,0.5119498947063091,1.193451171532899,-0.5026426166068557,-0.46612816593819045,0.16942379748333886,-1.598100259503294,-0.5424154197412342,0.8367879144322043,-0.6060601496544162,-0.5712692075958178,0.11013575943181042,2,-1.7454118658620374,-0.2539680614819992,-0.7820944154763055,-0.11316402976108712,0.8152430301777744,-1.1833448477006483,-0.21975764440985573,1.8735109489893063
0,-0.10953421170758748,0.9891027460042527,1.681937827777006,1.6286067704705476,-0.10442946713466827,-1.0926127941003296,0.7617410967665282,-1.2249026558982958,-0.04572913588234426,-0.18332517382634111,-0.08574899095625751,0.5071925575456242,-0.5303408741842737,-0.3511038416910334,-1.6250871503617779,-1.377098288547098,0.24453333563373386,-0.32475506043636493,1,-0.896920195448587,1.3531093011197701,0.16924928968251549,0.040035457059232,2.44788562638514,0.5955022195174042,0.7329739761713477,1.0716574666242435
0,1.7658139752854884,1.3565237729514332,0.6257066066704946,0.8583357591711988,1.6249520908652098,-1.123338690631174,0.930220422864106,2.147403118502459,-0.6985626021506206,0.6812394029686898,-0.39970997003340814,0.5192362518505508,0.1797134642046233,-0.40877924443221053,0.15639398539813576,0.6149810186343544,0.3514388433697637,-0.6882654245830824,1,-0.8865577373656885,-1.208327347774714,0.5600486276505534,-0.10455340137195704,0.7927541802901341,0.130577390639318,1.0115932472433566,0.031118424737070716
0,0.29698763787527827,0.47375464295916014,-0.807000382550706,-2.3721740943864047,-0.185965317751146,-1.1056656103430031,0.7124155220705156,0.12400124839955445,-1.393051890354839,0.02788719864575484,-0.014761536617699356,-0.012339770483554446,-0.8465202777572087,-0.43173885740493567,-0.6284310846715581,0.361678176642365,-0.4843925903533136,-0.3821187794006653,1,-0.7926320194959331,-1.4144867028159547,0.6186208275713367,0.24146842871046753,-0.33009892567820903,0.4422632650224358,0.831988823382802,0.9856154705549018
0,0.6347147686818496,-1.0993141400997364,-0.24423229178937014,0.35677171998631363,-0.699971081846125,-0.7490496230477464,0.9880440482779022,2.5601656059490114,-0.6796414559518384,-0.09724667850744434,-0.37204425011023695,1.019046508155591,-0.31840673322596025,1.1172440058948572,0.4044771357124217,0.5970980200985546,-0.49735812814578484,-0.5464482158052031,1,0.002860385875408128,0.1233966822648916,-0.837083612328585,0.058791824073227236,0.7958255866182388,0.45332073497175596,0.4487826214697045,0.47067841922406073
0,-0.5619965693692681,0.746886528839153,0.39153562743308123,0.19410118740242255,-0.5188679502532423,-0.644982394975363,0.9749746510587931,1.4893783800734817,2.2727301748576156,-0.28666412813351594,-0.3944604526326785,0.5871800262068658,-0.7751506112922082,-0.2349154288069445,0.3517932634323746,0.013031789061817456,0.25563525983491053,-0.24940324008889783,2,-1.0816826271836246,-0.8354542413679555,-0.20225770285401945,0.00658410500095663,-0.21316509602368675,-0.1652880198103026,-0.2843910938492742,-0.6030018420510803
0,1.239615681981205,-0.42278729067573484,-0.06353840439580583,-0.5087099194492126,-0.4255383548172154,-0.41327310156598307,1.0517208613858675,1.9899452802031492,0.17288255700539645,0.0008344707599716727,-0.1289565479488674,-0.07964958855038083,1.2057838418091593,-0.5024394833078526,-1.0199169475882492,0.3356180596740283,0.24345815417693803,0.09648225144246012,1,1.770795490410419,-0.25626242422068984,-0.19695310221310128,0.03712758942930443,-0.23634916371306308,-1.1433286020926785,0.5641568002669084,0.5003667161618364
0,0.5356230952199175,1.6041309271933368,0.36029213413579103,2.407067461336222,-0.12447559692256038,-0.09135567603327593,-0.15538330936765932,-0.7440409668022978,2.6504073833577717,-0.9593090935589783,-0.5523668782623805,-0.17908305795890855,-0.9093008334665215,-1.146215233013264,-1.0865966171964097,0.7398501721163258,0.7373730242733081,-0.5747252045390059,2,0.8140811567642786,-0.08054670219954266,-0.837083612328585,-0.13858845242106,-0.2703879824090416,0.05079928358773411,-0.8720524721991998,-1.093924299245289
0,1.3413095260722507,0.32889224471432643,0.008501175418553383,1.6996732802016363,-0.5202576844530018,-0.39010883452206896,0.6036446929271251,0.11175341741435207,-0.22353042145954244,-0.7947800085468041,0.48725930743511636,-0.31842291015208274,-1.5383355180339464,-0.990779312932199,-0.878166367010723,0.7897534963904866,-0.560243912840072,-0.5297384924269575,1,-0.5002532770767887,-0.09385110348255599,-0.7469034604366235,-0.044942115809440124,0.2263749778614395,-3.0342804409884154,0.8082209865901199,0.1827867298940401
0,-0.09949449796725737,-0.58491802680916,-0.6945279561781061,-1.803578498001752,-0.5443671458399413,-0.7690246072975856,0.6169815403541051,0.11590490098806239,-1.305059662024766,0.5160451301336747,-0.3001971821600065,0.6026169087787642,0.40486941518631575,0.3663476347425284,-0.5767366776196505,-0.6169379916641982,0.15839815584983485,-0.20415926115525274,1,-0.4621550967517861,0.17236878509335346,-0.36844984283550714,0.11460904300782768,0.4370820621590156,-1.3655467773585046,-0.04473373009639087,1.2906023427261135
0,-0.6217887999788507,-2.47393748981558,-2.26441779598568,-0.4927483397474508,3.9760611418808294,0.30523601637657294,-0.25412628047444097,-0.24671959356754747,-0.749684046764256,0.2958453026382027,-0.33433796259637316,0.3939342864373238,1.090297804630813,0.45331634108755137,0.15979569242055824,0.2353882680510665,-0.5165969171508136,-0.37063293057040275,2,1.2934937395334474,0.6090744466036188,-0.4270903555717024,-0.09092469698388363,-0.3680351526829349,-0.23128230023729904,-1.1001564077448087,-0.863474464238423
0,0.23752230962773171,0.5937677201385797,0.2197401895140046,2.020846373936424,-0.245073026616979,-0.7956543965537787,0.9467864835855074,-1.1805288726268488,-0.5388225984261543,0.0010370656091621966,-0.11689202132586354,0.08253762112173157,1.4268137512803523,0.03315134555900623,-0.32372151181303777,0.7243839455320424,0.2662168613984558,-0.23042193459957205,2,-0.48320687603141393,-1.5488298694275735,-0.28059699258320997,-0.12009518284011617,0.4448026228616748,-1.5741308455646328,-0.0484594446343575,0.09402274136422928
0,-0.6539610156285413,-1.5219930348374173,0.643427394384321,2.342084708001597,-0.114918414604611,-0.05737361239890881,0.9019614937172298,0.6054227433229816,-1.9187049804551721,0.5896447795799911,-0.35442173773589986,0.5189253706191368,-1.0325942351615174,-0.34155349445313,1.6958340092602928,0.5504639284709136,-0.5927396416500431,0.08254471189758586,1,-1.2605993660494317,-0.08952316159112828,1.4554503798497882,-0.019939677832665342,0.3495137621771709,-0.35030852217834124,0.16072893678963715,-0.8460964433441535
0,0.6643332092155344,-2.67545544045902,-0.9819883318400136,-1.048899374309435,0.6608579908838589,1.6143411724079932,0.7416150446030275,-0.11480200802232049,-2.155244496558408,0.15190811488277722,-0.1568190619935284,-0.20655096461617528,-0.7559361195461207,1.1877997722168767,-0.0005068855882983669,0.1703277596722156,-0.16987815734948425,-0.5802699202541457,1,-0.32695826633351976,0.4446411515501345,0.04337555542762306,-0.00017032548958233196,-0.446194352979539,1.6633200587254837,-0.4797432410701436,-1.7338719856510805
0,-1.7202874926789664,1.1995596217641766,1.9371073611790282,2.615785285211408,-0.5917001429796594,-0.49615007375139714,-1.6524927940848353,-0.26442566896403574,0.5452265315288647,0.3455582612232645,-0.6475206804470557,0.22505797537249894,0.2882320562638075,-0.021016446390969667,2.405437964332083,0.24795459949955756,1.3288399900764851,-0.4813826202798174,2,-0.4761163586049333,-1.29820255532271,0.41880704024624504,0.0684539724615682,-0.6316825735696994,-0.5265820439670896,-0.5934130304577794,0.06251470362510109
0,1.1015447786627741,-0.5853137534921948,0.7406738954201345,0.07526535754060637,-0.07106540654083165,-0.5220418439677894,0.7499925501406374,-0.7480405834891134,-0.9688585449428921,6.01345455810233,-0.1488629431924673,0.025418041523286805,-1.2559768388759647,-0.7052429549771353,0.9478581265536565,-1.3378814394558394,-0.4950145472534827,-0.38560264404430245,1,-0.8280954304180879,-0.21506863598298698,-0.6337666989240877,0.16095136211914252,0.1869179676227063,1.3910205188410152,0.9644725675802217,0.11831023259868731
0,0.6992035956582662,0.5968877984288486,-0.6034772211909589,1.7625890691883574,-0.5748828943090147,-0.4963783758626187,0.7464937548228024,-0.8568823578698882,-1.64331263231615,-0.01946556336852881,-0.7495384172538703,-0.015116987703947427,-0.15531843705446685,-0.5871308346383777,0.22125814301182567,0.3109529583918863,0.5231440593809977,-0.48364596744193883,1,-0.2290429511356954,-0.15662107986845644,-0.837083612328585,-0.057584533410450986,-0.34059517893451635,-0.5320720676373192,-0.3993498332821248,1.430432903340701
0,0.8053515834277611,0.10128937850941166,-3.0884464129731564,0.07756538359468768,1.9115229793913622,-0.26565480381694073,0.5064565847785358,1.1445895633143954,-0.04708036073446675,1.0048337219263945,-0.06596618331029375,1.6640377185123052,-1.355439675249197,0.6879994428649177,-0.07642540479558968,-0.41427904841501406,-0.5350114559074111,-0.08887688290924743,1,-0.5735732416891962,-0.5366954274432566,-0.837083612328585,0.029216475295549757,0.39666283427276217,1.3096764370326497,1.5151658612332444,1.1958511523231439
0,1.0488099720861965,-0.9369840113337936,-1.9541792267280838,-0.3261766301540914,-0.714496235119508,1.1577718872866747,-0.18382260351521734,1.164186181918172,-1.1703409900724793,0.5235413983054245,-0.11472807238739473,0.1695874914922995,-0.7629223444253361,1.1317244069474015,1.8757924426467065,0.4581488916890878,-0.2807070820669715,-0.04891731805127891,1,-1.2985280161791453,0.5209745571908486,0.06234670627797386,-0.13858845242106,0.47706191687894905,-2.7044314537539074,-0.15597581944913833,0.6429973687841466
0,1.0960505550831252,-2.5713555220591817,-0.24360084974865637,-0.22050420149889435,2.1613368458147306,-0.16313464060759392,0.8707535502229025,-0.09460558205232161,-0.7919718268788459,0.5632755048837073,-0.7867149120353988,-0.5034723032287527,-0.9032560937460529,-0.1797508743007852,1.9979709298205388,-1.4141157891982972,-0.4342997160486755,0.560501283754455,1,-0.6437694654249234,0.29335665434719665,-0.7024424133615367,0.030083114667511332,0.2552754578898636,0.11388150827114332,-0.004102898233141916,0.6468689735748309
0,1.568108801647021,-3.370710847281769,-2.311691123553515,-2.9996963841535838,1.0159532369072517,-0.6452333521433098,0.6966590613853997,-0.35628542538658226,-1.4791200294863363,0.8536072402330642,-0.3300030533168839,0.6203662432070081,-0.848878348212864,-0.3916682493855642,-0.5530255653596812,-0.5867898555022806,-0.65175997996054,-0.25708515780523045,1,-0.49690421040926397,-1.8704665166202017,-0.4409995101278658,-0.13858845242106,-0.7405889176839684,-0.607340644214644,-1.197092188989183,-1.2744241148047997
0,1.8961145566006912,-1.1535542623622383,0.11410059225413727,-3.235464314043522,0.4732256157045635,-0.3402880599450233,0.028205644093757476,1.0782398820550778,0.3124844617465865,1.2203216641296268,-0.13404018387640507,0.34990502038998306,-0.7466756995744463,0.656904100539631,0.3846887135692578,0.7442782963890442,-0.4283486004627729,1.0064256750510414,1,0.8492494241673542,-0.7511638394050983,0.5529666659403408,-0.07923957875118826,0.6727747204986257,0.28072670573607783,1.0417562846873605,-0.436616866018931
0,-0.08076322172310096,-0.33465996174883883,0.0448747613405443,1.202505201680701,-0.3937042113021173,-0.12583355824260756,-1.3478915617441625,0.9588140437627163,-1.5460098075845303,-0.2882975834920336,-0.2766543652908546,-0.6797448018456337,-1.025292056450232,-0.636960085923046,1.3180626819742762,1.0178198188942535,0.15366556883642604,-0.19882671326018578,2,-0.40263362582776174,0.028428416542616075,1.8971846790751528,0.037239696001876876,0.9051176448143264,0.4785424247760908,-0.8437361780533399,-0.570771909394046
0,-0.7466914519034273,-0.6702551104189634,1.4241595625353607,0.7058184877016842,-0.8570929758124746,-0.8066511144017083,0.5236168846011551,1.1193756266376582,-0.9954532942502129,0.6850837157877413,-0.05541514483685922,0.4901269685835616,-0.34750886433202655,0.2850389388726432,2.1786007950850417,0.7030486091882565,0.3573745667497338,0.007902628810175505,1,-1.0359186812637438,0.9320017612860354,0.08858792669685814,0.051740017283608164,-0.5022163600913234,0.4246646766691655,-1.0796275956398695,0.07350989109100953
0,-0.3101579224878477,-1.8010779706462927,-0.4402915171718482,-0.8414776769180872,-0.5765774141780182,-0.7501827192834684,0.5957388965220589,-0.35018796858867396,-0.9311831344256353,-0.9392146756311267,-0.5329313625375318,0.18355191539509402,-1.035949757029739,-0.26172477791209436,-1.3120367532777972,-0.7464673231303999,0.23347997409802987,0.2808239262688008,1,-0.9412794909170787,-1.0026055710482378,-0.7084379606544359,0.022031493213132025,0.9149458418458076,-3.7233298629844014,0.24568658224329684,0.5122473181698527
0,-0.1060734022411236,-0.3748132478619331,1.1158690858108613,0.4746659549345157,0.109762825589934,-0.7052845641995498,0.5282649340708698,0.1569150804899776,-1.5318152896029162,-0.2400694135591939,-0.2669998315399568,0.8921266302710902,0.3848535068192787,-0.2543420530315697,0.04723945998541579,0.2727986460985614,-0.41320469068510823,-0.11450827723465501,1,-0.6175636888719906,-1.3092302511288976,-0.7316851499069428,-0.06695599343433672,-0.359913662333731,0.4344698346723612,-0.59084588670394,1.083826580070079
0,0.8464046663366732,-0.8632813661875176,0.005694100142039894,0.7265846209280055,-0.3109624277705016,-0.35827331244044425,1.1184445173399333,0.414914587738452,-1.1591786617663977,1.5055586922372237,-0.7398197222709122,0.881169480931832,-0.8471541830583216,-0.41558085291772706,2.460364968800132,-0.20503510778082312,-0.65175997996054,-0.5285081343838243,1,-1.0922092867104118,0.10879397012968706,-0.837083612328585,-0.1114138846844355,-0.043680560433362436,-0.2897806580969414,0.5963224503811757,2.5789262795771712
0,1.163700180910896,0.27996564968796156,1.0172507290800596,-0.23766616423878018,-0.48663873353998155,-0.05099571331804861,-1.4891570148739706,-0.21882701021696552,1.0439613363801157,-0.648054160801593,-0.5715824111490504,0.36325526491642907,-0.363995662436278,-0.48472757169232533,-0.29429363920266066,-0.7269919527255757,0.6900424226566815,-0.13780513223731666,1,-0.22831401984691246,-1.0153884639904853,2.2257148681036516,-0.04160667947005509,0.4180353374838234,-0.37785404395249966,0.3966115927330883,-0.492371622922582
0,1.163757197548716,-0.1644001714295422,0.5934954130008561,0.44492527288843786,-0.9113836495601768,-0.5880447914586113,0.24617092216518022,-0.9512951896770435,-0.9355102374968528,0.9415866391578408,-0.6099263755393731,0.6199692779584428,-1.5015528586998426,-0.32364263719714037,1.6681677107328061,-1.0189388624131581,-0.1853960206580778,-0.2974996123985165,1,-0.5493875459210309,-0.03278361336397975,1.348860364954342,0.19350655479605797,0.1536138301653739,-0.4137165687604164,0.15688526506953707,0.6621940600538265
0,0.4216890002096313,-2.3523315456081293,-0.8337195335220364,-0.994005537536888,-0.6213366195929709,-0.7484391852073595,0.7152607765816759,2.8546425791192034,-0.9181677665156915,1.1983116940057745,-0.18923641608578007,0.7349066397261108,-1.2652434904379164,-0.46089758250567536,-0.8838422692005355,-0.4747625475976205,-0.49808748596819763,-0.34212841006183775,1,-1.87737378862638,-0.6385874267788716,-0.837083612328585,-0.09750543949706203,1.0625977662965698,-0.267753978791847,1.8455627292972592,0.3054327608476962
0,2.24867707487614,-2.258112042954191,-0.9783699078894512,1.2384369224603171,0.4423453815713837,1.051627844095443,1.0675190001324688,-0.76031444467265,-5.136748173133783,3.97719795333553,2.0094375814159298,0.2621225086575266,-0.7647914508480718,0.7061417488827064,0.5384258924588576,-4.0004691553589655,-0.65175997996054,-0.04994465829211722,1,-0.7271032055484505,0.208175017489609,-0.837083612328585,-0.13858845242106,-0.5722171843451147,0.24631416788100127,0.31350102452216544,-1.6798061326910059
0,0.39981797891814896,-0.07650152040928099,0.036383874923822446,-0.5026502164837439,-0.16250578884286468,-0.06831079874780066,0.47428356349769224,-0.9836590574727484,-0.549999726396258,0.7110659254724006,0.5101757192698537,0.24814799034134827,-1.039473253278892,0.4665322000533395,-0.9608590982142439,0.3390502229879051,-0.21610769384142092,-0.3653967238377966,1,0.07881918537315757,0.28672443181884055,0.06051556862347588,0.2013451488282096,0.470361266217841,0.5078744923213169,0.8663403333310875,-0.8507842415928951
0,-0.7191793575089706,-0.3095917923447581,0.5746108716056308,0.42588324944536793,0.15338745122028935,-0.5736938685307382,0.7204540891873958,0.40846414175980994,-1.5864332697836059,1.0705797938797648,0.4285211058911688,0.08264732143738762,0.758482278787765,0.821084383715553,1.063026613393754,-0.017278347324969356,-0.3151143798750721,-0.48612742606485115,2,-0.4265108763349983,-0.3633731446436632,0.306719855310612,0.07620518367156562,-0.31238104716570886,-2.3655893577219467,-1.069983250482411,-1.011950615571168
0,-0.8137656510724892,-1.2704016924189923,1.1652269682221919,1.1547211190912259,-0.45636322288003406,-0.6062183002770412,0.8462075282324623,-0.8601357065181042,-1.867643818183176,0.43119320410483175,-0.18023158977793946,0.23894975895891568,-0.6484908978246713,0.29272204283327724,1.9983679782318993,0.9200354608139337,-0.4559840328157566,-0.10225249638690134,1,-0.6656197006897251,1.2225333142350858,-0.7301735109163856,0.09485726227615536,0.9660233763570851,-0.08684809426573015,-0.5791013097768503,2.103814330689049
0,-0.583440395544664,0.9553113808375424,0.2544868758929617,1.7364482814031104,-0.5247781311928892,0.5958510263851147,-0.8155209514275268,0.325205690851824,1.0507997877250033,-0.6990678891489785,-0.7958008651535726,-0.36499323395269245,2.8887542863514053,-1.444160950133321,2.3873585481753645,-0.5241648282852622,-0.38265843605425554,0.12859300173761026,1,-0.0656780041711291,-1.6472480984442335,-0.837083612328585,-0.03879616634732476,0.8034172417817231,-0.2697027557409328,0.01911630270122533,-0.3335252760208064
0,-0.07254160850727817,0.9913580339562091,0.2543888431823173,-0.27195325055275976,-0.009442660639267242,-0.016861119317745282,0.8205138023270786,0.34309497038702175,-2.0440394614720896,-0.937014694609032,-0.27832036934327736,-0.08817108966383386,-1.5135506433205015,-0.5326343614697167,-1.3649921780005885,0.0947712609064543,0.21991755545166777,0.27119466565576844,1,-0.4663805130572454,-0.027211900544893863,-0.6606768291188067,-0.09840345655824198,0.09707910120287694,-0.08497714707208982,-0.1691009228074429,1.8247394306479148
0,2.0783395797812076,0.1302335435228153,1.439292265378362,1.3273822587379365,0.41705690337715295,-0.7206276056946306,-0.244928593517503,0.6489959427261834,-2.4969747240585747,2.0026603636579767,0.32449627722092245,0.6243454395758026,-0.24558628034455307,-0.4469540608000673,-1.797657176485,-0.150508340532315,2.398345835825156,-0.3329057619545222,1,-0.46153630771509613,0.3470339021657207,0.16713546953418185,0.010525745258920846,-0.2815242730615819,0.13860740607524558,1.9540576547415585,-2.0612309310275703
0,0.9608934679514776,-1.333986009969432,1.3921136335280604,0.5293274618592942,0.4400103078006697,-0.21794807616398104,0.5216480739816005,1.3043475387932697,-0.02283049759225575,-0.3199973949907025,0.009719223026279977,-0.07159803609837401,-0.9668153304328305,1.3561290433979334,1.9696364070279606,-0.0030282212332520125,-0.3794010427375816,-0.2896822846414872,2,0.2585604184142607,-0.44313929074907565,-0.837083612328585,-0.06821090006688107,0.22629448409571662,-0.11384749838852556,-0.32753135368230024,-0.160901141887154
0,-0.0026557176086905443,-0.6762336863884952,0.03867915920069851,0.993510302126768,0.00631568541360833,-1.0508468029763138,-0.26411190631379305,-1.0290376497252767,-1.3286510752181182,0.46144598745166343,-0.2476234142161579,-0.3764348595241354,0.1455503293856569,-0.605540754370204,-0.814653796765048,0.45219510241511346,0.1564937261613537,-0.45416396865644565,1,-0.6925036278455678,-1.6507258956071569,0.14893020805777665,-0.04572982048418989,-0.24661235719424704,-0.19250281467247055,-0.7767200569214261,-1.1427111983919016
0,-1.0245984802283234,0.2618304925852749,0.4449026183921574,1.6441013600994232,-0.44820477937879977,0.9812954836850412,0.3064505448758643,2.486630082184341,0.9503875225431613,-0.285624090231852,-0.37858219886708844,0.5296369523421418,0.8050771495985601,-0.48752156349827525,2.003487624973501,0.0397611724053956,0.18513869087645252,-0.10771798209522138,1,0.1485547485973394,-5.2084219169214565,-0.33433695808136765,0.08674257006447542,-0.4577007429057146,-0.1847371714692932,-0.6139471958706839,-0.1142979305164199
0,0.3661686017450601,0.244318007407625,-0.8501723657421836,1.7158080547018288,-0.5691003794307226,-0.36385961741341305,-0.921442063657786,0.5779666302809782,0.005715110919200184,-0.5965768464795456,0.23175855250949956,-0.3649439627457178,0.6645388579476151,-0.8751225104912943,1.3739913117550464,-1.0620103005585964,-0.04317071363366094,-0.11730339125890518,2,0.3135702931013289,-1.5156127532859176,-0.27186604479743093,-0.08662195698760208,-0.8090984218450296,-0.19185751994417757,-0.47594929920718054,0.19818367565120498
0,0.9188493830477482,-0.2890507294149962,-0.14631557140386564,1.0290106228704885,-0.6716613244971668,-0.7157230070652587,1.028687434088454,-0.14018550430336418,-1.2477514794899895,0.49550391043137915,0.8059220721764173,0.53139169823831,-1.059237708006969,-0.22376500800116902,2.4393612186573392,-0.039594970016245234,0.29316159457695623,-0.18080745102352055,1,-0.2523812237041503,-4.474037461312049,-0.6667554251938228,-0.03762759388278816,0.010858411623122621,-0.16209638867732612,0.10767315518392126,-0.18860173929736215
0,-1.062513587879959,-0.07977875375708701,0.2976007785397902,0.7127059116697223,0.15380388913359677,-0.7647774368649435,-0.6658203267662219,0.00036080578928414375,2.408064410787273,0.42922232175136554,0.35940053680701534,0.993296862437143,1.0135753911551832,0.016212941588779756,-0.3459529379799512,0.04087123257195824,1.2789083253992044,-0.5236310836838882,2,-0.3417894802355868,-0.6748878249173865,0.4533961082710649,0.2565462765325849,-0.2262798107664259,-0.19985538480199067,-0.7253605582115347,-1.0438146950601723
0,1.6506066033716642,-1.311403589775591,-1.7526422095797405,-5.491558771053562e-06,-0.4698899756125481,-0.17320050839739443,-0.5777036550104548,1.328217393573071,0.0622976816774517,-0.3739087740279398,-0.7337823300907695,-0.5290366582716051,-1.585755138965981,-0.5257204704789049,3.9485731123652936,-1.0273085086214748,-0.537498640672502,-0.34949918860410695,1,-0.06756715156653895,0.6534805168456089,-0.4835669203618466,-0.1042566993094448,4.146874482691631,0.5296679040647464,1.420705751472012,0.5555964522554624
0,1.8605091792552542,0.73547175143499,-0.12066296053209338,0.9235514949953766,-0.1377475127774393,-0.18853584208520963,0.6867348645043644,0.026373039638785734,0.4440547002916284,-0.0014525979219965346,0.5450808884070316,-0.03923473257974877,0.5084215542508856,-0.30866306701802537,-0.5926449709893971,-1.200701033938763,-0.65175997996054,-0.2685868411078074,2,0.2704015804180012,0.0792466938126244,-0.633890738121358,-0.09342453734705503,1.602840357539538,1.6569751585673516,-0.4102573463881505,-0.07837725521416804
0,0.43273994815459704,0.9077393744694082,1.1645852034739104,1.3998444579613194,-0.8090934454344677,-1.4781047143251351,-2.183004245250258,0.8196297441741163,0.39399808003422937,0.048537493100308415,-0.7138816687857821,0.888989038780128,-0.08497671068008156,-0.5950302114207671,2.2927082173803552,-1.7904284777125041,-0.10812095486342187,-0.2968503624562302,2,-1.0226452064032785,0.08514180020124762,-0.6103876631738887,0.27188552280205347,-0.25394997325376173,-1.1677127876243958,-0.273587863540534,0.7586665266635844
0,0.6811394608318401,0.6695278030370411,0.5092435971034447,-0.43494251631546077,-0.7187761226082937,-1.0240633238582428,0.4145889239644452,3.4569711851586016,-0.8879018812579493,1.1521897459201917,0.16910822134345616,0.9953658838187258,-0.603161246212984,-0.02161721367355357,3.3201303500301456,-0.25520475124449293,-0.6406906883347183,-0.72520850861303,1,0.33667417735626504,-0.1494059614116473,1.2324977569937041,0.08024628720266125,-0.05884094122587999,-0.33742195983984846,1.030520017440457,0.2327032130644206
0,-1.9458829477894648,0.7322209444085501,0.16315022794545875,1.5297141136701162,-0.32943729831025886,-0.28870228740863413,-1.373528737515019,-0.1068161099449505,0.7210715943403221,-1.0910455822269507,-0.09169125814631887,0.00470504843341473,0.6897497561173205,-1.0080537401761578,-0.01627319073939909,0.3721372589679772,-0.4212419533046887,-0.45081779991522464,2,0.7796030013336861,0.6618105026701369,-0.3590703040309101,-0.12477066078947222,0.32184693520642105,-0.16874185501905792,-0.6535578383044822,-0.21221879527805942
0,-0.827008233573884,-0.17249776860395105,0.99915299898486,0.935628390723919,-0.17584079859164956,-1.2944908096372658,-2.3053383779065193,1.6269878800536364,-0.07936447112368938,-0.32471162954063615,-0.9921993102427057,0.7550030991064223,1.1532092095011763,-1.0236986253435878,-0.04599867189570972,-1.3611765512438032,-0.45568942143184366,0.0041677085306073836,2,-0.23443240045713465,0.4415256141909959,1.561998575243143,-0.06232099990939041,-0.002938102604755105,-0.6048331668367619,-0.6099760664394946,0.24942846175613043
0,1.2757145775526606,0.4186016450790602,-0.2621557138005621,1.218218751399099,-1.0167283103239886,-1.0984628978308075,-0.12070668044761634,0.5425830278443572,0.3458027951717541,0.9855995514457528,-0.09384950598693015,0.3876567107614926,0.5119934410847475,-0.4055365846842369,-0.4828319543297364,-1.8663047216208666,0.6485575491030909,-0.06116239481464042,2,-0.49846662766659416,0.06567836410051103,0.289830265072876,0.3155786789388175,-0.5916333918704091,-0.5449606571504029,0.21451981952901156,0.6629851322132934
0,-0.13203643319001968,0.19819250118649562,1.1489377344426943,0.962250489432406,0.15632991401379573,0.23994184013609904,-0.9815525781015099,0.5046572921402661,0.2897979741867949,0.11931846889908737,-0.3131657723170179,0.49744318831957623,0.2809738535218401,-0.47715207961815914,0.3284223179651423,-0.764898418635795,-0.08977508200644582,-0.15603159738884476,2,0.3454481201789007,-0.7626477844283335,-0.4953150278771719,0.2699135744955896,-0.78872565262986,0.6030099226741387,-0.6459111064165821,0.9903811404125553
0,1.411462174731549,-3.183510335911834,-1.526825628266302,-3.0040164481414475,-0.4082615971221872,1.7927737295719142,-0.6982595688219306,2.594580877007054,-0.9396639992507265,-0.06921365875467253,-1.0798936236414156,2.031572408555424,-0.9224755298217342,-0.6674580851179154,-0.19481676532848324,-0.3163301609403357,-0.4972812140551103,0.06729659880261107,1,0.02145494196172193,-1.1046871966735856,-0.837083612328585,-0.0022749532997149158,0.45173084926172136,0.29297260823344873,2.2594673736677415,0.04143671788367387
0,0.9425566496381932,-1.1609162458610396,-2.4838129406968146,-0.14171990114142907,2.2368218815922125,0.23805185041887927,0.614768091223159,0.4637455756650907,-1.0797375520612789,-0.02358962006448123,0.940398743556875,0.24907947723214913,-0.9862805368360472,-0.46438793285356517,0.4836696396630204,-0.1152881332828399,-0.09512915095029012,-0.29226314957754146,1,-1.2811531649545476,-1.8120278643297878,-0.776173466946966,0.01630144879102252,-0.29639062493813645,-0.18457233525198696,1.6215907627352686,-1.036270289352366
0,1.132165998064735,-1.904370408061932,0.22107663768113744,-0.538929535000936,1.2714920358833002,-0.8050277259251052,0.9760560015778428,0.2132543809819959,-0.2576645008378007,0.8725367876234569,-0.1154914142658962,-0.3426033990349785,-0.342991329197821,-0.30030351812530776,0.7865256078808727,-0.6294968333582971,-0.5261772385012947,-0.1865100115058147,1,-0.5017172266121149,0.10635078645967655,-0.14192972244354018,-0.05598217616731184,2.344392585226986,-1.0829926479336134,0.7648893513562317,1.9169422020191402
0,1.1055360146287392,-0.28146263975127295,-0.8629561120789714,0.3047730231288419,-0.5790149480313164,-0.4843623176824505,0.9167189262651467,0.7977456972638111,-0.5622889817654004,0.4968483955653883,-0.6185295773429345,1.1391348369501577,-1.70587709476405,-0.7402194208963961,-0.6160782430124593,0.4726663682776052,-0.65175997996054,0.04120881140953656,1,0.5870752974586938,-0.12056610754292954,-0.1803728045059178,0.019855519527459287,-0.113962715229174,0.13304539888523897,-0.26644531335794763,0.6715969532155153
0,0.9126589451544243,-1.6188308035136794,-0.4919823598927904,0.7177730153278774,1.9417793782474821,-0.3073276252966773,0.735220959857862,-0.3957307501412548,-0.6653332000814467,-0.5390630686558011,-0.12919506575396814,0.3350116152661002,-0.02037305970349873,-0.021240364488212204,-0.479935832215669,-0.9189355209496091,-0.23900097570399773,-0.24756669130682712,1,-1.802632742383138,0.028910622543995124,1.3231549624954044,0.03657076452282898,-0.056142951131764485,-1.028531927040265,-0.2201567576244652,-0.9849228961836735
0,-1.3745739214463435,-0.7940931822930521,-1.494674676548312,-1.5530543058695316,0.8698273586505904,0.4337669385438312,-0.572237639529371,-0.031225760684948457,-1.6200848974720314,1.1887014413269814,-0.26643396809206843,0.43118432705446186,0.26263768529744325,-0.09355880652923175,-0.3571852219468236,-0.7828118300602322,1.1729898594683879,-0.22137945692114308,2,-0.5104243826931172,-0.47560709855588323,-0.2555516943475754,0.015376262625402398,0.1488891727785327,-0.39524136574187835,-0.26519880018016456,0.736974292204702
0,-0.6757547479005289,-0.18398365031771013,0.185584698686716,0.43624303767701916,-0.27698028298554983,3.2405776542377134,-2.0353021514421834,0.6738255937287918,-1.5161653187267548,-0.9683781187467492,-0.08081680601484453,0.6612262299688916,-0.4716906182421974,0.3552114573926438,1.7075488397541658,-2.8780306730564975,-0.06080539953050462,-0.19624538975302924,2,-0.8109744257717382,-5.15430640551477,-0.5149255742002694,0.0018831917481162905,-0.7329368708695075,-0.19161210602507295,-0.2534139253260147,-1.1856265543347528
0,1.1805350774021122,-0.2464104066555994,0.716191233866268,0.9650589253548054,-1.0185739793508293,-0.8201224404584716,0.8380418285909422,-0.37014338510615136,0.34300573076943025,-0.3284305641563548,-0.6490486184381845,0.20924408663322275,-0.7501103883581,-0.47355981881684095,0.4370319643849646,-1.1602808126487465,-0.5030247513594888,-0.24108277089277796,1,-0.7424150005851864,-1.4864921504021908,-0.6974073059656754,-0.01568819080454334,0.03401338210533367,0.4226065539334564,1.863886310683284,-0.28407508511699864
0,-1.0445627331834466,0.9170624780754142,0.6759272545467048,2.221524702306046,0.015576414739091882,-0.2160493552215927,-1.9028727085695554,0.433449061036733,0.20153190788740594,-0.4641047161707207,-0.8044857043009113,-0.013177444526892457,1.9266577035881465,-0.9495450410454511,0.5763334743938181,-2.1132579356111902,-0.14049037186978863,-0.3232183901765522,2,-0.17948419598839824,-0.8689348787968316,-0.023439459446646785,-0.13858845242106,-0.7390488096161358,-0.6046305102069532,-1.21975314077183,-0.33027489407782645
0,0.3935889616311282,-1.5749097629106252,-0.025752867484936326,0.5139910910791108,-0.7802675639874646,-1.2822536105663338,-0.37255691934915125,2.412068906017295,1.2254667750536155,-0.008271098025917856,-0.020545915269022164,0.23769815839920033,-0.7994593134314081,-0.6497710530051736,-0.38720825628094524,-0.17145944274789737,-0.33633972682678337,-0.013749373292781121,1,-0.31821525934485023,-0.1564192891537222,0.14110933088071043,-0.12118789599470353,-0.33842275865919436,0.05225251172814005,1.1539480460176132,0.2408023452159656
0,-0.19384557147091125,-0.6726568667213313,0.8684176913062567,0.05877117507040058,-0.9414571464782517,-0.5161629086102661,-0.14758876944952937,1.6262714311088713,-0.08622430581709722,0.8988577565208591,-0.24243585248680197,0.2606019303404055,0.3220564404849426,-0.6432049073542987,0.24354143069572154,-1.0382472152200655,0.22672483074238894,-0.039551352148484126,2,-0.7470592069290952,-0.6401023498205543,-0.4500211443526536,0.005014973720780344,0.010453274135079876,-0.5453126496755702,-0.10203841693544735,1.4147238394301052
0,2.24867707487614,-2.4113366631691386,-0.620756115828208,1.216443737215592,0.6782042797767883,-0.5519245735315113,0.7213575216185987,-0.051911349460360134,-1.0555317041382433,2.0783480812283686,1.1287162712312537,0.6628164204979137,-1.78526162662461,1.140710376897603,-1.1587061748833567,-0.3267603419639584,-0.65175997996054,-0.06277205523647011,1,-0.2573075048131844,-0.1606430342545776,-0.8070809876149379,-0.03634903532022539,1.4832238731986678,-0.308603511594141,1.1816250226086298,-1.4055620750890827
0,1.7861390544999622,0.3704575682095247,0.41757098740228604,1.0848004975547374,-0.8012974489335707,-0.5923185215394972,0.7100442257400765,2.3342760735643004,0.9035365756242121,-0.0724721438865337,0.9277599356282671,0.414647135054789,-0.3670440830680872,-0.5331753965118152,0.1433065952987045,-1.0121871745643696,-0.65175997996054,0.43154839458856353,1,-1.7201632903380455,-1.6053404606166946,-0.837083612328585,-0.05402844470903376,0.03102022852008024,0.2544576643570685,0.6445331966822073,-0.2156469614074612
0,1.3494865222456096,-3.6398830320511832,-0.9416954156311287,-1.275183877140321,0.3307562893092666,-0.08846974647766655,0.581321007155468,-2.0987026462628915,-0.9773120623201624,1.9406128410979888,0.6779527972479023,-0.7893081952661699,-1.2799113697054536,-0.19177390150397086,0.6072642649802775,-0.13890537601017006,-0.6495450254912132,0.6440942134620269,1,-0.08505597805001486,0.42898302206069194,-0.764570678922998,-0.10156548654736816,0.13032785902052454,-0.8686387881752446,0.27913562902733335,-1.235282120682833
0,1.6416249578865192,-0.3550469687047848,1.378793547398418,-0.21988912721494103,-0.43965742689809123,-0.4329695396520905,0.7611437068102939,0.709301217364749,0.2518653188345634,-0.5650223457787477,-0.5557474315626417,0.9547072194648726,-0.5717232863590685,0.33998338475548806,-0.2364228782284096,-1.1605530419366832,-0.1273832181572636,-0.21257129864535945,2,-1.0164100175157726,0.258160435431238,-0.8075414432278878,0.09091469198779384,-0.10154168902734095,-0.003604277228158481,-0.1938435399007178,0.9917259098593092
0,-1.2302150889350247,0.8568407831820408,1.3714237028068434,1.8700902433571196,-0.5007062287640377,-1.1884156979084959,0.9437623698192121,0.4014700004741721,0.6803862796291287,-0.4561487274920846,-0.36631678603849166,-0.5443576941786336,-0.6999309163037563,-0.8511148858572832,-0.023728716833469915,0.19990745622928885,0.07978842940629344,-0.14663970781275737,1,0.5330594397004698,-1.2130021685138694,-0.6246827305030056,0.18413523030445417,-0.1708018042452627,0.5373341009481521,-0.44983095133831313,1.3776516850069158
0,0.4127530364565649,-0.3793856426138197,-0.9425387773160941,2.533420138151126,-0.05613507149811919,-0.5760539377385017,0.7560403561316733,0.7651926264157166,-2.444959963735474,-0.49420049814334277,0.89996969959961,-0.17180021079058355,-1.498788394169191,0.008810823121521899,-0.7153553136696535,0.4390077050224066,0.21865249633047398,-0.41729077895977124,1,-1.87737378862638,-0.8270895637234322,-0.7443972821331704,0.05443461273525464,0.4401850534138679,0.715489276283623,0.7493537306514413,-0.0009688963236491044
0,-0.08198982355806256,0.23991011448235888,1.388105907949008,1.775872004088629,-0.36682925120125687,-0.22665066799782763,0.0789167336938027,1.4994826607960803,0.14082042548998353,0.2141294392679936,-0.46406783394699136,0.338650762845755,-0.3701440888454617,-0.5929937143468644,3.7792298756063,-0.46543957233739497,0.3800123438607329,-0.29853324466207104,2,0.568042821120534,0.5864448403321574,0.23900826990528057,-0.06361334316927646,-1.09095311408826,0.11675181660206546,-0.8896214830113369,0.6215449189560166
0,0.0671682391639874,-1.4757168482080067,-1.5249494548560876,1.4353542120966978,2.0368500069839306,-0.37262069939008197,1.401385692372759,-1.1039559984469305,-1.7842459594615596,0.8464906297074363,0.9911387880287532,-0.37131363984797494,3.5639447729351836,0.6971054909903315,0.03563395287200674,1.1556086288352758,0.3819184946456668,-0.27493860473012816,2,0.7156563455838779,0.12502286719417174,-0.19073352652738235,-0.13858845242106,-0.857029334883772,-0.8310577161564211,-1.21975314077183,0.7992763522971034
0,1.4681343559605575,-0.9816793394073104,-0.5001048253547167,0.09041257622492982,-0.31602192941326596,-1.2532824716018953,0.503246212462991,-0.5578443641382594,-1.7379212033958233,1.0504040249190687,-0.1899466926267675,0.5979891882409483,-1.5825331765548427,-0.5990666222228406,0.10893607999465416,-0.39168595711334886,-0.65175997996054,-0.2691958973959127,1,-0.50649061987569,0.5155171260779976,0.039469510453882695,-0.09957292417326508,0.9289439296283727,1.0183947558891964,1.3789209506221485,-0.1383772574685975
0,0.5651437417811914,-2.4162278127653942,-0.5354364053238856,0.3209698259074287,0.17212067939436324,-0.17652332578944585,0.5232362882702398,-0.22627188243435836,-0.9626212576079606,0.17148010488175194,0.911452426115768,0.7929909305491918,0.1566716476823672,-0.09802279574183373,-0.13832757471951407,0.9650612251258861,-0.65175997996054,-0.3152871280823024,1,3.3013305896394725,-0.5518698364965103,-0.837083612328585,-0.058999428167152444,1.9438057120761671,0.12879538720431397,4.7677397701846065,0.1254791346530821
0,0.18674649212854832,-1.2844639588880717,-0.683892852597022,-0.23596999743370467,0.469387788270786,3.8893127730250807,-1.2222847844491163,1.6381913597781212,-0.9204338109797034,0.21797113161669868,0.9861327431317131,-0.37004849757059327,3.402271811119401,0.5857772323191625,-0.012468206082274058,0.7364564021532962,-0.03140885295454818,-0.31390828363660633,2,-0.2707187432655207,-1.6914566178407213,-0.7951650331582933,0.004877077700131072,0.298367728625739,0.24440506163791922,-0.21475326974759426,-1.1776948231441282
0,0.4584638766778872,0.05067540994201572,-0.42791548009662417,1.7151949087502951,0.3425398902747122,-0.3082501543034439,0.6122865835420197,1.2083299287053484,0.29198847042130327,-0.06354337790737545,-0.09228816185029115,0.9393192660536285,1.01425302259387,0.9812692959779665,-0.46944164104813535,-0.2588879429471629,-0.42924509167956754,-0.16528519739060857,2,-1.87737378862638,-0.27149029534277647,-0.13747581137517867,-0.021041035989969994,0.0558900837029854,0.24382479126557174,0.1744504871189603,-0.7947114916136332
0,-0.2802140079413865,-0.050195705756504644,-2.2595119682329368,-1.1822075000521932,-0.02095486008500247,-0.12473518281249191,0.6095304489769189,2.487632180463129,0.25732329882372,-0.1312045943897657,-0.4062617955992811,0.17688676264033892,-0.9618974199134374,-0.4393878064202702,-1.0898556283820833,0.32668601957395216,0.8904942979927071,-0.28068050609569933,1,-1.87737378862638,-1.1511092629040183,-0.654537718501531,0.24189887411686004,0.42627774144014074,-1.6897123955950097,0.6236969694947371,-0.5097710543191623
0,-0.6708888263282604,0.1623931139302618,0.4905044314417452,1.2068719236068137,0.9122433111973374,-0.9363497551299095,-1.6091368203231262,-0.6254783274317934,-0.390339530057971,0.013629898877779323,-0.00991697151991644,0.8998587027885632,1.5257861802138195,0.7064320080389206,-0.26229837141797063,-2.8200727820987272,-0.5221828302268006,-0.13770821080090864,2,0.19497904679025996,0.1722259929105673,-0.3934376807206313,0.0009917312190118321,-1.09095311408826,0.32747904710322673,-0.8104712941958059,0.6541203021526615
0,0.9951152802266015,-3.549516254986978,-1.5234444295270766,-0.43823508700508307,2.6857415285776014,0.5774206367842571,-0.1643445314314944,0.2965902255771555,-0.9925417095018709,0.21193609125828325,0.6518937203005063,0.5542924203672421,-1.6214109315920728,1.2381928267076667,-0.7863351083465226,-0.6721252541191823,-0.4360895392559655,0.7982711183095361,1,-0.6198190838484703,0.6613075443606801,1.2919745034673928,-0.053020174098546355,0.33143049034228456,-0.8856351810738305,1.0871375540315762,-0.9743951136187088
0,0.1464124877882091,0.9404750372875993,0.7645572948027949,0.94200706658207,-0.2282280472095469,-0.6625087497823077,-1.0429566629283689,2.3437962295135297,-1.883558716777776,-0.01344445434203112,0.352456677081171,-0.0900603648629919,0.6348375778067608,-0.6418447623468277,2.5118439462359197,-0.674879589844208,-0.04503062497818491,-0.309516802353429,2,-0.4598393111347083,0.04621825258075041,-0.016067487098045896,0.07422912482087249,-0.7153793864587865,-2.069661494729749,-0.1616704913642076,-0.25452438167302205
0,0.9959406933757186,-2.728899220282299,-0.6001928327836514,-0.38288398403388835,2.967481500693641,0.025051802554222014,-1.220779997055177,0.8810816099911496,-1.7867477054044358,0.6609598159265512,0.1425088272000466,0.5254675309008289,0.6464917946437773,-0.416363604178296,1.3992442667237222,-0.4120896024738223,-0.5765398825409005,-0.09760472703436934,2,-0.4849104415223958,0.313911388728981,-0.837083612328585,0.04437627174859911,-0.8340115077209174,-0.570758250246978,0.528046875931046,0.021714154003337816
0,-0.1366302052345545,0.4447824584952049,-0.16226669382342906,1.3676241191684573,-0.08851225007889302,0.28923209723696425,0.7085222987231655,-0.48990528608010714,-0.1302479858427804,-0.4025913363124576,-0.6945162561364051,-0.7167981148831566,1.009163414389883,-1.2218877325168833,1.5238677519794988,-1.4029494587242328,-0.38585634402516145,-0.1244380965241075,2,-0.7303962004348288,-0.6628743261571862,0.13161721654323505,-0.13858845242106,-0.7733968856995757,-2.2410911171875973,-0.5626931845233918,-0.39974723759281827
0,-0.8181346356409256,0.4521440448505928,0.4670183724556589,1.4963386328090253,-0.31678349536291367,-0.10028181384784529,-0.06321746069460649,3.1052696450660315,0.18908868987613725,-0.07069100533149242,-0.5669927212887145,-0.22831682878494963,1.2374725594593168,-0.4097662231888366,-0.2889743453543732,1.2474757183686942,0.05743075182194366,-0.16755319498267185,2,-0.577745042622029,-0.7239765097586031,-0.4695171436720698,0.044138831128148294,-0.3063060185495303,-0.1915504791923759,-0.013220177812449496,-0.5264103355037402
0,0.9925691120058373,-0.6001995735203776,0.005089128496496342,-0.05089579814681594,0.09074622556055005,0.49404549828549427,0.8339483283712665,0.02728023955682246,-1.0335633591206164,0.31756516870528806,-0.7482291313853466,-0.18981251521910247,-0.6353651036303842,0.36815660263422495,3.280014016937515,-0.8121513741420052,0.08128069793057477,-0.03275871749634902,1,-0.26512625476536955,0.33493328531401906,3.195460096175018,0.13724753033461728,0.4336135864851996,-0.3724355831119346,0.2996120092480635,-1.4414945747950627
0,-0.056895203010659146,0.32809728750067807,1.6341729298191296,2.2173824563565816,-0.45523978574604884,-0.1577428784847697,0.48156000772908264,0.9723713554880626,0.015188106892635278,0.3493413904525831,0.017552920943381622,-1.0510095420966796,0.05321905613495244,0.12992305268261783,0.21351314932266952,0.1960250476805177,0.49652638485633555,-0.5327778047522507,1,-0.6235160385792085,-0.7716011017666985,0.07094209335191343,0.019287480827684333,0.038636443444109436,-0.19147040626542167,1.2830833213347486,-0.2421312464175787
0,-2.622195131213577,0.9460643219928235,-0.18445996533080458,2.0655859276340203,-0.31055416119989965,0.8374611064634405,-1.2834843094862418,-0.009735434851563474,-0.29229522168990874,-0.7474636833945372,-0.15586364277553127,0.6341290111938573,0.8762286168094919,-0.8499520293668927,-0.3028115807848782,0.38409034212279347,0.11100864734488416,-0.5542243283398081,2,-0.2835351633110073,-1.573268363248926,-0.5083150630183374,0.001804286132253724,-1.0411538853784785,-0.09849292848505273,0.40490339254429797,-0.33037409119459216
0,1.1302312045764413,1.0045866596000042,0.8261309616227355,0.10825154647399016,-0.5311793925166178,-0.7407714397190026,0.5345333638909762,-0.4659040185767595,-1.3231565370543574,0.4545349208769177,0.4470471684696942,1.8085246857802977,-0.6319761347728132,0.24036921919262344,0.25448011917055235,0.09700966133709865,0.005853433340871406,-0.22497237729517566,1,-1.87737378862638,-2.6702691653441573,-0.837083612328585,0.030150882375488394,0.3167342445302292,-0.04888191353114703,-0.48007727356623353,0.28580664494986774
0,0.02907632592619591,-0.38662418950308,0.3679176850727161,0.12720633263574907,0.8493546343013154,0.21391134182969923,0.846815791205636,0.2895049389861748,1.4104119167964306,0.3004654435879244,-0.5469026024410224,-0.07844424003072192,-1.3248051896942277,0.2137143147953989,-0.04330251034829785,-0.05120478707823106,1.333787110967052,-0.14693246901839746,2,-1.312737646744105,-1.8159089695121167,0.4541008480259708,0.0718126503717251,0.09685240841924342,-1.330666877799211,0.7771802620133178,-0.47956235913368106
0,0.35197120104128665,0.2190005305681631,1.6747914661874161,-1.337275047405252,-0.20451313989371578,1.0184474477265772,-2.58918649994163,-0.5013587102489524,0.7350775109028012,0.48573666211122635,-0.5373333625158835,0.3307278205553533,0.21183535657270236,-0.3703591942603167,0.04501880658270929,0.7112350641148003,-0.4209708876379137,-0.4359477038676912,2,-0.10017584710734415,-4.18611612225344,-0.21998660824058375,-0.02369900726099793,-0.3284382944051452,-0.42974867043377396,-0.34317471072676664,-0.8071189337037681
0,1.7504492571024817,-0.21522842776341822,0.3025695018791892,-0.20392960588114903,-0.18487817054133293,-0.014293335176918803,0.6085684569847905,-0.3371598332392568,0.011702068913156394,0.2301604400072238,0.38752864096665435,0.6842951089755501,-1.3733586233831085,0.5680902413321037,-0.205224757830483,-1.5937453306812215,-0.6320707939900084,0.07978781910758942,1,0.9285662606227069,-0.291709060696941,4.477106489375219,-0.016172646377753744,0.8802278939528739,-0.15731937555792228,1.1725038665665213,-1.0607599324889239
0,0.06261680679665427,1.4675671840990245,0.5727004093989552,1.6775627119197116,-0.42445694431336356,-0.6425078528114229,-0.08420948057537614,-0.5549435579330483,0.07370768118303606,0.2417637303977443,-0.5620179880129786,0.4743409884142795,0.14967593791355804,-0.7970102176648739,1.280538529846824,0.37795399724929596,-0.3423192089683585,-0.5875413576972325,2,1.124150897624245,0.621610414281116,-0.5817711027026211,-0.1348821055808921,-0.8916301641546245,-0.49412848244468555,-0.4683198694297491,0.1476084111708229
0,-0.09464293028920553,0.4156939586759599,0.983840377951422,0.3116423926307088,-0.1596002667324138,-0.5378352368783346,-1.2720610322129264,-0.8729139281561793,-0.25190312802655207,0.056217351055467935,-0.3867226291034316,0.31267385469467746,0.6516050352423932,-0.22824165420586534,0.3684218045992159,0.12361863807267137,0.12641675199008992,-0.32911062883328124,2,0.13554444791726838,-0.23893539974118103,0.37823534234381206,-0.0525915264525076,-0.15603229490838705,-0.5935191791585004,-1.1953261797033323,0.7519588183223116
0,-0.5308763534052212,0.6388194344643316,1.0117428860688458,1.1584683867238652,-0.9085183704428943,-1.004572287947778,1.9914924802986311,0.8749235385466574,-1.8226322378569015,-0.28614840587777546,-0.6145004770172722,-0.7372688091685515,-0.2536320133203298,-1.1530253983968168,0.6675635948534409,-0.03867894133320943,0.07310613630791923,-0.31290715552833587,1,-1.87737378862638,-0.38286420979874747,0.04846370489170826,0.07167389997672238,-0.4109540722910223,-0.14074053038317152,0.28030180125363113,-0.10583121997352957
0,1.0873526187953169,0.5019444644450426,0.9376004758711515,2.6506262423881983,-0.2974323772116519,-0.11018380998657669,-0.33428493525331093,-1.9482183973639733,0.694963262429676,-0.16724074277086884,-0.6514435543325567,0.591220778642966,-0.09465349645878729,0.02095377661050929,0.4266698052462601,-0.23001157999954958,0.6603988038084073,-0.15161186295326334,2,0.5159170714701388,0.7650320057976584,0.5872548080695904,-0.040831407524322974,-0.9989740824998986,0.4655815168825462,-1.0888467322736741,-1.1045238222039306
0,-1.4043408062468035,-1.0340425275754963,-0.8419336662425667,1.4366670143500317,-0.8532930716537982,-0.5153565760215968,1.1260229814928937,-0.790846895222301,-0.07090464217225434,0.15598023957831453,0.09745718004846851,0.20072560269088396,0.0653884531365938,-0.3378784326934561,-0.3386826291954157,-0.059217391860349244,0.9748789942759414,-0.34362853801674026,2,2.5450310615641563,0.4213026498614547,0.2532618402655935,-0.12460455802030744,-1.09095311408826,-0.3241156889513021,-0.6802510787398408,0.14574912394847406
0,1.5453973135125054,-0.15906607890828078,0.114622939671566,-0.4206298199865335,-0.5677972072864378,-0.5280484915097842,1.04747519623665,1.6730015729868586,0.6391404597658201,0.3979106795218874,0.5668805385275973,0.4078663612993617,-0.6315319056188405,-0.36125005129718124,-0.33062535578740443,-5.101822008958935,0.40353941212804123,0.1949988896445091,1,-0.5887991113008734,-0.2860077776758516,3.6098843862563985,0.003818052209865891,-0.0033727251343294573,1.143544764367431,1.5260229073142026,1.0011817912292569
0,-0.6710619515750986,-0.4711426025268731,1.2425332686796062,1.138988927898384,-0.08108150407093068,-0.47934274097129415,-1.8801829452717178,1.5383628892279049,0.6628421515171479,-0.09833857441882587,-0.6747211634937168,-0.30622104617562285,1.1842779127628433,0.33890408331604593,1.3334224454416654,-0.7576549526177893,-0.22968248637167019,-0.07771236647960456,1,0.18201149495293684,-0.3415253074764585,-0.41008658523792446,0.01686528523471821,-0.4831529674529048,0.06068964505595334,-0.3611680031395995,1.3088710563964652
0,2.24867707487614,1.1433005941355008,-1.0117382062106923,-1.811898695072353,-0.7118139165612766,-0.8110362085189287,0.5688275602340144,1.9520626566675126,-0.307676689839355,0.7612424386579019,-0.6483498372237193,0.02837285972127765,-1.7023516485999834,0.5261587079939762,-2.3422290446529255,-0.36680190353270975,-0.42602436111011,-0.29809067349884244,1,-0.7242534311181924,-1.2378711527200832,0.04113008268096913,-0.11340048753043078,1.767591840124279,-1.0688488602540733,1.4887317065107148,0.40936832837283954
0,-0.6248719431725268,0.1796018426482479,1.2184203249205443,1.2922403557070212,-1.0214622121061632,-0.006178882441930211,-1.4614134753699826,-0.21612124480017902,-0.2932433723606178,0.0732324464559837,-0.6805595138948733,0.07518794809705576,1.239746607641174,-0.32701540019900116,1.3356092625125384,-0.5220764007687494,-0.37787281042702536,-0.2702136846701003,2,0.3476054144015932,-1.5719592049362203,-0.837083612328585,-0.07823286945050026,0.26245984419487944,0.20417861276982374,-0.9643691116571101,0.7525984013405888
0,-0.6541912254615533,-1.031999441755159,0.8882972843003133,1.1459796085057747,0.11982553954079622,-0.6459301137619138,0.9068379128724304,-0.9259954934839787,-1.5996978159402486,-0.31109027399563144,-0.6612452315434101,-0.1963105749190534,0.9005236142008368,-0.4505584987446938,0.2707148281002877,-0.08957005949002994,-0.13638108928116505,-0.12495191056498905,2,-0.2475924833675078,-5.0632018768548726,-0.773407082568003,-0.017462213712078394,-0.7497852473046918,-0.03948791003651264,-0.5302944145221526,0.6803722734307259
0,-0.10548485585212747,0.04606330436479211,0.6644959171451753,0.7924832295326943,-0.293470944508781,-1.165937927001747,0.5697919679623207,-1.8879280063247785,-0.4810702657709889,0.11841533868620904,0.21318463692899411,-0.15483204693775338,-0.6358444646872934,-0.6900300262168731,0.41038016194947535,0.1338653704242595,-0.3127885023581151,-0.20497410283333437,1,0.09490332571774535,-0.07148422655132378,0.423094631531552,0.0074449599421102935,-0.9935690182875413,0.06909492279606189,-1.1999600423108516,-1.264753114183217
0,0.757649537674048,0.9209503461059115,1.046907861716871,0.06525863514190373,0.2794175159187616,0.3665261077998105,0.5826608767117747,2.693667183836808,-1.9321465017691772,-0.276400108548671,-0.15452257873511382,-0.2698010869567641,0.1040160624921036,-0.22875767758551985,0.21583495378136863,-0.34551822476496513,0.17521247029572062,-0.0957622951939221,2,0.6928555190647966,-0.06186110446428006,-0.837083612328585,0.01160901599472769,0.6171572130832279,0.46484292597041366,-0.45664802231685137,0.3733884869942105
0,1.3586862484403803,-0.7809322484926307,-1.2103472492235943,0.8719118972811363,1.6248849457241867,-1.199999088193529,0.36588800001394456,-0.003969711609381643,-0.4462821170523951,-0.25097071408826976,0.3505969489385101,2.1485983874736156,-1.3134704430941133,0.5453493155832615,-0.3834767872228889,1.040923018225799,-0.5774310381127379,-0.24220039140488242,1,-1.87737378862638,-0.20560402660917843,-0.7138413412661556,0.02344227470488742,0.5707520036262976,-1.1262665434769925,-0.23322965547645497,-0.28466364359926905
0,0.7853234960397273,0.19283141785527846,0.22555143132631655,0.07661255398899736,-0.5897306177195819,-1.4242693570333105,0.47244550566230337,-0.4060734811295736,-1.2823899453027954,0.8977435408957142,-0.43251417608524106,0.2992308659097731,-1.5575080575080062,-0.4170316107101373,1.2719989202582886,-1.741252214756136,0.34961632402665754,-0.5445198211706784,1,-0.15230946844855484,0.4364946737514267,3.516516118299551,0.006709172748906096,0.07538472032743557,-0.011458350077702767,-0.03322299813033361,0.587815452902938
0,0.2714196307093041,0.6726466729196123,0.39498911176355994,1.5026991699168675,-0.05744816924721785,-0.855832788531778,0.16968986241555534,-0.945103283444756,0.04657296525127752,-0.2079939124366884,-0.2029903861199565,2.200983013184701,0.1701528924727797,-0.7126797189487781,-0.4950615586822398,-0.5867605590449705,0.5027722647006558,0.04287326392133506,2,0.10107074936069055,-0.3766444174781347,0.24316763956632562,-0.13858845242106,-0.5025694904566081,0.2727178670191718,-0.5642825652024673,0.5361076168215233
0,-0.05128087517101704,0.41827927409498017,-0.16488764975054612,1.6310949087714135,-0.49539161204227716,-0.7517152486824074,-0.6368835803978011,0.8070449075136072,0.7766616723987438,-0.07884130568965136,-0.24533448800608745,0.6027838238937779,0.7149596188892964,0.13499912818564574,0.5546836879848263,0.40769756439641147,-0.5069297292279703,-0.3922607374517184,2,-1.0486543796655992,-0.8623604681307253,-0.5302956405522103,-0.03199618785028784,-0.23327464968861097,-1.7992385756050684,-0.7210931831271538,0.7853611391279031
0,0.23294111574537943,-2.186273628162604,1.3651503293519136,1.4756859605952382,0.630691858502064,-0.14832715872406904,-0.6202518948485944,-0.37609836593266227,-1.698049944751442,-0.17896383970249805,-0.1468181123031663,-0.7138219184565318,-0.22440194533539215,-0.7388332786012135,0.29133451662101534,1.8789110501242825,0.120479906819316,-0.36201080606386216,1,-0.3361165781191061,0.03918694851549143,0.30269771336396634,-0.016471389445665938,-0.4576272902982622,0.021828847693132425,0.6642151185250216,-0.885081642951151
0,0.7785338443057437,-0.6499954212069221,0.5235527748698382,0.3265861502083394,-0.7561242134655075,-0.5334783697899956,0.6931199814351078,2.700819162649211,0.25039657006874094,-0.21125179493252857,-0.41948272710512036,0.5128148397944402,-0.7428811778101938,-0.0854254490640293,4.53622087412953,-0.2113610191501185,-0.5836775954242617,-0.44355755228809063,1,-0.954416715103974,0.0645004614035194,-0.6538594534703879,-0.02965931419391304,0.937229285271403,0.5844518845564339,0.8533313149067365,0.2336773014308394
0,-0.5499766206060297,-0.0004548854534319746,0.16918390088607624,0.6614306954124227,-0.412044268757905,-0.714045947277851,0.49864527539762504,0.20365196541337538,-1.3640974483622246,-0.24298445606356245,0.056142808484563544,0.913245567730743,0.1730038858956977,0.19838296871534022,0.2948474348044066,-0.6109130997673378,-0.14689700498650377,0.05625491655650833,1,-0.7831408728489786,-2.755836897003815,0.8562602615549616,0.24810333486800942,-0.46751531148249775,-0.5037538283847607,0.2820974980952715,0.05332976689856586
0,2.19065920835837,1.387859166925418,-1.46279216070851,-0.7873013415968768,-0.14032273268431283,0.13931371388837743,0.7686087525905296,3.009460711163353,-1.054589283817445,0.33531808271127084,-0.5547758206879869,0.2324621423995262,-1.6553732272999364,-0.2009699429414301,-0.03702563369712164,0.5278264432779312,-0.65175997996054,-0.2315183071897109,1,0.055997184067313355,-2.199489524304886,-0.837083612328585,0.03041032105879174,0.3360268713986845,-0.9937210140788026,0.8159252617881699,-0.5126385096840315
0,2.148808448998287,-0.4101344569760334,1.5490476881598052,0.7872723172353332,-0.6514831013981766,-0.4448330532739934,0.9250960292718993,1.2207878186691634,-1.1811921275022506,0.18205125323656307,-0.46606309505283433,0.5213352447929435,-1.5720085568358915,-0.7093876740498951,2.03373824904176,-0.7299974769989599,1.678825039246124,-0.13011777365287758,1,-0.7717094316779256,0.18777218911314486,0.35912601759438223,0.22594513866511887,0.15257110435183224,0.31261447165645445,1.760378985867411,-0.5153292877506329
0,0.1620409815851935,0.39132378735015166,-0.5957288952567367,-1.3546549235091891,0.23752920452145732,-0.7056482384623173,-1.1582630954280702,-0.0637445202614505,-0.15545136221444827,-0.07043861563343551,-0.3911322168820559,0.2737929036125238,1.0216957971854261,-0.5820226681037401,-0.20030101324261812,-0.504173010307463,-0.14079122402933691,0.058330915876579424,2,-0.8010971128464092,0.24776391384071517,1.2478749849664368,0.17022194932840506,-0.41117733677960344,-0.01921554988644214,-0.7210743896637525,-0.29651310421198585
0,1.298167229181631,0.46533349515860467,0.1721851228557732,1.3277873454757159,-0.6309971773911961,-0.3039725296534819,-0.3995884284923812,1.9310003237669795,0.03359600219948855,-0.8540905811559374,-0.16339621369054985,0.5147809094889945,1.4996985903011424,0.3854931140228228,0.6529603911441653,-0.05034209797404174,-0.65175997996054,0.3117431487661683,1,-0.6901826422433045,0.37380074850454914,0.7220896077929807,-0.13831413368746054,0.080781086776367,-0.41529489052854707,-1.1856277934322335,0.2524147273092414
0,-0.6310735058339078,0.4570282161418478,1.432658783154599,0.5978679456189535,0.04930251253489454,-0.15761414935500062,-1.3375961079883094,2.244176138764233,0.2530164503720481,-0.5089274937047696,-1.0201694999157174,0.5208646246225936,-0.13943921362877332,-0.6678780921090661,-0.23228265098691045,0.1748921930928129,0.39153569840663793,0.16007233382206007,2,-0.5163661426813249,-0.8118708903950388,-0.390565888166893,-0.009380911596015354,0.4776311300484778,-0.5691071792222178,0.05687086523662668,-0.9229902048437865
0,1.4045365487646557,-0.8051344183229322,-0.41569155554046117,-1.4526561308533088,4.4539707335640255,-0.38330217282466567,0.6355962511530318,-0.9334084328025771,-2.0594775610411373,-0.16917350573766898,0.3397187856328861,0.6342795673915621,-0.7527345300953002,0.024349677078601417,0.1536598150314139,-0.39588272743189357,-0.6384716618922357,-0.3692395710898428,1,-1.87737378862638,-1.9290764716672775,-0.36467508418573535,-0.023981286218683905,0.057376877356685396,1.2407586724665998,0.39111088232627533,2.909793689510532
0,0.5260700411653426,-0.6266258139620895,0.4294331492382493,-0.5112883183777552,1.138111065937332,0.2110127678443296,0.6489000012310634,-0.8312331332992178,-1.0428398324895176,3.5410062798779656,0.14791792295119463,-0.48484155477930463,-0.5282635247411345,2.030937917444378,1.3037699841033845,0.24903081714010195,-0.09367104133780946,0.09552328539719201,1,-0.38332795878188597,-0.442418575545666,-0.6692072251085791,0.1994536356889836,-0.6739948601742114,-2.3173327895851585,-0.4739499749639272,-0.5922827756393825
0,-0.027617876853323564,-1.329543231302491,-0.08007316465157777,0.5578179787432027,0.35040355241885224,-1.0897377837591322,-1.894249656312808,-1.626845072198404,0.15345613234057232,-0.011424390897203957,0.20438815263787374,0.44589217203399184,-1.4592678909659342,-0.7940536353201597,-0.9804032606979112,0.4590605849641504,-0.5262760007757609,-0.12856181355358667,2,-0.5638902287187024,0.14827273010152892,-0.14485236929372053,-0.08592846448924388,-0.2802855651406411,-0.5979814437567399,-0.8290416979064527,-0.10475769180946805
0,0.2992694212170216,0.4522147460230618,0.025430282018268968,2.518917714445087,1.1969652578621692,0.524385224147353,0.7951034890031063,0.5645742643675498,-2.7547073491902836,1.3551674633198991,0.4629838885503791,-1.0377171801651095,0.5897948846529621,0.44438411659250765,-0.05916709494780714,1.137892120878302,0.24819259654687345,-0.41807882709509253,1,-0.5548797100631251,-1.3253472957797137,-0.5874334337488373,0.02760047999991118,-0.4150259521299914,0.7670424167962298,-0.4343457832928617,-1.4739731416127235
0,0.21462420976431715,-1.2350404432417212,1.1256815402432168,1.306701142650149,-0.578527729107457,-1.464908544012238,0.784848940199743,0.19649817492319538,-0.312634706923721,-0.5251361817137468,-0.40682467541314016,-0.8826180327071749,-1.0358552672502417,-0.36528587055224304,0.6118963147893154,-1.5296258651072927,-0.15346021845626462,-0.35307170825259215,1,-0.6224612409895927,-1.332273925317561,-0.540362229751033,-0.09130173871476671,0.8047044568207761,0.4178562167344512,-0.02778439402485744,-0.4708584033181876
0,0.18891546143952298,-0.20796404709793614,-2.126089771014821,0.863273577632481,0.575411650510333,-0.30434583681693794,0.9506846001211011,0.5489532413284685,-0.46196952270379416,0.39846333676745416,0.5257855329073132,0.25962039915179247,0.1041599637680074,0.046931100546966004,0.6325447580346282,-0.05243505703647089,-0.48960574728933093,1.5066417555340639,2,-0.5089186537124337,0.8304433215618106,-0.41035430802390216,-0.05033756777367798,0.05941143971316265,0.04894409721294779,1.3374212655484365,0.18484570584557122
0,0.6550010441095442,-2.0344200388059472,-1.7204403705147178,0.6155166682625325,1.4950657754868648,3.452729027356532,0.9271174890925901,0.4167377297594937,-1.3182616709651986,0.25078275113938997,-0.4879224314263937,0.25543908683237776,0.26757257251512656,0.18238488347905618,-0.5500410343122005,0.7150444370481415,-0.47941871314709894,0.043857823804720364,1,1.4064026484900505,-0.9956369875189807,-0.8034677084150211,-0.10038726634174622,0.14579305837618683,1.0622157771423302,0.5941732148011233,-0.6311378788080197
0,1.2684286841355152,-0.5424927973443177,2.0331653070512314,-0.3078023186730451,-0.4975427426665925,-1.1108094065920788,0.8097618278766747,0.19189185003607262,-2.5214190823996985,1.5128096613057922,-0.5448501498821663,1.392239958404541,-1.2572163937116094,0.8829453266446433,0.9227690318040547,0.03599321868303196,0.6597901702617323,0.19310528999187285,1,-0.509207419006114,-0.09168828864155863,1.3179400609052063,0.048625835422625496,0.7972130714080307,-0.24291478653090098,3.1731852357524346,0.46273436305742477
0,-0.12556130312276925,1.3205777152234468,0.6750817732129231,0.8462123503420564,-0.5136747179495547,-0.05323469873202408,-1.8984729712001012,-0.1544312886524809,-0.3981590625518921,-0.47243786777692276,-0.08019689961431602,-0.19714118427502825,-0.1253592524273901,-0.6462971740613003,0.1809713870052696,-0.9088452507851428,0.06534340718267723,-0.45752418511866594,1,-0.1631183837330655,-0.2636638069982681,-0.8142051386400353,0.01883880138943793,-0.150095767863283,-0.08903745189642642,-0.09924658356874844,-0.3002433475126515
0,1.8639770295947264,-3.7693571306957043,-1.4796019933193547,0.39681134662549533,-0.17243521920821311,-0.852046835730023,0.11282696110453472,0.827864905808635,-0.06970139381560547,0.9570971852543243,-0.18923459279171034,0.6748989299676986,-1.36231943919024,-0.6257085375334339,-0.7639674110535964,-0.15972565882369394,-0.2910385848234612,-0.17435242039354412,1,-1.3126127987338168,-1.1721551599561604,-0.6786994488103334,0.07062319672552983,-0.5806961611166477,-0.20776123198661267,-0.43654785804484175,0.8538625673978326
0,-0.8756841763567751,0.6912800964630974,1.6834089171673976,1.8288976314845637,-0.2656584525184749,-1.0318548785962454,-0.4568187071355402,0.9431291768323546,-1.4514503260310871,0.6385530838646721,-0.5248038918709111,-1.2108308457943386,-0.035091024531104874,-1.0185057407768834,0.003708734166604888,-0.848301988047827,-0.47489388478822075,-0.26869435826661875,2,-0.40454632008183833,1.3976706509200119,-0.02667179262621122,-0.0949238999228252,-0.5806840638957871,-0.2758682678813049,-1.162785552599797,0.44047101038096925
0,1.577713602877547,-2.386318100016157,-2.1931957985701502,0.8153862954524118,-0.4149154108484006,-0.4390517590133154,3.82247885296888,0.17945950135509625,0.17090793048809988,0.3925760284662869,-0.21935059655106826,0.7469376625993112,-1.1721120518420545,1.4520296633404,-0.24071880838398224,0.22266189106455236,-0.65175997996054,-0.06319435982611368,1,-0.0721451433859639,0.543567382613678,-0.837083612328585,-0.0803259552959874,0.8753996533748243,-0.07832785860534808,-0.28043382540373013,1.0533643567463842
0,0.4539756623942084,-2.341458987890319,-2.163500728305575,-0.2671808583642556,0.4413326855059241,-0.6537500840308064,-0.10268863802111003,4.561440832696771,-1.2537595879707382,1.2541216928591292,-0.17040206470147023,-0.2877266426592312,-1.1567024831040236,0.511529930137662,-0.3123836870027963,0.32007785684559453,-0.4341045933217889,-0.3035236804490067,1,0.18918951526650069,-0.9044448922877433,0.6586349245773635,-0.045511545702916406,0.14560504911247055,-1.224278077506014,-0.32188592548409917,-1.9861738077879663
0,0.15451411595047096,-1.9699409815204092,-0.029540987208409475,2.387791653715796,-0.11634968566677834,-0.6151801217889422,0.9554494722174594,0.7382565170502527,0.5618555876350494,-0.6445275066057073,-0.037021263539371796,-0.7309244530131774,1.0404536992642244,-0.635282945360905,1.154017709585383,-1.230617416766079,0.1701144709137697,0.012583349630014007,2,0.1297853052559473,-0.37474448484852674,-0.15034582383183778,-0.028451360178615784,-0.43793441511733067,-1.0036061172139834,-1.119325173919459,-0.5334551410331829
0,2.2161387475462515,-1.071792059201558,-0.08310840802294917,1.5853628318690791,-0.016456981682754612,-0.7421223131285379,1.0948429512129432,-0.40411460134231836,0.745209265151495,0.7123970346243307,0.8969611969517738,0.5755585247354507,-0.8651868219365639,0.4571768695966386,-0.3674129632274032,0.020599220189472203,-0.39160804204031185,-0.31084830949655384,1,-0.04922438466414891,-0.058346907516428015,-0.837083612328585,0.09881107859252884,-0.19230460086469603,0.708358772817417,-0.2473312070942283,0.6510453473986002
0,-0.38517633308911287,0.3575935220844862,-0.9699045678882452,1.5422139184836003,-0.10973356770997034,-0.5886812858035401,-2.246161343633192,-1.0519760776635447,-1.7171949295792244,0.3980035720503,-0.14912068229647085,0.34603238014505117,-0.5837251973263039,0.09881698585468476,-1.407631783433632,0.1533519021009766,0.23519103893900925,-0.2340888722621652,2,-0.18252203819768212,-4.563706601613145,-0.43640124632026434,-0.027270453440304612,-0.551645854026011,0.06753525499452023,-1.21975314077183,0.987648975057813
0,0.8817665371229653,-0.3190824422070009,0.6204195294789769,1.8691583201503827,-0.185141765728178,-0.9668528151958462,0.7061879547805208,-0.9600622767142659,1.1677096846247135,-0.5282271418854476,0.22279633865767512,-0.6966304439779849,0.6339716627617291,-0.5435521623527735,0.4201984287567623,0.7906607328504434,-0.5013038324599981,-0.05738909560961139,1,-0.5952222416801283,-0.3581274598155697,-0.024052937250845563,-0.13858845242106,0.2808686831417152,0.36350648677256636,0.21547871034453625,-0.040604135885311754
0,0.3194281352772592,-0.23404853035573825,-0.040829592045447505,-0.22283500168637038,-0.47123454342871396,-1.0879210260481258,0.8385166000988984,1.3222281544091548,-0.7496089510755732,1.0520601573257253,-0.5504636266333593,0.6364539102637348,-0.01783837368824659,1.2005888917922771,1.1522281141849837,-1.1426069501215106,-0.4341155817589045,-0.46259925582144507,1,-0.3156412473507587,1.3191205645155977,0.1756744483854401,-0.10440424659593878,-0.18282491848501314,0.3376112372598973,1.5850410365690524,-1.0025598218118783
0,0.6303923818157642,0.045833711371553704,1.1336875530244228,1.6310002793283842,-0.4506612598801788,-0.9029910864594246,0.8131749853745547,1.6048198112895753,-0.9752969117094935,-0.20429987286621676,-0.5891282916931659,0.6651930672060538,1.4092553342119414,0.2082795110324639,0.8874005126353274,0.03435452588228771,-0.16617920704213085,-0.44731738441840974,1,0.7349005488155074,0.3337424399018408,-0.573005442049167,0.15550962197824234,-0.4685412502406002,0.8181777833191419,0.5278548432861668,-0.1503648780029821
0,0.08582658716715463,0.36278855778929403,1.019281454702919,1.7032104217306183,-0.6205939797072598,-0.15688402890133402,1.1202764201591502,-0.9606709922272467,-1.2498909098600537,-0.8813196163984843,-0.4361250017123361,-1.1728089971504119,1.1058808051839009,-0.32118950572739946,1.682579894732615,1.0167301614750717,0.33722807788843046,-0.3239217561435237,1,-0.6521974524918728,0.5711989991090888,0.5256017741900763,-0.07265235090379715,-0.3816520375202761,-0.40717178238071916,-0.5267066178509344,0.5585554361877278
0,0.7244588841149839,0.13401617686900374,2.005076757804446,1.7311990647297057,-1.0129311026242946,-0.6784390221322466,1.0708485899100486,0.13175951046462808,-0.0892411742183255,-0.5580468000443988,0.011013490819041405,-0.26177649439776096,-0.35713531448530145,-0.7572212073211764,2.7313353649255676,0.11147778751085677,1.3623453671087364,-0.5060033096659513,1,-0.551587834177051,-0.717121784746183,-0.837083612328585,0.016723079370108127,-0.0851181748778381,-0.1087472141032843,0.03551837509303274,0.47684310803772734
0,0.6072986969846719,-0.7619741302616184,1.7499065184355809,1.9139930251663846,-0.8250994996866647,-0.6766153480207975,-1.261268592751333,1.2285280073207019,0.9058846074045269,-0.35608995099280105,-0.5148919777879818,0.9197700800434128,0.6969876659621802,-0.8331971213392669,3.5491326943636503,0.0389984435391381,0.3257335448426645,-0.10768803044124112,1,-0.2952526351998971,1.5944884174188145,-0.6668405796201051,-0.05730799220941842,-0.5840390831757606,-0.4621415750235068,-0.8739372737392328,-0.20119396487886418
0,0.6261284695338595,0.3937944863887858,0.650534585897216,-0.05549219079699408,-0.2387445507085853,-0.4573679208653071,0.5672646141931337,-1.052280348670506,0.3069130760184964,-0.07032616663560269,-0.2623540734046827,-0.5797354122919757,-1.78526162662461,-0.7615657918150697,-1.6880035921555596,0.4371861223600693,-0.36342539830842585,-0.012319819627404471,1,-0.7435637935858694,-1.021187964056912,0.8339565625652359,-0.13858845242106,0.023437519340473945,0.8105187395860906,-0.9279304437684167,-0.8905735410316872
0,1.4323229864250782,-1.1870934329517584,-1.3521065424144225,-0.781082231238884,-0.11279756487091835,0.29965489308445203,0.8968953422899545,-0.9819171995099014,-1.6972775133721685,1.5633159532946146,0.37816273933322897,0.7031601424826882,-1.78526162662461,0.6904767933617079,-2.484046055046197,0.9297765615870616,-0.6396250327189456,-0.023453668526718874,1,-0.9123868689662747,0.16329485039225153,-0.7549857633336532,0.09628931249948416,-0.23588173035068527,0.5106510928747362,1.1385996296292527,0.8126169765383848
0,0.4428491831141663,-0.06934104263600671,0.6917147828913472,1.378050897802686,-0.32386072449044584,-0.47822734455989446,0.1009659645680101,-0.6855877510938502,-2.0753635605839515,-0.21012576375018668,0.0048779587944010605,0.2231456828093405,1.4684684600245976,-0.1101212591993535,1.5684383266147472,0.0361596904347396,0.11809779376659676,-0.08419377053431865,2,-0.49995843822305847,0.015013417986712518,0.4831525399307047,-0.13858845242106,-1.09095311408826,-3.020417509996939,-0.9716500350833841,0.3777764191159357
0,-1.294738998551812,-2.0859773351973114,-0.8420069324531161,-0.6622420546572491,0.267805728682269,-0.8641190325765211,0.557838658490513,-0.39334522595374266,-3.19291241648193,-0.4743504387504887,0.031123251222053117,0.45038103314725947,-0.3971655424453538,1.402838024593414,0.2967333986526707,-2.662713303969062,-0.6149499584029979,-0.04977283107002725,2,-0.9203541189737777,-1.6669911360702105,-0.5765652748123751,-0.08426926000176616,0.387892297289019,0.5406349699049464,-0.37197381029564547,1.1411124991050299
0,-0.5486984742307526,-0.24377770340653543,0.7155283211187661,2.4668852745638397,0.8603229494012923,0.37754167465806654,-0.8057297954858407,0.1471048789348096,-1.176440927360427,0.0614638335151699,0.1966936786774356,-0.08703429552700737,0.9802244154707267,0.06807524411421717,-1.5789190711282937,0.90055881075355,0.6979470266520504,-0.10269229932998569,2,0.13141702066337135,-0.2937804372055044,-0.33520441078834134,-0.007173492833560113,-0.15266742798714938,0.5107259892469918,0.0352192916431977,-1.2281878582883174
0,2.2234995820712506,-0.8701966446446707,0.08796128488936539,0.2025451370812702,-0.5942339186490241,-0.690240240099858,0.8668745215297363,3.015054021023543,-0.8599380309864023,0.843793795415232,0.3827623733876666,0.9512752790934306,-0.8149378041904927,-0.6791137909655737,-0.9009176819116886,-0.5315104387096842,-0.65175997996054,-0.30740769969814424,1,0.3603371224369566,-2.3114794686978692,-0.10697814520735804,-0.11999345533376359,0.1693157792209126,0.12919183813494994,0.5877750932104342,-0.36936042632449706
0,0.06796643283597459,-0.013888250376527966,1.5656743818934502,1.4507832012041724,-0.2756152065863514,-0.1890588400267298,-0.768094179126773,-0.9923135799010249,0.01712485441551087,-0.9529159200115447,-0.32936544573975873,0.019311514696035148,-0.5471519440961399,-0.4851223407713267,0.259432827883775,-0.7702745877964652,0.37989304105063737,0.03754831475230391,1,-0.6675900298971393,-0.007122017218942567,-0.2023115497157757,0.04080624693257315,-0.7183603535606229,-0.7525043621112966,-0.9126516285041606,0.4447830410728191
0,-0.3189003870238607,-2.448071572620006,-1.388600334533128,1.2330975365583974,2.7659217064177035,0.5571680241291372,0.6637412615876648,-0.20805741994270627,-0.6513099398897062,-0.09538238386059066,0.8743678215747435,-0.08381436684668558,0.5562575188586697,-0.7216533537121509,-1.1568570941603458,-0.4506067332023538,-0.5860402997677487,-0.1030470808286491,2,0.0027589359851748485,-0.5106326688650455,-0.5042084687234175,-0.02923026796187431,-0.14492932791469154,0.07712393390963124,-0.30553792196805296,-0.6698082136715899
0,0.2924563964413125,-0.9010083867758284,1.8706051872823986,-0.5020521483861069,0.04980375327291081,-0.45328968807220954,-1.4388875247895263,0.24728154513710776,0.5314839986446007,-0.02956110183170141,-0.21133397050203157,0.8294416361928973,-1.4049754308804658,-0.3374531246982172,0.15771366984707935,0.09849700904815029,-0.29300922918319794,-0.049626306229253875,1,-0.6692047626650617,1.0907455938983925,-0.5666270898996101,-0.13354369334834487,0.09639800642837876,0.9552041734562242,-0.36713375886115035,0.3494875027972896
0,0.6615492385934716,0.43369774149725077,0.6245191388044569,0.36750532421996934,-0.6892559568390659,-1.0720138448006253,0.8003274523636529,1.5187247974071219,-0.02103277181341623,-0.3654660466073698,-0.3293386974926229,0.026131763306641298,-1.6699605658759284,-0.3114301159999836,-0.31963649325997034,-0.4295030728739154,1.1344710621269947,-0.12030530351046723,1,-0.17317047827448548,-0.3788329182757695,-0.631480574529983,0.023345714705751433,0.4598976447267178,-2.097879813567788,-0.11111114048328738,-0.8698488228385501
0,-0.389021385333994,-0.34489513064481725,0.9560521692899298,1.7210692295519976,-0.16727972801933483,-0.28434838257565376,-0.6998228320856941,1.4441379918859911,0.5493347201067743,-0.020391332856891042,0.17406235445082774,2.0701832772731934,1.752209954978361,-0.48691640889044846,1.0010708800265493,0.057473858276179235,0.4900502362655321,-0.31210108315170837,2,0.2786178339345484,-1.2808206846131474,-0.5697982608548788,0.04029255277037749,0.022540497427958717,0.3810095159207235,-0.36239668956645965,0.29114629553707855
0,-1.6797271543033157,0.680618519874398,1.6426571991561354,2.0672467561769574,-0.7835121921267213,-0.866077715394195,-1.505763205643569,0.2396216323362437,1.5975315470495985,-0.40138619561642574,-0.07728322042358846,-0.7932923738428366,0.8057408617253226,-0.8428985330854749,2.4243532311804223,0.7106658584404877,0.6599424985000247,-0.5251344948243396,2,-0.9432563360783217,-0.33373457796665773,-0.3871549245518379,0.07432858665301365,-0.8400280148346431,-2.8821714478172664,-0.92576601367106,0.6468219689786759
0,1.1284966551666122,1.2228843637177254,-2.61887956320771,0.017703544944951966,-0.4922158197135579,-0.551276473841718,0.8722587213762876,-0.9804114951874293,-0.17156530646131207,0.33300503903801193,0.18668938444987748,0.5732409853893538,0.6699908180393509,-0.08758889309499002,0.5877889283872817,-1.5988400551713937,-0.33658291252323025,-0.3815069015547053,1,-0.11875046973514786,-0.03884739856367614,-0.5878580252763709,-0.12062993891229946,0.3360471509413847,0.4722540998348487,1.0535188261345068,1.0711528429405892
0,1.1659964197128438,0.13512076216923552,0.34379346879255646,0.6364568376007528,0.06977264738646505,-0.5694145987526155,0.21675525078181945,0.5410697326773041,-0.40636465639922853,0.21005358924383633,-0.49496800008335606,0.9334781925923163,0.9110240379875568,0.20836609756851932,0.4248635468138685,-0.9699412475188389,1.2471784720348236,-0.09348556342879599,2,-0.6191757491401816,-0.8171569427309595,1.381112291001537,-0.011851062680454105,-0.5241418707194697,-1.3860104203729815,0.4323590338850656,1.268077859465901
0,0.31459709529976176,-0.8527666108300673,0.5792253959371501,0.6818874404510978,-0.38522423514534593,-0.29949234712282513,0.9665338748889865,1.4581904550341234,-0.4380370081559022,0.18309112766429222,-0.2786507194990986,0.592872299326746,-0.6887200647102802,-0.5098096197321608,0.675639750452346,-3.626379894025167,0.3574216927455045,-0.23966393776032524,2,-1.8059427875809955,0.257322627605301,0.07040089153531859,-0.02626771856253496,-0.6576854840829338,-0.7002980602750207,0.5919982451972603,1.197793083778491
0,-0.7340872822187748,0.2055868493803038,0.0032146117014850706,2.0920260698167477,-0.06916331845143803,-0.6162759702322749,-1.206457938492235,1.329929683272045,1.3189157119124695,0.22402877552720024,-0.06607929073986057,0.34491630539214113,0.06270349735051359,-0.14205681265974224,0.21899765423502976,1.564947611461755,-0.10430618261625474,-0.3349196184975317,2,-0.7443798523801566,-4.03289613754966,0.7414624825675945,0.009856637237480426,-0.31007607435708195,-0.2383370484510351,-0.39092374326240925,-0.40914298481072736
0,-1.5852380760504783,0.08398241201134143,0.7614369347414671,0.9428229349865157,-0.4410431309484503,-0.22099694540614734,-0.730303880441271,-0.21826552938777477,0.41306844613642163,-0.07702458986972027,1.559084423388976,0.12126323446698622,-0.40308565816099473,-1.0241457135792824,-0.16430236412869803,-0.5710565791390845,0.08795200378111975,-0.4543887364386232,1,-0.15321079426535575,-2.007029874320522,-0.7607257607079595,0.029146112821017714,0.0281855171357282,-0.5212897349283085,-0.2872657581934521,-0.05490864487863695
0,0.7980591180076636,0.573640243940096,1.2430926328843446,1.1123953318710909,-0.19622279416343127,-0.8753195431493384,0.773894385551917,0.0031448579640692698,-0.13452743781121074,-0.05712343878030504,-0.5628916632742953,-0.29965725833590295,1.5313737387343807,-0.03242348500860162,1.0330581522311895,1.5421771583498205,-0.5409193346765695,0.16257361095566272,1,-0.2958115621736357,0.2147603093317898,-0.7987475264655249,-0.06559128466671219,0.5695423259975096,-1.1336261791004967,-0.05526010184691424,-0.24980492978324337
0,-0.31939582131973465,1.1979858759255775,-0.07118458454988713,1.5061373352029128,-0.6124033376225748,-1.1043269586101916,-0.3130298404617991,0.9236846966411134,-0.7216980292166444,-0.43689379259740063,0.26232889128576964,-0.6571093526096979,-0.3385140785365841,-0.12564583936660773,-1.777544425233007,-1.1373484562974183,0.6157629517362396,-0.4123193370748841,2,-1.0874700684393475,-0.45132135403500606,-0.11280127819351748,0.061272562050973686,-0.24154256689105902,0.13541330771583815,0.31772491312419215,-0.7027721385567527
0,-0.7646826148418944,-3.3289406487739353,-0.057726846287515565,0.046241612048615044,1.1023990332328064,-0.7089067206872327,-1.436247905827597,1.0554414789922653,-2.291411387920518,-0.09469658472435037,0.6174720636508251,0.5950831050525536,2.6374037096424434,0.4108871427863867,-0.0758317078811589,-0.9948740953631368,-0.2726251720475191,-0.23793768377388108,2,-1.0137924896078716,-1.8721062670341313,-0.7942523662508308,0.04123316197525241,-0.2900282440931804,-0.42359917473630837,0.20784121399681155,-0.2600905995751941
0,-1.3719290368897337,0.07836726321940823,1.1046301534642942,0.4192434269031817,-0.8648278434683343,-1.219949398162968,-1.3574989821577192,-0.5693017259986379,0.5391754905437367,-0.08878170064198282,-1.005116168831783,0.5304654420846096,0.11167772278032145,-0.4807488671911383,0.9520428094002806,-1.5343896412210958,0.42132435450661293,0.018583555618641445,2,0.4118706877926369,-0.13986091551158525,-0.08461028146280386,0.14245339070297305,-0.7718169934052097,-0.7057602483466119,-1.21975314077183,0.9222757627615075
0,-1.0964223262777413,0.6848582987323758,0.15998345898225008,-0.07305865802398917,-0.22668346658693705,-0.4987718480948768,-1.3514365789975242,1.6157341008859687,0.7089701076108168,-0.0048345174866289975,0.3868813803889741,0.749212456644519,2.1723898959543533,-0.06839819498035346,2.389835227516063,-0.8010874771190217,0.22690049808702129,-0.275179448877709,2,1.2830049627656184,-1.729204794740126,-0.16708408094249338,-0.00013677072793735062,-0.7260946582494254,-0.3303858944143884,-0.5997042967634758,-0.25776593290443695
0,-0.9908958891970668,0.07155431517081629,0.9142042790086637,0.7334514998658905,-0.5517256732401657,-0.8143717271251988,-2.2247202266538477,-0.4276194548386518,0.13361530355303258,-0.45298694958982505,-0.6923085321593176,0.699047449983309,0.2708623251822378,-0.11256707720623435,0.9555563249524998,-1.113246039234973,1.3207342794626202,-0.16907177174185026,2,-0.19284532827434572,0.08060494205390978,-0.20194837526147874,0.026892577054124525,-1.09095311408826,-0.05646062826860615,0.09952888040642849,0.8516874302917414
0,1.2390443718368287,-3.516957951237292,-0.643137950465133,0.6730444967769564,-0.24445104358082728,-0.7141354535452437,0.4836481912409937,0.9949667714411563,-1.1539707691200527,0.8104910250566654,0.33720130257717296,1.0202686635537095,-1.7156804300770503,-0.6016863204617461,-1.3851172221813028,-0.04659544765083412,-0.65175997996054,-0.033616180218810715,1,0.18401344911452255,-0.7775039080886007,-0.5511229076705498,-0.06533404995280584,0.5088729303600674,-0.1959516361795206,-0.013670769499491947,-0.905491155048353
0,1.434517495970211,0.6033964442961073,0.7107946712300708,0.4341895221583376,-1.0563577457620021,-0.9804445255086058,1.0018611951930703,1.2841941270333048,0.07524953008595303,-0.008859917421691288,-0.8039186449226647,0.708064086506689,-1.3873940105075053,-0.2845303963010238,0.526303905352344,-0.47068090137877583,1.2433167978477793,-0.3029914530850192,2,-1.257030039202268,-0.45699849687212857,0.7586922703420018,0.0023618312470242153,0.7319291600544364,-0.32975423975913665,0.1468716240050546,0.6243432469438285
0,-1.2851335964252162,-0.5879354609012165,1.0394716249329348,0.7865911144382279,-0.25035498980664156,0.3966678735434701,0.7615785977319957,-0.08270831881662946,-0.5250390442886479,-0.7554885851685248,-0.04752162835784249,0.09729338174082636,0.13751577256959355,-0.16760101132741195,0.05084783152633482,-0.3255322182189324,-0.2670276605151375,-0.6278170313627413,1,0.4373477225996002,-0.4048912154325276,1.7611196382772316,-0.13858845242106,0.02776677669392913,-0.177096176362746,-0.2118176165937662,-0.6428159113217908
0,-0.3774557866717996,0.8942188336340327,-1.5975844302359867,0.30129396814221443,0.660318798743791,-1.1951328844425135,0.5949492505547685,-0.3195279169234493,-1.9305207357971956,0.4481798964174124,0.5365917016280306,-0.02814508863243481,-1.78526162662461,0.04016159407534825,2.8843155230390822,-1.3748528921558798,-0.5742510797910777,-0.510673276810529,1,-1.2620694714342697,-1.3112229769464387,0.5494553293090029,0.01037272364786579,0.1710567311776423,-0.6113283610415754,0.3568280232005709,0.581482949498881
0,0.15466990077245657,0.2514605280768852,0.14892761602015336,0.4408793447653704,-0.502299116261456,-0.27936758409718104,-0.40438511683671574,0.014305550532454858,-0.3457781814804109,-0.24854633587954408,0.02343765628739869,0.45395368258437024,0.34100551982666805,-0.0852971115955394,1.5553489601199966,-0.6370989298191382,-0.17927494285232598,-0.30942213866927515,2,-0.6791474723983784,-0.5631153485084789,-0.4036541558646084,-0.06114866196837987,0.3808541737978937,-0.17964485073502073,0.4064962496034439,0.6210941335551106
0,0.8870247815169825,-0.7257821181388298,-0.5739036938930234,0.4555609489513157,-0.3342801435929872,-0.5743149384875221,0.44410036823678645,-0.07393174296009314,0.17399236872142,-0.08496028627534921,-0.5506778718407523,0.34859483278067604,-1.3678974891522984,-0.4206382292259767,-1.8759474308166169,-1.3553889326506234,-0.012299885273342165,0.08050027653495201,1,0.043528956377121286,0.3674121453021916,-0.6587805540015594,-0.10011096167583558,0.12512280065438813,-0.5584240817294706,-0.17894011737360965,0.026482977714407274
0,-1.9276304468351992,1.0206759897195579,0.7364347660054595,0.7358170567494993,-0.7058245538643209,-0.1312002786155696,-1.1514369143395675,0.3419986058479525,0.35638133545561623,-0.06807762739016648,-0.829894937774899,1.3535944155311825,1.3283749643451175,0.1462267008912632,-0.4990740114397113,0.4629465257160722,1.320187770346109,0.021100684334413033,2,0.5620208549172391,1.288412873977422,-0.837083612328585,-0.13789151583134426,-0.809817662174148,-3.329307833083762,-0.8836746856711746,-0.8022020018028305
0,0.15218618588417435,0.18343106134932197,-0.4533638008469501,0.7704808357217506,-0.003531125598760676,0.2193467078523329,0.7813605796884928,-0.2658004710524958,-1.3331773000549094,0.007038329795971132,-0.16497570477603518,-0.2646788192263997,-0.31214954434011905,0.05477955633498005,-1.0088551731998918,-0.05329103240821342,-0.45256489772619457,-0.4074290097122903,1,-0.4437518371716348,0.7055850748265209,-0.5611984192895619,-0.039814357129608596,0.8171019529687722,0.4045507392835132,0.9021769087880305,-0.7550948352173057
0,1.1233800519638155,1.3143367145630296,0.8904878397800531,1.2943719592384988,-0.831007530310085,-1.1323664220298884,-2.05298465381343,0.01086263364820339,0.8694531537015523,-0.6692478378881359,-0.9934128502244752,0.16798314008567472,-0.1986432252363884,-1.1074890775659085,1.2553547323752081,-0.6052503576829352,-0.20089681883932858,0.45721264321584604,1,0.2901372481516784,-1.388150934766551,-0.4770532429436697,-0.09024639969161927,-0.312500877114114,-0.3759118350515147,-0.9296576147285305,0.8700077075414396
0,1.8513868424802689,-1.5866239758650247,-2.150187210470334,-2.5433727252085667,0.6054347570810216,-0.2508923417896225,0.7399266855413262,-0.9540377060789922,-2.483169456244341,2.7637151133575806,1.6969124517339789,0.6313324569294829,-0.6278167990736995,0.23143239639876168,-1.4322658605429628,-0.6924967046205106,-0.65175997996054,1.8935664241557075,1,0.02403694470384149,-0.7465380558931649,1.6097235341527938,-0.08256392246355079,0.8115282432831057,-0.5740736377049726,1.507772038483987,-1.7239710507196182
0,0.27992301601119407,-0.005351197316532552,0.828929248541157,0.5491461148032367,-0.03217334310051423,-0.2584101683251157,0.44230401270841024,-0.11324655767523839,-0.2068607434265211,-0.6320573307977364,-0.4112239951773208,0.3941295878092948,1.2907547367307086,0.09081687752505302,-0.15992019563334997,0.11860316347468614,0.13957424499037707,0.4966879919849188,2,-1.055444548144709,-2.0459420724442254,0.33014391344252847,-0.07641467357100329,-0.2670310233613094,0.3057111098935626,-1.0933607169545472,0.23284181371653184
0,-0.12352321764839139,0.8504073628325646,2.062423663876366,0.8898183606718106,-0.8202542508612873,-1.077916561139037,0.12180326299019684,2.500520586469385,-2.7848569736378783,-0.2217840688191531,-0.47870383880134393,0.21080509207811532,0.12778224120789528,-0.03196280954261049,0.9522764906735057,-0.04162799582589294,-0.5147001743847409,-0.5764158382110021,1,-1.102973848677204,-1.1178178196918576,-0.5463307724542872,-0.07444321447914384,-0.6019664685789621,-1.0132058118332237,0.9964953340147282,1.9346875155866925
0,1.8553170909625083,-1.360202556094415,-0.8408627093029981,-0.4340175816137807,0.1911115331859648,-0.9147480128790744,0.805328639002509,-0.34769801382244886,-1.9189560983770473,-0.05393016865460426,-0.20001518692961737,0.4014906708340591,-0.15262650345953666,-0.2320379325989421,0.41419028520457146,-1.4389847050076656,-0.65175997996054,-0.024325988439477753,1,-1.004619469916363,-0.7910360326013426,0.5048384227354757,-0.11148617143355877,-0.28496253583863856,-1.1966549915838107,0.19984760724067901,-1.1368469540954194
0,-0.8635416938602631,-0.3205502379120846,1.5870436900756824,0.7471288935023019,-0.3744010568597573,-0.5095841336102002,-0.9837994333754623,-0.4250423337931627,0.37257764872215166,-0.2949106430744174,0.5367249453560112,-0.5008327450069037,-0.4536937253736957,-0.0012779881356815292,1.4428333616624789,-0.5770665778893174,1.8456567712263683,-0.37137176173555914,2,-0.7104953029627418,0.010595040785050691,-0.5739090445069229,0.02192216248670671,0.30769514293055716,0.058695905850684627,0.42871998073790585,-0.5104359858103263
0,0.9608087372226505,-1.3575696251828664,-0.07055646357136874,-1.111374472932213,-0.21942015201582257,-0.2147954916075756,1.122452135493518,-0.6921310727451919,-1.1895202008457413,0.04385231349581961,-0.20245804987223565,-0.29521029017252864,-1.006494012825173,-0.12076385597130275,0.6397581197452051,0.12827313364785872,-0.2032931415038477,0.1913617234722536,1,-0.8539122783128645,-0.005852894729697328,1.4937782725214084,-0.13858845242106,0.028146723075314628,-0.3338132981494237,-0.6443881783080968,-1.7678076678342591
0,0.007918170600070829,0.5766936625423468,0.6760340230911573,-0.10678946348151253,-0.5307507398118493,-0.408788699224194,-1.6788089994009558,1.9927519346640554,0.12382129827858906,-0.5429414484834978,-0.5007720111098986,-0.03748794731391536,-0.02397151068572917,-0.685299137843076,0.10990615447916952,-0.8649341458725937,0.4542232634927942,-0.25643907636187446,2,-0.1752829166075554,-1.2789098652374962,-0.41771477594562845,0.014099529892476467,-0.3811892363676896,-0.003273364964478609,-0.1136842464838288,1.356306799579977
0,0.4606441871013165,0.5962009904166529,-0.003875206341638626,0.30636666277489333,-0.5390306871530011,-1.1850621124037604,0.6146749707650896,-0.09798371057168964,0.10638667052816153,-0.1463120161708773,-0.07833203168004257,0.6118863767510538,-1.5557123898218341,-0.6706968458142409,-0.518654472156354,-0.9538732374025362,-0.2699059738423322,-0.5797499908539355,1,-1.2089981901100573,0.5200678687726712,-0.736185827568805,0.25293394521502444,0.8774383827939809,0.8414744648665835,2.0674972545873396,0.7135473921128709
0,1.3359258106383476,0.030689721532296682,0.6413965644832776,2.4979605757278223,-0.36230418606124953,-1.2550383634427775,0.9605121322887987,0.28921866521788203,0.7971637461116741,-0.2253333218028392,-0.5775407333361005,0.434720625045414,-1.2122960601667347,-0.4581228974608489,0.38244382475648786,0.14147574141719005,-0.65175997996054,0.000866083172503973,1,-0.30004317391979196,-2.0392461518748903,0.01039237833525114,-0.13858845242106,0.7108215487317868,-1.2342422861528186,-0.08426162617124508,0.9707109920050994
0,2.24867707487614,0.3630589641720193,1.6747338489320645,1.2012980272301348,-0.1074022281944299,0.6771772645432025,-0.9257011975076643,-1.2124691270193277,-2.051766813551442,-0.4424017013235121,-0.17000768826887264,-0.14682405585884045,1.394126481647684,-0.660653963492369,0.16591360453720022,1.7254466657426923,-0.65175997996054,-0.34052317069671284,1,-0.25375440086510137,0.04761502486706795,1.2230729342004776,-0.02014716190003292,1.1931820230835126,-0.5342217712155197,-0.5588645685011526,0.12165806669119927
0,-0.053393050124223795,-0.05459339354249748,0.7533670924676446,0.9376113865086366,-0.432989351939934,-0.6633097290703295,0.9318753784770765,0.35882414837200755,-2.1608262530227753,0.7301164933527907,-0.4831976998583408,0.7718317079843788,-0.44489822288512093,-0.5882573793877599,3.177790710754908,0.4093354212201352,-0.34554330780563614,-0.30876133236360825,1,0.5464254242471662,0.10403071499318062,0.23396130754208483,0.027652387988408383,-1.09095311408826,-0.17746970685796098,0.0062007875321414,-0.27014416846516315
0,-0.5787317535582179,-0.28071878307900083,2.025345258409663,-0.5176007721962331,-0.6122480100994949,1.1170515369060907,0.8711486377032095,-0.14976756207230835,-1.1911619741843387,0.3538755110891576,1.3438174394978155,-0.8662892909162094,4.633745864567999,0.1237911658188573,0.32279163292036284,-0.2298984957293937,-0.03848136683193354,-0.24871242066595098,2,-0.4097698452895078,-0.5983393986277787,-0.7407690239723657,0.339754004052748,-0.16856315746888506,0.9027058442849689,2.7779514232080142,-0.11210134854407489
0,1.6610513607956636,-0.008698373159046535,-1.9797348944902722,0.7388383570621531,2.434111587222197,-0.9483321734202942,-0.9052115089436199,-1.0180385863599366,-0.4266926320117217,-0.3083707666141986,-0.4330541892335789,-0.27453381605073707,1.4192976729732263,-0.2176109526336505,1.8702072138387003,-2.9060472126971444,-0.65175997996054,-0.3288853393394274,1,-0.3165664450983162,-0.7288052009122434,-0.7383612727747416,-0.12388430145423956,0.08363599868820343,-0.46679456438887557,-0.5945479218529365,0.4820424327853835
0,-0.2500214134176533,-0.5777566082684824,-0.029288169566913713,-0.3099070598016395,-0.509483281704461,-0.14973306251409857,-1.078341100846459,0.04739577132962669,-1.250197462142872,-0.11460194555905329,0.12834522445130975,-0.07801711990257526,-0.2178217293568941,-0.3546371671765486,-0.6938217110032613,1.1321897636723242,0.21455494810096248,-0.49165194222985625,1,-0.706137511970808,1.1043195705057298,0.8186062220965271,-0.0204056789198409,1.078114204978787,-0.8222165097242976,1.1640104422939423,1.1966288383007566
0,-0.7018192533288743,0.06500486331334143,0.4513269879148131,0.5538275604580809,-0.004453811281096174,-0.390281991506651,-0.8265206583331745,0.8994536316161376,-0.5544421996196434,-0.2291364177690412,-0.5128239045759608,0.20466296575537218,3.290788456011464,0.8178221083453163,3.038757884338996,-1.4530028939912223,0.8731421999025937,-0.6124153663678822,2,-0.8000902170048958,0.3271294609421279,-0.7871517915270775,0.05953383531168044,0.19273596971081675,-0.78920657930731,-0.16170406646434177,0.0013043082501127679
0,1.1793333597677091,-0.028516628081523443,0.1678444211481776,-0.9003180032117494,-0.3169892956020079,-1.220309290722943,0.7862796864007714,-0.7405119419789108,0.5043286554322655,0.38024970945122183,-0.8782386258266817,0.951112796786646,-1.78526162662461,-0.3962622419119566,1.3325093704786202,-0.44059342828876913,0.4677607637827029,0.36973214507214963,1,-1.1298232886233084,-0.35425298519181075,-0.7350652125830615,0.04577482617730576,0.9064024458779346,2.4191539125582517,2.6139697395431103,0.20080026562962208
0,-1.2577485641042068,0.5678961651791097,2.0161244971127776,0.08416319412683826,0.9589411294328062,-0.0003714241580484723,0.46692731180687713,0.7091643715140186,1.15268191508049,0.023430320892411177,0.47344060965765783,0.6925459267617227,-1.4963109518127262,2.399254317534124,1.7899547664883224,-0.4258915342820226,-0.039980719432448186,-0.24722533445754952,2,-0.041387042447237066,-0.18063586166399892,-0.26302259759882474,0.2713946591124371,-0.43521336865064875,0.1541693004109992,-0.7338127909883606,0.33491982858899233
0,-0.6724903131331907,0.6689396395461239,-0.1645069893962593,1.8316774005953493,-0.380002920028352,-0.6862910173513026,-1.5824490644235087,0.11788300396685608,0.905751742272244,-0.1276856281359079,-1.1262891440490763,0.9005755826495914,0.9528434677698071,-0.6421060436180814,1.5808509958563945,0.9589531898156647,-0.30832792067804177,-0.16507864454195545,2,-0.46217163672751727,-2.126692116717753,-0.5788548604017798,0.030083836254517535,-0.8269405441709189,-0.2905212078568466,-0.8184447023326886,1.1745581694590321
0,1.8216489498555015,-0.8540600768512807,0.3294924136840464,2.777545716597325,1.9159753273432687,0.3467454396578551,0.6770772097259946,0.512203288925514,-1.9711687006194643,-0.19179678703880443,-0.3390080227515896,0.5069156428540491,0.08204376326673779,0.15433885968870767,0.30075772188649674,-0.37391977942883736,-0.27024000479498556,-0.34433509753691194,1,-1.066510480270146,-0.40385716705119157,0.19803976338913587,-0.040032269150638566,0.07537684515339091,-2.121694785966141,0.8305100942576829,-2.1734583111767924
0,1.2094872388514113,-1.514012391622833,0.11810504730807223,-1.9086706653536878,-0.58969010569103,-0.5148283934423079,0.4291736578253084,0.4147451970370045,-2.1293345535421206,0.9169133820101295,-0.047825774819253764,0.05840068702956258,-1.5676753605109859,1.8945392794559894,-0.9831461726742146,-0.6140815664635886,-0.22939138702787626,-0.22324490943318653,1,-0.9617465749941467,-1.4743258544647437,-0.08495206477985218,-0.09388295552535891,0.5364154813586457,0.31324213779677756,2.683143527272625,0.4656424161669098
0,0.3415566010570449,-3.278212019239395,-2.344147612968132,-1.3257801913256841,1.608548574960166,-0.4846332103637926,0.57112764083826,-0.588632948990757,-0.696524971323898,1.1982250642263224,0.23295924818573926,0.34939041109648583,-1.78526162662461,-0.07071180547152567,0.6632942833632978,-2.363776989086964,-0.5293411428857496,0.21624171956036226,1,-0.3204220071939551,-1.3498399626252224,0.5523245030427496,0.008903364306077494,-1.09095311408826,1.3332872730709822,0.12286070333227239,-0.2726714246505499
0,1.7757162053464595,0.9181195415357646,-0.0005263176361631761,2.0698325115061604,0.3007905898706669,-0.35355520847134986,0.9891167762057768,0.5472850550227829,0.8838406603713493,-0.6526720823254649,-0.1531077394630586,-0.06725446137152208,-1.359109281217145,-0.36418709246091496,-0.26408749565163264,0.7290075533065794,-0.26249081151051334,-0.4419422789682267,1,0.24722849599689778,-0.6321017424859916,-0.4224160476710968,0.011922754914717934,1.6880053622517384,0.20825252749539566,0.09423218209491113,-0.6437624038445968
0,0.3257138711951697,-0.4140320384798329,0.2889475642727542,1.1081979555675052,-0.7331569673990919,-0.5135498151136311,0.8042636123357708,0.7730318598795118,-0.97803031602375,-0.3708989156028682,0.012786099405944149,0.8542610143681324,-0.9486699335870834,-0.10098205726437615,-0.03969057398851861,-0.1330296159934985,-0.6391175373571085,-0.025122372318254593,1,-0.5342424871289668,-1.0303366378367749,-0.218122816367997,0.05240635333492402,0.40097682942300555,0.0190890357360447,0.5041550241577648,-0.17963412529500483
0,0.7944767944670809,-0.1027768220979427,1.1487602923655635,1.9963891998304943,-0.19972935775199005,-0.8476756739939988,-2.58918649994163,2.4174685247491174,-0.5201466494612625,-0.4808028223370449,-1.0781433509147758,0.763022806166546,-0.7325523777999543,0.4803158817022004,0.6409003881534237,-1.3538124074159545,-0.04683621477893929,-0.3631166279318615,2,-0.7533108816325883,-4.882349354491407,-0.837083612328585,-0.013638289853236271,-0.30307308261656446,-0.49977004471613484,-0.2346333900590067,0.04097209097620047
0,0.9047907525085669,-0.846921341421631,0.7216858037335647,1.5999062191721292,0.14191343352365937,1.0157059405670528,0.6726347899183315,2.0796778433499465,0.24321957924762308,0.10233986798113615,1.0424425575737093,0.8580117485996801,0.5076277408559872,-0.42100415484095377,0.5912479447741815,-0.5165621343785662,-0.5303977339706993,1.3276831613668483,2,0.4796910731873881,-1.7061320459933094,1.0362754691475518,0.06640028377300705,-0.03667315788671546,-0.5858439458070689,0.700655296662744,1.0842865747343378
0,0.6081342403980867,-0.6540829757554396,-2.3197868392037275,1.9039896040153912,-0.5703710255235884,0.004908193165450658,1.1055455088703647,0.42736907186577594,1.0052300206087392,1.8716006266885583,0.05257640209555253,0.6180706113405677,-1.374919425662399,-2.1944733797338913,1.8517242877795046,-0.09592669442609722,-0.49528375586223433,-0.15764553044940244,1,-0.8411863172635755,-0.06644690217328952,-0.14708373456691914,-0.060538380255467296,-0.7833111791629203,-1.08628013188313,-0.3480917854260408,1.939558773069249
0,-2.254725347485742,-2.1728247704843917,-0.3364834596024717,0.9826046377686213,0.4529090570539502,-0.49364102712128916,-0.942956868499341,0.9197242182033498,-1.4013962321217819,-1.1095371683313844,-0.45471731037790375,0.22428976554688088,0.9206610372130176,-1.0205566775505637,2.1973963279961213,-0.5458062771430541,-0.3663348944433705,-0.020032930995908804,1,-0.7731041391710126,-0.2990378086450809,-0.7616124050874469,-0.09597578031201584,-0.6116559002647715,0.23858147404813246,-1.175127552722679,0.34028624923884115
0,0.2692787785131692,0.14174096667782138,-0.13439496829295966,0.7414938001446344,-0.019584596693400957,-0.29617895043369175,-1.428297696796542,1.7774426378223647,0.015465437735024457,1.0139365148813924,0.8410822890410965,-0.4172887995274175,1.839901805427972,-0.333493297499833,2.04610629105207,1.2021857207810904,1.0862652208213759,-0.11936688812534396,2,-0.9922934268146772,-1.4278912334693505,0.28056429821844925,0.07100972671104491,-0.28676291444642665,0.1105210620779627,-0.06774890719413763,1.630324125020163
0,1.1477038380078732,-2.0798742552323364,-0.6468806612348574,0.5860735861336395,0.3229967460360754,-0.9656872320599641,0.705231376153404,-0.9936586506960836,-0.3289284028465052,1.5052149288791195,0.48295864639438923,-0.04915744903214497,0.7547012923042646,-0.26473127206001984,-0.39769159494478384,-0.9919619785896525,0.2648020985715735,0.10754975316889381,2,-0.7289140821419275,0.5220930853325605,-0.3759989985795018,0.21215784109206579,-0.4856873517040223,-0.32947381273839516,-0.13993817853579804,-0.4693141758524914
0,0.22824509485418362,1.1918589201286005,-0.06455450984763189,0.23711461110534077,-0.25965050145802837,-1.1199891693259314,0.7390167993915752,0.1836324660533897,0.010873637187570118,0.04101663114734405,-0.3074890995375814,0.7725432815791045,1.1360220557820446,0.366287426244049,1.4609793216291445,-0.09876569149171921,-0.1269272471270185,-0.22116832560277935,2,-0.3729499057507494,0.013406670036181567,-0.5517284052561278,-0.09803040823637396,0.17316182018512796,-0.09664952707893332,-0.29373060821592506,-0.4538446529635408
0,-0.979570684677966,-0.7271798615163936,0.8648438754130688,0.3656185263469739,-0.018974644778133543,-0.034826428017534494,0.4081731871368192,1.9543786102314615,-0.03974538383755566,-1.0177428303694354,-0.5641337220833078,-0.3236783093965376,-0.010382590343062825,-0.7846754593101811,2.0410402223888053,-0.5923829056814578,-0.05302842125575857,-0.5060490044127683,2,0.25129834046283944,-1.165401656676163,1.2792915438168713,0.0824532943751346,-0.21311982690734932,-0.22024452220739438,0.1175121089613351,-0.1960027932492
0,0.3306383463954926,1.1311763731629199,1.3703936330037836,-0.18364245623546555,-0.3032343000923168,-0.02432226471060804,-0.4445654275221669,1.8763746639538528,-0.9901753552960515,0.741966595722788,-0.5664136699118567,0.4649680831456395,-0.4259462102960715,-1.0373465095032335,0.0701626462777093,0.9108791269316625,0.3589858496189562,-0.4373238533392516,2,-0.01056793964615707,-0.7630048379414737,-0.3037761029662027,0.04131825766085753,0.5803596977838146,0.6820368450629254,0.7847588951371338,-1.2154054789066355
0,0.2363993612585564,0.38182858125304164,0.24432372031542704,0.015514607841877248,-0.595514716462284,-0.3045132222181249,-0.7526617409515665,2.445598056137049,1.0628079420935015,-0.9734919129189459,-0.6791150174928415,0.2282388099084327,0.9717874635681049,-0.7516626534842172,0.37819592309575,-0.08499544073930487,-0.4081420585155413,-0.2715899371979879,1,-0.8688810641928442,-0.4722149110580154,0.43488276220597255,-0.025821966147536526,-0.46573857838214416,-0.39371836483500783,0.15539284326552083,-0.03493525116518814
0,-0.24826099596370954,0.4850676403816648,-0.4065108977685091,0.7362822668429001,-0.47528778126646887,-0.3145597375524902,0.691437236039536,-0.23463501667916736,-0.7591416899801697,-0.03996536751245383,-0.04406399724641957,0.845661142382869,-0.6408625006799615,-0.34248991068574997,1.0951592138301751,-0.049536121574313086,1.4067781114153777,0.1683760452620573,2,-0.6022129368687961,0.6524962868931552,1.0915936561133919,0.03856645709972238,-0.6788598080081123,-1.0099164481398968,1.0349268121032276,0.939260737392848
0,0.1418606979304893,0.8286769904462663,0.2127874264673631,1.1384287298814946,-0.6995657557517918,-0.8204674272055033,0.3097339908089919,2.036347694773311,-0.4427208180933669,0.5015811581943898,0.4283137800880631,0.3100433146841957,0.7518405933096755,0.6199310307969076,2.3620973826522604,0.15644187691365646,0.9327335313746927,-0.2166762711348341,2,-0.7503769697185702,-0.5509140322127254,1.4117566381999742,0.09785086694547718,-0.5408560405901119,-0.5343868024977767,0.5505555191447352,0.1347982660983508
0,0.8329880694141514,-1.601611258854172,2.016500969976625,0.2677015081426952,-0.7655740085459007,-0.6750219144650741,-0.5766469424947793,0.7240502604117625,-0.48798902855265885,0.08712334277102596,-0.583339873169414,-0.11183702278637542,-0.23199997752292684,-0.5095649542168448,0.5198846690219325,0.8826364843822629,-0.5850676873983001,-0.37753457985665845,1,-0.6709202529476861,-1.1125396803270922,-0.8323495062575296,-0.08430562154137974,-0.567644056977826,-0.105515587533533,-0.104161387654646,1.4953456387528496
0,0.14549356829356536,0.14243125233273135,1.5882804200178415,2.3528594388806887,-0.4144481929259553,-0.45583254651193444,-0.9251010479811078,0.32944179587648154,0.10025806926485459,0.6022493873242758,-0.25219292586560077,0.29939704927088984,-0.030395767459028555,0.18585607799941994,-0.8262907762297341,0.8414116426236176,0.7088316348591762,-0.2407150612555107,2,0.023304855342702435,0.47094578235759676,-0.3827658344573993,-0.010968348413249562,-0.47011729872528796,0.04650704538462158,-0.40379774631261833,0.7049494281694624
0,-1.0282655903985836,1.2247115860941156,0.6081004728641611,-0.730963966617496,-0.3861635590977071,-0.41088920384400485,0.7203245277017452,0.7598087182284882,-0.5531912163563363,-0.5752780557756358,1.3243555529709623,-0.38080306732542946,-0.9252136872530017,-0.0172000337198375,-1.0779077600004034,-1.6328347458866346,-0.19730565281551932,-0.35173942753698184,1,-0.09635271448345387,-0.5529262158679622,-0.6970014791974802,0.04996158327292967,-0.1640985998360977,1.1974393648726445,-0.3660332880130548,1.3800834543030902
0,-0.8289152690739039,0.16366085326370328,0.061062775342263585,0.8129322959573272,-0.19243625450010202,-0.8043548754752956,0.9798541560083815,-0.12172451960001823,1.1144583050131118,-0.86258251530814,-0.9029812253623453,-0.24731499485536673,-1.1289437485921068,-0.7578699625337955,0.8362995621917355,-0.048024800766140435,-0.5697877896799871,-0.47244017631779617,1,0.1361494132158676,0.49439301001658975,0.6839005461696096,-0.13858845242106,-0.32361627123346504,-0.5238379336518255,-0.849977616824522,0.08768429996251273
0,1.8371394511270096,-0.20769345924390903,-0.8288314954486973,-0.07636136861803022,-0.8083326812668781,-0.477153623258063,1.156357327779471,1.0996056519904032,-0.3312608469295183,1.2420263694656413,-0.6336116265004853,0.28668186634768034,-1.3316552533184542,-1.2971889500560323,0.17536630130737807,0.7686311530595948,0.0038974427654742128,0.35647810572035665,1,-1.2392417929506685,-0.7040876002384246,1.1942658778669264,0.03971424892096313,0.18243408876327993,-0.022912168697508242,2.700858004497965,0.6123432142573415
0,1.3377652266917068,0.1783291760914285,-2.837865110535097,1.6557949977935045,-0.14966379330688245,2.2061651209927935,1.0724373684582331,-0.03735532183763526,-0.2752275209586175,2.10262448705853,0.01731873023088379,2.815582092555659,-1.2445632117241237,0.3375224699621401,-0.12505009531707578,1.646574078436358,-0.3862714508626711,-0.31010023342048965,1,0.052443612351575214,0.28766747602876214,-0.837083612328585,0.016303290442406665,0.5132626332600985,0.3318704046646067,2.406449040808649,0.3720754698630857
0,-0.3595093794592803,-1.3781897751718657,-0.6770902349323913,-1.2213102973740004,3.7381987709685216,1.2695610957743053,0.4350928815193771,0.3080309048182291,-1.888046028986724,0.4637797289746761,1.6165328651486623,-0.15223592466654168,0.7015312388256073,1.983590705600355,1.0175304417294375,-1.0444399175190076,-0.24389797088192827,0.11394921182794854,2,-0.898246390350044,-0.6583280785522123,0.46665645713578086,0.21048288807292231,-0.34500489857626593,0.1911338340090041,-1.21975314077183,-0.1674707596517703
0,-0.0468604459642388,-1.1244264362363856,-0.32720458614843906,0.025033483416901425,-0.5352525039073888,0.23142993534604112,-0.9271235576945255,1.3333056810342439,-1.175441965280251,-0.177770690271009,0.5239342454220871,0.41327686782751855,0.8435327344707032,-0.01967611161088395,-0.04698122193448573,-0.4807327479550524,-0.19453253257342462,-0.09175502780859496,2,-0.5012312170992904,0.5112636783904935,0.8904956035092647,-0.07307542284406054,0.24495180907505587,-0.5579649317860848,-0.6604707005922613,0.9447124042927499
0,1.6930002696647732,-2.5094087240385736,1.305325056642627,-0.8404058567565135,-0.6451624455890412,-0.560431552781426,0.7110533656401481,0.7232263012315097,-2.191648964184827,1.1515696974689764,-0.3535694986339703,-0.10825513584106324,-0.7487157162753374,-0.2742036766219562,3.1324535098561825,0.6229963414076427,0.4618885266262148,-0.41675024333636057,1,-1.1676091054747977,0.42520374803237204,-0.26112662113892515,-0.13858845242106,-0.697497588387028,1.622256614421484,-0.9609615000563065,0.07171042697297664
0,-0.9671526876703997,-0.11702260161249312,-0.18418248173384913,0.6874036968524599,0.21885416111632705,-0.6846427021993801,0.9298980895989086,0.1787849372730034,-0.49033592478708954,-0.48773943431851124,-0.580922168019404,0.16644145125278015,1.6313973643391722,-0.5860539619140238,-1.0595347280027387,-1.2902141622867949,0.8672825609227419,-0.2776799589718336,2,-0.5031338443037984,-1.163773062778847,-0.837083612328585,-0.0474745446801,-0.9058416140822232,0.18567634633428232,-0.5656025262611464,-0.181690352175687
0,1.3944144079827594,-0.9667427813629281,1.7733379323113794,-0.5354752187647693,-0.620439529149534,0.49610100561897663,0.21433486023293802,3.2354242447760417,-1.4172161960732192,0.09040997521476779,-0.5593208867750525,0.25372326779038296,-0.6487438481290523,0.3179282521400402,2.1667394579497383,0.49167217482267284,-0.3449946730631685,-0.25964080967527525,1,-0.38056879876373495,-0.2039667158773129,1.454692597159883,0.05762699832872449,0.3025025525991011,0.18704309568796693,0.8606663524136727,-0.6666002708990358
0,0.8564046608460951,-1.1689892130742985,1.6672226548969578,1.3397671992111053,-0.7507575170661447,-1.2475166850528518,0.9320281164827187,1.9820071331125058,0.5622130169422995,-0.18390257651140607,-0.7738379749135377,0.6396626904235472,-0.8519822850542512,-0.09446299165663058,1.069504529984917,-0.6094308790160162,-0.3693786000204037,-0.20633203737137026,1,1.0930445420624326,-0.671232962967697,0.7708052102256394,0.06891365118251541,0.1263585242379116,-0.3607541959593001,1.8806056836557268,0.3646866683647819
0,0.17705184731856768,-0.1599594789733515,0.9007713596366325,1.8490630795967058,-0.6202064009709801,-0.30896127405793966,-1.1067469740614078,1.2035279312363643,0.43348516569713813,0.2501306744595422,-0.56167621877676,0.7953579652079923,0.9438592784091134,-0.5654942145210486,3.4154953770895253,1.0859243959475502,-0.5176487530221417,-0.3528486135457901,2,-0.2776820774942145,0.20716400870720114,0.1989196220527097,-0.07177513785812409,-0.3414597342485678,-2.0282227551904444,-0.2578819533633221,0.5634882856466119
0,-0.6284808002689051,0.6699176042533798,2.2527596411917434,1.706001131868534,-0.7843407908382385,-0.6213464600912358,0.7589813055350778,0.5572575093240673,0.1671402302950744,0.3095711909232739,-0.5684851274458189,1.1422665813515334,1.1580336210184783,-0.03218318199417086,0.7106710952688702,-0.21117489733981326,1.5376260809038655,-0.40578866724687934,2,-0.5826909927767491,-0.36840213633452623,0.15306184423426195,-0.02425197099995841,-0.4668823463027131,-0.48659229603152243,-0.7023813978562637,-0.8818703322791849
0,0.34869461774369737,-2.9045401073022763,-1.8724988127509892,0.24971345715816984,-0.12511763169946527,0.8526185397058571,0.6034780688467376,0.1024901312362988,0.3221897537007185,0.21179179438835039,1.0063500857518044,0.5044403065037993,-1.1026469167587425,-0.12327117808166188,2.0818338035001123,0.058970574562949296,1.0206379507872025,-0.18761053270778333,1,-0.1557092031509506,-0.6742078766397559,0.7850325928795285,-0.07788642539669431,0.39176335748056246,0.2758951754284593,1.2457799260112667,-1.2122533509395654
0,-1.794158174051657,0.2730158930162112,0.66649430451109,0.5652761378861879,0.4828011690616963,-0.4249690483233469,-2.386172798489485,-2.583068547891515,0.017039899750384335,-0.25438505084608204,-0.8544045075415005,0.018625189086644872,1.1124690475784336,-0.5311283446961166,0.051212485250292546,-1.1881456740238405,-0.3923640853966494,-0.4371608274354503,2,-0.6018182523704225,-0.19164310572403442,-0.29773310247699414,-0.13858845242106,-0.7972066046410499,0.3245367805939982,-1.21975314077183,0.37541705952807425
0,0.05880757960795216,-0.5098890682592478,-2.616269007580055,-1.0101630751214947,0.08771434936124187,0.3981929943982603,-2.036402161941494,0.0973632032062135,-5.51952361243218,0.1054778083998058,0.22540488682286736,-0.510611097736299,-0.8022438097146143,0.9481356851592606,-0.3506034986952487,-1.2198177332834437,0.01634668182885976,-0.5349680583095228,2,-0.30748291260555904,-1.0458373078638141,0.8205357129969336,-0.0863128728256635,-0.5542136129288842,-0.49432122924900224,-0.7337998681617628,0.9689692371702998
0,1.165788088113223,-3.518885167905215,-1.226446215400632,-1.7143769075085231,0.26968499365434045,-0.3714542648748503,0.8467196202194004,0.9324535342097982,-1.819602995440856,0.43362964009802507,0.8369005104220744,0.38057081475219134,0.12256489388288205,-0.24321291058831465,-0.36870009560332423,-1.235238191770642,-0.3463380302923694,-0.1761025831668071,1,-0.18091558276874173,-0.4910898156598983,1.5607861689121876,-0.004588554748006166,-0.45436599699928204,0.3549412591060145,0.11611133501479184,-1.5649560931992106
0,-0.3617118956362471,0.6795966060910708,0.3639632119853365,0.27164642506441944,-0.16090913085682376,-0.06619566776253416,0.7426548601918584,-0.4786436214817123,-0.19066710130704934,-0.25391815550200925,-0.5041618235713285,0.07758107400319036,-1.0665329621813386,-0.25725492817027107,0.6937484093765611,0.19037917911305208,0.12577454798947377,-0.23235003028828244,1,-0.6290490157570252,0.5448949034915898,-0.008211608132538739,-0.07224350904304314,-0.44258627763462854,-0.34273806862156697,-0.6696558359785236,1.8248334216596387
1,-0.7299973636204095,-1.3711736834865802,-1.3697793091088875,-1.2274513865890877,-0.11642701554233044,0.9732455196237763,0.9539548499390734,0.518845303220068,-2.67332846725529,2.977239722336371,-0.17897077141098405,-0.33488867921025034,1.728899518426569,1.0581518710083802,0.1284451549693646,0.4232416831417548,0.2798190745767196,-0.33891445078257804,2,-1.4187828444331656,-0.3991476985570226,-0.837083612328585,0.17932274797779374,-0.586752350109932,0.27441000026179097,-0.7797335725093937,-1.5626790344114825
0,2.24867707487614,-1.879306518240278,-1.6749952056226696,-0.7346633163223772,1.2794534702511522,0.39111157522682505,0.8146166050704771,-0.5358348990601567,-0.8109808555538082,0.27798345967653165,-0.6144137558387051,-0.2956702264723088,-0.9298894410731672,1.049256603428813,0.6624538816885626,-0.3717042353831118,-0.589986214586856,-0.18142859374924858,1,0.27115295988914956,-0.18078846257828796,-0.7668413110024567,0.008458570688964606,0.4254976947720444,0.9892799064578197,0.9290181812443725,1.0772393769892872
0,0.6876372167858008,-0.15014944624953624,-0.03258552084069827,-0.6367043301550936,-0.08594196608714766,0.340409901152124,-0.3189501697363659,-0.7783421756496622,-1.1382797814352232,-0.8092395028421182,-0.1345839962202079,-0.18007179842584703,-0.4837444911845065,-0.6493382084021473,-1.6823714625625752,-0.7433074015817527,-0.65175997996054,-0.08270392389744993,1,-0.7778905266954173,-1.4682101584349798,0.7324615687259624,0.18176455428874974,0.2949489619025021,-0.22461623983798273,-0.6058627408051154,0.7358844309007107
0,0.38105559095344577,0.2361411296159197,-1.444131316908864,0.3677436802807943,2.0191651891146822,0.12975285328458977,0.8703322775730759,0.680471828299447,-5.51952361243218,1.1082495335666416,2.039429836307474,0.3489284099151888,-1.291434446285049,0.1944970691351296,0.7070341016220907,0.08192099608578385,-0.04689096540912334,-0.5776127887167972,2,-0.9618656004995225,-1.5351694192841858,-0.5838283213974935,-0.015793661736303886,0.21980999102405097,0.21204650621800028,-0.8029973446519674,-0.5092668634462953
0,0.3818045109723067,0.5407266596928858,0.6901318370084435,1.1599038506320776,1.1069914199992579,-0.26232107774131086,0.7771367311055974,0.41915149035145105,-0.03130334193591755,0.7896068651538135,0.24798561529463387,0.8594518332790342,0.6048990123927069,0.03519602188897353,0.19583104890616387,0.06352547155563942,-0.3574567652413538,-0.36686938097443555,2,-1.2408012868707528,-3.3953765262048634,0.8021121092164861,-0.08539877454054168,-0.7766786783314205,-0.09294860080209655,0.05388770732381662,-0.27063594981535594
0,0.02632909589311372,-1.7876184946191311,1.7954756513044772,-0.742570991350282,0.6024707651789726,-0.7938523678320699,0.3701703772998217,0.9910143384824294,-2.2906824817634943,0.4880430607995304,-0.096202820728765,1.347401808940905,-0.049324147265595364,0.28934651267645306,1.1728072550740034,0.8609603649067307,0.04712598152583289,-0.6229117182819984,1,-1.5888656238126233,-0.948950398375381,0.6685751805665435,-0.0660829897645292,-0.3671091864493574,-2.197514695134956,0.9389249466085879,0.8097875440979043
0,0.2525846649227307,-0.5832568603818882,-1.2913488652256015,-0.4217626742824845,3.6266680310533483,0.10028008250609091,0.6276144824901372,0.6144741310442796,-1.508625262117087,0.06392124859226972,-0.08583346547216752,0.014561749084173015,0.04820204645623127,0.7101823725831083,-0.43079157753586844,-0.5277390801525443,-0.5587980895608217,1.734359692687777,1,0.8933662098125212,1.1591714621729567,-0.15376929450445526,-0.12904659584404782,0.46689288140614693,-0.2213022180657495,-0.05318645269902625,0.6013858746315207
0,1.5426744906568388,-0.8857800255175632,-0.10302782496648982,0.13206439404749637,-0.21084700144069415,-1.253534324607341,0.3732510228193021,-1.2323451021267995,-1.27641194284047,0.7320698461268496,-0.9597550128620601,0.7048297170369209,-1.2179960729358403,-0.7575791258902649,3.039120353106772,-1.9338499110219969,-0.4097075087279003,-0.25290953945899264,2,-0.3370658271759239,0.47979818981442834,0.5355396148931814,-0.09396433310035174,0.3504093780468275,0.695006441391797,0.6382455980074124,0.20034103615146157
0,0.05956265356230486,1.3670596208929753,-0.2366595175232556,1.449352801933794,-0.20572023092756164,-0.9932306188226654,-0.6369015098998957,0.528478859103702,0.3291373414273242,-0.5104651556773442,-0.21126457681503955,0.5050672129540899,1.67384601876292,-0.09490158942585178,-1.1708942900326953,-0.4293153176733714,-0.5755203354094558,-0.43050655691531725,2,-0.8132047610405386,-2.0470550072485754,-0.1089124500477745,0.12638535364596792,-1.09095311408826,-0.583064402122258,-1.21975314077183,0.3761306328854119
0,-0.49705822448141446,1.5024686142916948,1.6061493333364063,1.1683721035426617,-0.5795226256644997,-0.5151406003261534,0.19423760286507386,0.893074490083219,0.40175035103429885,0.2414675973295578,-0.5206717910318437,-0.09124297928281971,2.127789153967272,-0.5711642394867547,-0.051126376632719156,-0.44674319644368876,1.0136390613169952,-0.09398493197146096,2,0.1391087895437038,-1.6234262854796873,-0.36679900178484415,-0.07077666694124811,-0.45995281987262004,0.1660302298980989,-0.5329330743011375,0.5178619547263216
0,-0.1606619346178631,1.1480132162718433,1.1762147482002032,1.148250719834092,-0.6551992681896784,-0.972629432392657,1.0299856189708587,2.0638483813088486,0.6203651013502681,0.10240729866835974,-0.5292513982331501,0.5249973333534883,-0.007108382750313558,-0.4288066086187109,0.9104742128479044,-0.03007732221731174,0.5442860996008461,-0.44328798926198615,2,-0.11622179234476335,0.672695986719217,0.3682337157104624,0.027905554931087387,-1.09095311408826,-0.21459232724543742,-0.16777543419349267,0.2550916151671354
0,-0.5726882943135527,1.2347618216459995,0.7068561884993084,0.586777293923902,-0.13853434383287178,-0.8434259698598296,0.5893429440447366,2.203644606212846,-1.351590677123618,0.12496025531282026,-0.597750569986757,0.9765574422776526,1.0543776377374303,-0.3055077006178726,3.0637025634999717,-1.129725199255638,-0.14229548482626808,-0.3171996724184465,2,-0.2733846868515075,-0.21748566764668537,0.4062256736853742,0.055639153999662225,-1.09095311408826,-0.763745089115021,-0.6332462257412274,0.17135883866082716
0,-0.4011455349207489,-0.8249803450633364,-0.267111959303646,1.653457552922923,-0.20198333906552168,-0.562171710959449,0.8487626629676952,1.4604208504375458,-1.3350237834181282,1.8665817973385384,-0.5221510282893729,0.8414086407685113,1.6460202007436635,0.5478652000995842,2.5472548089740332,0.40397913215445347,-0.13773182029001918,-0.39531735755117187,1,-0.47258133400108904,-0.5939992370496391,0.6433341386107301,0.15006888965385837,1.0287570428052337,0.005849881126114065,0.7903085055622704,-0.771460272224527
0,1.8917060995825286,-1.9755092109418,-2.2768927900593425,-0.7241369880240555,0.045497354946081814,-0.6107462476976708,0.6416183375988799,1.741346489027399,-1.7882629983176201,0.06392904002821276,-0.19074120092309865,0.5977986302968146,-0.8469229716882049,-1.0692682513377283,0.6206319681131103,-1.5370129986365906,-0.65175997996054,0.49207110058313136,1,-0.23220125420954632,-0.021002489884584696,-0.726812036305117,-0.08487214451776466,1.4317349915652555,-0.27221960885525537,1.6404895787580607,-0.33252737317996084
0,-0.5628427577031173,0.66146260701841,0.3022683420589822,1.690378954390022,-0.5631764362908289,-0.2735499426877232,1.0382028778283217,3.1326596114777603,0.11223513912403649,-0.34994174872635236,0.019651321147209688,0.4900245222497931,1.0136742505700362,-0.5009756985661458,0.3450803529745058,1.9221244698347113,0.0019151224952681511,-0.417069404951825,2,-0.13163810661952158,-0.00041163785975584233,-0.2565683628077286,0.04522326108080539,-0.12000195374029315,0.38198955526569056,-0.3022908174597221,0.15039256324618422
0,0.4488927827804039,0.2190149552176297,0.6719420138319403,-0.3036291999927293,-0.16559907778319152,1.112756759294107,-0.7037974545353224,1.4905791837102176,-0.6793835763962823,0.7076817308325682,0.06988293940702611,-0.06377528165032925,-1.1723671768682487,-0.20440111256900664,-1.292253443178853,0.36399997867544326,0.11439637489220353,2.7761064864651046,2,-0.5019190454894336,-0.12683332362695,-0.6240944795816803,0.0056971251906836745,-0.4331741115756558,0.24404805028105825,1.1227776456257448,0.2545981826623224
0,0.49609638600538575,0.5618281927865202,0.35045687282132304,2.0514955626745035,-0.7511057438137796,-0.6541649912249757,0.8834203306233982,2.055675416655792,-0.24201196325804014,-0.11604633363571276,-0.22547892629369026,0.12416317142794875,1.074747706526214,-0.32160100357714927,2.9261266361105536,-0.411673025260067,0.005562922648112478,-0.32405528316798454,2,-0.6191834044335952,0.6662357392791639,-0.37209426880444413,-0.02535680677731661,-0.17183501086020397,-0.17968822160664633,0.6767744276150367,0.5818359869719046
0,-1.7774724386981302,1.3536895964097415,0.2341700224698033,0.5110221215708629,-0.467297419034055,-1.0370033814419342,0.6733097148668378,0.12563221443056638,0.9390583483511332,-0.9634482187853992,-0.37391154274099186,0.6901814286278773,0.45088920854024356,-1.0888934995914197,0.053706598303066455,-1.3047112097094873,0.5940701921030083,-0.3936681536437386,1,0.41760601189524765,1.1708750977102966,-0.6955585688690387,0.13279847678525514,-0.5436708463501025,0.3114395391861169,-0.31560566419043745,0.2425901145819463
0,0.7200865680705363,-0.35860341651405614,-1.7642054313524942,1.7492184085991809,-0.15410629011224566,-0.49471819064324574,-0.7853623956406092,-0.11987258253337285,0.41515367443799067,0.11748533421876395,0.16913925985216616,-0.04611332105428159,0.02383598526811942,0.8906201310563058,-0.34045373756073144,-1.1418937010918264,-0.2045411349269391,-0.055389457226225014,2,-0.04213206590396379,0.16692857007351652,4.512395273818059,0.018302532758214043,-0.2952853007715991,-0.5327444942616126,-0.5079663910026977,1.2554109698686289
0,1.3295646928994376,-1.7140455783415915,-0.053810854936532204,0.05109932332528287,0.2815057026264056,-0.5148353878151467,0.5516482199194201,0.726915886653256,-0.23412590119770765,-0.03878974379262662,-0.4181993815492769,0.09564988121923905,-0.8966951634408885,-0.18878244843129363,0.3987226581159159,-0.08452054427956723,-0.48288882309759357,0.05381114710469109,1,-0.9844967159690018,-0.14017705797235946,-0.837083612328585,-0.030046334700809658,1.0611935586905723,1.1457003034776259,-0.03217782641443191,-0.8750760457381433
0,1.2157964102192715,0.08359496836342917,-0.701644702921438,1.6698889491867426,-0.7446584578677636,-1.5226449133107676,0.7877491637296448,1.4923083286209626,-0.8875308919097495,-0.43665024769535554,-0.386027863579254,0.3756095563430063,-1.78526162662461,-1.0090089129702815,0.7637839550471649,-0.12945039076771167,-0.65175997996054,-0.16767232514543637,1,-0.9128084475553008,-0.6070824709726654,1.135267895766164,-0.013498498952300202,-0.8779993750127795,-0.0799831212379084,0.009389331333861328,-0.5900693351059817
0,1.3115120812788696,-2.8880293722823005,0.44031416042615695,-0.3145194945505253,-0.284670994406513,3.7533072761574635,0.47191894570796394,-0.09713475981087599,-1.2285920081279889,1.4431933063291091,0.5103200669662401,0.06418658894017404,-0.7622171949376413,0.9423931549207437,0.18670305041392987,0.9911382370818707,-0.02741087915397486,3.05563793440693,1,-0.5752901650346823,-1.652532801355521,0.7939763825031434,0.0016707056820600488,0.7872027936273372,0.09246494135543759,0.9017154745305849,-0.2545322855764096
0,-0.299765943461944,-1.181842844192255,-1.0767151188471384,0.3851958189291331,0.006338546494201958,-1.0382091421835138,-2.2775284847680872,1.1381705364666361,-1.5067278169017833,0.16506808983537516,0.2808953871855821,-0.5152870516671585,1.1792342807934069,-0.4113850171346497,-0.15012360109876288,-1.1513468596787872,-0.2216575412413307,-0.01053203416987225,2,-0.40745516898870404,0.29305793146976555,0.5131687985232959,0.2510029307391376,-0.6893686196717379,-0.1807240954119663,-0.7088236623188289,0.39048840719831396
0,0.18414608908459373,2.1070901236136255,1.5173275068543277,1.7223024202106842,-0.274018077229877,-0.379108443478135,0.7804022068923535,-0.4386099327159839,-0.09960295386143864,0.284556819426114,0.4624676033060773,0.998630017367155,-0.3998647164608502,-0.40470060183893464,0.018716239888533936,-0.3776262359249731,-0.6035427941934625,-0.4975434669945253,1,0.13814653042545125,0.2802524282441222,-0.6446598427534673,-0.13858845242106,-0.03931384937533311,0.15306387063648996,0.4382502041233107,0.4146744017324956
0,0.99629848655055,0.6442122680940998,0.5734569169536802,0.9532687341588519,-0.84772515733421,-0.6904738347276094,-0.5394051759640826,2.373512247466571,1.0286029284498004,-0.5225786516667061,-1.0314663419087622,0.33453078325850594,0.507296384881636,-1.052559942985235,1.8298514048308805,-0.42645628430996446,-0.31908191880278436,-0.46436314408633783,2,-0.512342649579964,-0.2752740531698685,-0.13889077790285026,0.048073340007384696,-0.0312672676303391,-2.3860450339243604,-0.1682289051788169,0.8126777174491686
0,2.1439235509841637,-0.5138592789594871,-1.391353413260817,2.157909424659236,0.2767678048669324,0.0468309296215387,0.9459740556390794,1.6130171155933417,-1.2799557746818075,2.1401135594468004,1.224755670730548,0.6839485861786399,-1.486414991356956,2.324104836814783,-0.7038400717328624,0.7265090617469188,-0.6445122807893733,0.11632260417364454,1,-0.5231387880277415,-0.024099928571537782,-0.837083612328585,0.036948689768387735,1.459848821230909,-0.338369267655941,11.406248156582091,-0.21262078551622898
0,-2.1915952110919887,0.5527356857013679,0.9592867313407474,1.5514292993358039,-0.6979188342690243,-0.013359183810144504,0.7612053764111346,2.349902303939164,1.326769043210458,-0.02068789623725059,0.4235995991188602,0.2531475017956629,0.23478039304252368,-0.7472631529443329,-0.4669177816467033,0.012357678938516359,-0.12368617216928045,0.09748437036516827,2,0.3219575492449602,-1.5046211970087262,0.9318338756128881,0.20528076740107326,0.3725476482637887,0.2280412232394713,-0.05012984046623736,-0.5436711669381169
0,-0.5838963875556432,0.4239801384838757,-0.4844932885805744,1.9097534715007254,-0.6547963751561927,-0.006252032822769316,1.0089559302177946,0.929031517373976,-0.49644960797281285,-0.5620399064701684,-0.2366303660077644,0.07714320428824555,2.7517269784028744,0.1848104099448955,-0.5735848138334686,-0.7251686143182826,-0.6494292357970516,0.13142493347511752,1,0.3404200498450741,-1.2537512460385407,0.37803146712870594,-0.10692970968025345,-0.31798795296182053,-0.9690397898775622,-1.21975314077183,0.7134652055027381
0,0.729678721210755,1.0814979971365146,0.1445410230227729,0.7060266776264941,-0.6896609616645831,0.20361062532409496,-0.9460967539350701,-0.08842902473619083,-0.2646539650634521,-0.694796160649743,-0.09319028331725177,-0.4346454235597719,-0.7146764901542582,-0.8881526727350377,-0.5089561412655383,-0.15000158934084257,-0.347592753100431,-0.45940425661346085,1,0.24254762731646717,-0.22873429652703245,-0.6420075630588113,-0.09980123831530663,-0.13308436615988117,-0.07883218857302848,0.35572233797609054,0.10156978108621195
0,-0.15760028225117056,-1.1186634293340587,-0.4380746028116401,-3.1833993264060787,-0.04754278435884673,-0.3793544149968937,-2.094892459528361,0.15225018984564134,-0.8898879636032336,-0.8856669942082773,-0.23591993493400093,-0.26259707865842397,0.8844663255804692,-0.7771508344580779,-0.5548625029441839,-1.3948843098200563,0.3087260262517627,-0.3212151849949831,2,-0.7549335654683291,-3.9683823249512686,-0.08291538931861536,-0.04496293406451956,-0.6853388967278937,-0.6163731430726463,-0.054656293639933864,0.3553402542350968
0,-1.1641479138938626,-0.05539442288221402,0.25163814312287214,0.17309131937208375,-0.522039304461767,1.0205904000667765,-0.33660871359547384,1.1795342878853048,2.5952375013992977,-0.15881486766444997,-0.57847935443023,0.7042972850677405,0.03065349967182167,-0.881366478802994,0.26196736356087913,-1.2420642732600755,0.11174929221147847,-0.2553055115759873,2,-1.1293939056997582,0.12203072489284539,-0.4364741483305218,-0.03303421946407871,-0.7800448967125477,-2.9404319298463832,-0.1868385358654751,-0.13864709998676858
0,1.5055942055748002,-0.9426371633857573,1.047455285805673,0.7461155359194249,-0.6016436365039404,-0.9808032583919373,0.595373520833429,1.3764519610558201,0.3597081704548852,-0.8910491258989621,-0.5389044781340784,0.33560000028044307,-0.3324484840008153,-0.48335893380548123,1.8781434070978786,1.4761415355206609,-0.19463091502432361,-0.34660069345625866,1,-0.5237840953895284,0.3657213927689057,-0.5680510782771575,-0.09636442887670824,-0.051929328580194306,-2.5091323251805644,0.07573136780005846,-1.2629288160009913
0,-1.4193200600288418,1.3245965358445064,0.7465935006048292,-0.4471874186010858,-0.7072184987616493,-1.0217087164843768,-2.551523653487666,-0.648683455658858,0.9632903402339393,-0.32463469915822424,-0.5828200449400683,0.49367965154281473,0.5091862527854414,-0.3228050179476457,0.6724107869047448,0.26818203525830997,1.3560648804589506,-0.4985511620922438,2,0.4897732534624326,-1.3186357581388355,-0.3286344823794311,0.25706462382229134,-0.1962597574284203,-2.232320565158816,-0.1503400757789734,0.03444412471580788
0,-0.9068481606007264,-0.42039812173477403,-2.9703557722440093,1.914596724995373,-0.264334699347168,0.7310573123358867,1.0772007064739528,0.673904525303598,-0.14495635655271333,-0.11621665731434563,1.4766519409762813,0.20077100142377446,0.25010151994810303,-0.06644770414944884,-0.2543940522046528,0.6374827132012791,0.12924327768746458,-0.20261734679359072,2,-1.4690335872914728,-1.1337111424647772,-0.837083612328585,-0.13858845242106,-0.47351686915466107,-1.7122435886181249,-1.1409057648930636,0.7177939168249883
0,0.22398544369986664,-0.13210360480476502,0.003422023511015282,0.9324444983457421,-0.05218786924061786,-0.43628751317605535,0.5206074559484701,0.2050744468850354,-0.6551563673105197,-0.49920858442479665,-0.4283995065252084,2.40944459962975,0.15335185107214822,-0.017578857657931823,-1.2559510977302129,0.7362688070923404,0.6972358505887283,0.106023080201333,1,-0.4946157042969268,-2.0009579514410984,-0.5994404592458944,0.14783300751258105,0.6644132253387175,-1.028090813826157,1.325152019703321,0.9530991050018833
0,0.8403646549968053,-0.5627827747788772,-0.21997308722985845,-1.0122762815495028,0.15505460961607564,-0.339759336283169,0.7298021572355289,-0.9426434084471391,0.27730270574840754,0.4807549172718689,-0.1312863303082391,0.4802586327229989,0.8519833261909433,-0.01060412270393249,-0.23871929389284655,-0.7055546382643807,-0.23001945835089616,-0.14481347408007886,1,-1.012536280798885,-1.2934465764194756,6.323571541101966,-0.04634484107144442,-0.04975183088808782,-1.9526987785186933,0.03694686071456749,0.8338136230189261
0,-0.24695984216503947,1.0022498233337789,1.5055790362177484,1.4690064774354652,-0.24305746085664337,-0.516225345022976,0.563697665111242,0.09032702346869048,-1.501817864904471,0.04291843981389615,-0.24008574397577248,0.03313277307108539,0.5943126991005897,-0.5194891889569547,0.5036798694817106,0.5257884729096647,1.8128421506547026,-0.23203954662695023,2,-0.7384275367045399,-0.043696924599365916,0.17582217111079235,-0.02966018913653798,-0.6743468046603798,-0.5185164602423021,-0.9294462107454853,-0.5668454904886779
0,0.7692814626873079,0.24375957522196828,0.14640591667745992,-0.10540993797648912,-0.632937416943585,-0.2402261820237318,-1.6257714193878627,1.4258448498953649,0.04129957823052166,-0.42185536115566435,-0.10287865310391817,-0.28457570711463154,1.64538615172206,-0.031644513170022925,0.4524858337246246,-0.6826068476829705,1.2302525605136512,-0.2331341944202973,2,-0.22116599702160444,-0.9597549621096891,0.17783772188900054,-0.1171461736921045,-0.696318144376265,-0.08809795172038537,-0.7493851986360838,-0.5400708683160961
0,-0.583202826157021,1.4396860451965376,1.7527413961324019,0.6663934865426901,-0.42400045154275934,-0.8638761892822298,-1.4281166198723203,0.7367912294172827,0.31847445170035293,0.2764976880545118,-0.5666367397970269,0.5366435002933548,1.173496726188813,-0.5031115320779798,1.7279767628255351,-0.8390455247934723,0.81236625745551,-0.44597559595725106,2,-1.0674011860789108,-0.7200729302157077,0.12785545163409712,0.2163197810267414,-0.6809406100468873,1.5506465974141899,-0.35930954217544736,0.15789629156524382
0,1.0497330615488645,1.775289244406998,0.8747483996274811,0.17957869281066582,0.15169616677886322,-0.6432551926621803,-0.1568651599513342,0.2761981199117275,-0.24329368437359772,-0.04036878291430049,-0.12268166235241032,0.4695679369891467,0.2730166505287106,0.12908953811374796,2.2280145662878494,-0.6633697566243639,0.6142494709387105,-0.04181710997835106,2,-0.05151660497233346,-0.7560816534619158,-0.6432880956785269,0.04371211966878319,0.05892392065973506,0.5152421905020507,0.21742567903796306,-0.4603566652971299
0,1.7336474274870968,0.42319058524250036,-0.2869582240802911,0.3650324637139589,-0.04018162404712329,-0.7528801769281029,0.9966992607079967,-0.017656785514871196,-1.0885325983536283,-0.2604869341685929,1.2474099318767178,0.004322077032258065,-1.029547801406143,-0.323474996380989,-0.2783908788711874,-2.482431326107772,0.5090668950868977,-0.36104456905434823,1,0.147150418991998,-0.12203611049615878,-0.8294427669510156,-0.09872635626991103,0.6615219231246596,-0.310214696892068,0.5575327085100575,-0.3896520048462637
0,-0.5015289279894384,-0.09976815178507947,-1.0081548394506354,-0.023590062273380452,-0.5872421804374619,1.0369344119886954,0.8798598264434994,1.2355423757255717,-0.48118585397136415,-0.18060854721615638,0.14072673039914907,-0.16487623711444116,-0.2267831637748261,0.19956394774836328,2.1939689644605367,1.409559293068534,0.1975394729380981,-0.42519123242721013,2,0.4853856340296775,0.6688085360481396,0.29105581749592024,-0.13858845242106,-0.7053354746910416,-0.617495504852612,-1.0462198002334264,-1.1615548222315413
0,0.4908151976470272,-1.1312374634841142,-1.8138421013276176,0.6827846679160742,0.029052531044040986,-0.973752315371148,0.9318174537081392,0.42525196013784655,-2.6684105410880576,0.7624164495915331,2.372440352070662,0.21708861540275287,-0.0664699676575584,1.6087193735688543,0.02560613371807191,2.004610594610536,-0.11804681040832737,-0.4538515533126569,2,-0.4224997129168959,-0.7190742953022888,-0.837083612328585,-0.07231807377365444,-1.09095311408826,-0.8413023005259574,-0.8394943400816722,-1.4437885969760766
0,-0.059678449344351014,0.9811803512356747,0.7051368491404326,0.12226939189980901,0.13880586566412656,-0.9005682897304605,0.5193527543172675,-0.40231640641922084,-0.2754172266781826,-0.704670231034056,-0.23069590468208898,0.10674026552639065,0.9569599651599758,-0.7801782290216187,-0.8863933297062178,-1.3996308307422094,0.9718106319458579,-0.3109201995886487,2,-0.09961082323544646,0.4758100752563995,0.7153062136509888,-0.10510345707376628,-0.6270551164399621,-0.9195774279671299,-1.1308229368969487,-0.6543626753962666
0,-0.14284917279563203,0.5450772305465431,1.27737146265546,-0.006199068534584136,0.13852377252775186,-0.9948392374426164,0.6040441850633816,0.9857426276920177,-0.3553380867063598,0.2918843849513866,-0.7459716501833696,1.0504582832082465,0.4803019715578251,-0.37868764628758506,-0.27954920539007755,-0.29486238868026693,-0.11991659080636603,-0.5390212723024761,2,-1.3431101869711817,0.2502962964032883,-0.22782923376686717,0.07033937323720031,-0.495405581409907,0.42694258851230404,-0.3954227095668382,0.8142730618302081
0,2.24867707487614,-3.083599491037721,0.7475421337617247,-1.4364190457287822,-0.3138294800512035,-0.8744916306216703,1.08118868134212,1.320721189956445,-2.0894309689412793,1.9075903281729463,-0.49680134593969805,0.5535641970376279,-1.78526162662461,1.0767035584644777,-0.7797395272903745,0.9980508501606654,-0.4163983004477358,-0.5284228435197851,1,-1.5232297649259219,0.4750269581791059,-0.6315597200568673,-0.05792444466480237,1.4830694151514714,0.6188991501550873,1.2838670287418468,-1.5838813501443418
0,1.4987037130192553,0.7888210623327665,-0.0459863642532824,2.512320880840642,-0.6530435722036991,-0.6947597435695139,0.8025378862326544,-1.0262786798457866,-0.24380272988549112,0.32437354320308254,-0.1404721056644595,-0.6754231600476479,0.44479569163169264,-0.203606012759834,2.1475482149936225,0.8942958885954091,-0.65175997996054,-0.6491989346626741,1,-0.2230309074163098,0.9489150851215093,-0.3293189480417383,-0.009578925356812013,0.5170585881158027,-0.05529733410471149,0.844370038923612,-0.4974141809291044
0,-0.5164828560556664,-0.5018706215437523,-0.2785401729767714,-1.5397735321605321,-0.42868781014948115,-0.8057226933947533,0.8165377738914699,0.1559084695625906,-0.08294358852230993,-0.8187333340458738,-0.042442321576425024,-0.726320931936203,0.07849918224995897,-1.0642491970240093,-2.8074635324551176,0.5346891032781861,1.4023621624405391,-0.057508362214254594,1,-1.0966937801740857,0.27348305297719544,0.5783670312875534,0.05908814301932169,-0.054507255914029606,-0.1575463440251455,1.4467980399901634,2.74660788061653
0,-0.5535810955158017,0.879676920996707,0.994453481570313,0.2122867902012507,-0.9760213684358189,-0.6498876432276179,-0.9060805033726707,1.8337956433414737,0.18646321505918706,-0.2104237532676404,-0.5725517449484047,-0.1252956014452488,0.9260867755674721,0.26419165272459266,2.59344254280452,-0.254401276891688,1.400741758056538,-0.5563095739296902,2,-0.727047786536214,-2.0490578112166813,-0.7082248537187441,-0.04210508428676054,-0.5904967291070062,-0.8503796147140845,0.07637935101970073,0.15788856106410099
0,1.8834818952405712,-0.41982855341907854,-2.3384442047192704,0.9488218549363151,0.1530517249440645,1.3825721586636825,1.0092029172005965,1.734992073181691,-1.325264852135151,0.1729626810648032,-0.0877181562112363,0.4389631979391308,-1.0734428214161977,0.03537040491330039,0.7338708200440749,-0.446462959740359,-0.6144696425973719,-0.1348092838916731,1,0.06977831251126587,0.2296265528431436,1.4051432889506037,0.00253312381184561,-0.24881590760890454,0.6347913306055283,-0.3300845663995109,-0.3923484913349305
0,-0.4709556405370158,0.1640558570376825,0.6653129970582079,1.888543393607034,-0.2544781242437115,-1.047773329677146,0.7046309279221891,0.5056890801504682,-1.9894154488645202,-0.5030833621598451,-0.45799147556033715,0.36039929085493505,0.09726387989902943,-0.16512547677469736,-0.08224482615071971,0.6579267541099146,0.3008687303407501,-0.3077258201390134,2,-0.3192420947544631,0.9327282108487274,0.33885357098858926,0.012001756063268337,-0.26193390918134063,0.7305907170512231,-0.6122047104283443,0.5966166853018569
0,-0.7282629994041194,-0.4185741624605416,-2.3901909945469395,-2.3431228043347203,-0.16269064030766492,1.2619866754181253,0.3022038338987809,-0.022269737598218153,-1.2055158447776908,0.21471962162212024,0.7551525116951994,0.024212209707775267,0.08589673933253739,-0.46555855849206074,-1.9102579208096833,-0.9015252133930332,-0.048927762227988586,-0.4098223530320887,2,-0.4006104243646915,-1.0351057374148256,4.755648004851202,-0.004710091081961312,1.0230406716411045,-1.1916602616478174,0.6201383643248244,-1.2354240111910761
0,0.64160980437737,-2.0538665646439287,-1.1836198517847354,0.7802900934744476,-0.28725179247478144,-0.2580991329316421,0.5635332716193691,0.32259198890173946,-2.7442847542493887,0.03182440185567159,0.0791096445563384,-0.17493352221087943,-0.6118941287391904,0.14847679860240798,-0.5705281049412412,-0.03416717400036362,-0.4106626845983506,-0.09314391154716406,1,-0.7862348958769826,0.5165941028746182,0.324268442542428,-0.06493217994499358,0.027745006045835185,-0.44580994445033706,3.006782524454105,1.314405039010522
0,2.085000934028841,-1.7915541603571052,-0.1063646764340396,-0.11823906584173982,0.04752030079361391,-0.32744553322417336,0.7443779666415138,-0.9007232849007747,-0.24584062180093397,0.9613440476522104,2.0109849815165557,-0.3863707641311983,-1.2726036530880687,0.8121089626060225,-0.4610623714438309,0.6347518296739232,-0.5853345691153735,-0.31842415221019305,2,-1.0681919169171723,-1.774054603817338,-0.7451557978414088,-0.10003658680619171,0.054242140611561795,0.6497631605112605,1.5036646160743126,-1.771580352442611
0,0.8775893610194112,0.3810439516686301,0.7039918143917311,0.17160632144788476,-0.8291682435186283,-1.1043094563062872,0.46659614435317515,1.2315874238403106,-1.3666664028745907,0.14082724914821454,0.43937651693143404,0.2535532049603675,-1.78526162662461,-1.0805637646093111,-1.2454739159803858,1.2230218714609409,-0.4152322705235441,-0.4546235066929387,1,0.40291603654014574,0.8016731651126368,1.4944189420875988,0.006043842960717666,1.833784057647129,0.2554314285467375,0.29146622997652405,1.916247882708531
0,0.1919360872729737,-1.0219153026983792,-0.7511013609012607,-1.218474902168183,0.10482696819175918,-0.9794912602447998,0.727535203736106,-0.5632361425713147,-0.1565259504514475,-0.25958543173092785,0.00015428142959500457,0.36925005379606035,0.5068520608178183,-0.28048504329178026,-0.7270324327867428,0.5327068271853423,0.3542401086878977,-0.34205143510201763,1,-0.14525082808420461,0.3411382924870101,0.4291919669559594,-0.006240465409984845,0.02327392115248808,0.31502556281547156,0.038930159173811985,0.3951784629389106
0,0.3144866840704882,-0.10810162406305923,1.150838492644249,1.947939292261031,-0.15523518585906093,-0.06275333210750123,0.5749738983950273,-0.8118867151378445,-1.48211405822317,-1.069468274262066,-0.42313690663500575,-1.0349871895955942,-0.8251665535699002,-1.2632579803958137,0.21604174793036246,-0.8823916791381481,-0.18581505499549567,-0.2501662254253654,1,0.13562608318927716,0.786859098200777,0.9580519694307139,0.008831369027225491,-0.6018902313947502,0.1396701049343643,1.8754634596953306,-0.20071801536462036
0,0.7075440028845892,0.9426297798898984,0.6645234430639206,0.17370702008172634,0.2602972138035283,-0.8680653270504473,-1.3526605891101542,0.6197269572227098,-1.2471453343467385,0.019784385919491942,0.03459067730634313,0.3182527568144629,0.3611113469623744,-0.3128509932544612,0.07084899878405859,-0.7517190233685582,0.7802013080898003,-0.23960212617047497,2,0.4178690084531452,0.2562225124726637,1.529063498455008,-0.0785629285028164,-0.8433576330698175,-1.9924992239144421,-1.110373130931761,1.0068877505523104
0,0.8951558835512923,-0.43721425448801526,0.8413217704890326,1.1532734758202512,-0.6330527695545759,-0.29648735401060045,1.086720188196191,1.6145336839706144,-0.9234735878333205,-0.5578894339238427,-0.9164620301657708,-0.3233505770845737,-0.623920057122273,-0.34013796170901034,2.725073427019904,1.9568260308366345,0.1431493149841909,0.029407582636115093,1,-1.87737378862638,-1.026890279510133,-0.020799675892811176,-0.13858845242106,0.6442032293528794,-2.7676071512249263,-0.40676964900580725,0.3137237907081631
0,1.559446582917021,0.11452107073235085,0.4100861126385815,-0.30724794933857835,0.03579577046415011,-0.6959566968557741,0.7798716155680604,-0.7690749304959277,-1.032387561705,0.7780534846738434,-0.7180056081952637,0.19616903360359744,-1.5298141053239025,0.25272813610026873,-0.7694889718904299,-0.5979926242867192,-0.5585116523560725,0.11603680765103222,1,-1.0742706986256847,1.3123045233274915,-0.28787855944659213,-0.0436402359913772,0.9039082014869159,0.1647044623640288,0.028139864861553066,0.06690005260645737
0,0.41749498599389,-0.9523601758465217,-0.2157586322474646,0.8669844755279267,0.20427719935043118,-0.2691243984982774,0.5969559602782855,-0.42617928601227334,-1.445401125584355,0.23175794174371092,0.016527398823983686,-0.8272053951316056,-1.5165489596966388,-0.9916915500761647,-0.6687029638268193,0.0658599007495728,-0.65175997996054,-0.22801625307793716,1,0.12620818854010674,1.7233206303054234,-0.7267626741420393,-0.06852262329626703,0.38745085839131943,-0.4443605511873505,1.147409436117578,0.4956141211293594
0,1.3063979159315564,-0.005249349229403011,-0.1766969780029004,0.8628958801664952,0.2579707037814157,-0.4732659250815392,0.4352318304323834,0.8005031694615875,-2.38481743341989,0.9661681300771038,0.6801571194837549,0.13993121343699005,-1.1217561951226391,0.08111008368294603,0.9983046292011791,-0.5803382485733054,-0.35539151397597313,-0.2377050005175076,1,-0.6758166815744691,0.1679748434114996,-0.837083612328585,-0.014084853985419615,0.405314273522394,0.42565682742929645,0.5834643203748016,-0.7530897489872105
0,0.45935066305582123,0.43138087414509857,-1.2305486443985965,-0.9869455099487552,1.8361617852385992,3.5954900524484863,0.43541881193917514,-0.20313289452024125,-1.2166492353909868,-0.13931035953924892,1.0335993877711158,-0.09567079062644579,-0.3752522960102916,0.24116370756278488,-2.267002132626569,-0.6894974173837484,-0.4299875989662994,-0.3515657245338751,1,-0.1216080123687519,-5.292720731861321,4.256509195792271,-0.06601316997592908,0.335268171264397,1.4401965957436034,0.37595694771166077,-0.5126446140962301
0,0.661548748944651,-0.5125807935156157,-0.09254688190385918,1.8466185911225783,1.4972495875998764,-0.4637627199303253,0.9573968729728423,0.8025258846297862,-0.9877536559366955,-0.3236268271618562,-0.055204662521761996,-0.11315758820548824,-1.074494022219949,-0.18935680532573743,1.027711805648805,-0.12264730216375419,-0.6059323924633954,0.3807777792876445,1,0.37753081740998745,-0.031450392319845394,-0.837083612328585,-0.10811234204220857,0.12320288846060655,-2.3506181414631775,-0.7077964780608481,-1.3608586852719498
0,0.9824039390458175,-0.5271245894809551,0.33157711066612006,1.7783155799861736,0.3952864024463439,-0.37258280277016065,0.34520249195034347,-0.7961643094523203,0.8477632084362873,-0.45433080233098655,-0.12139792795110696,-0.25476497181641355,0.9940587993237538,-0.1614150336101014,1.41328495957636,-0.2289318173188855,2.1312210897364663,0.710527454761345,2,-0.7995749243679747,-0.08473980073912957,0.04460746375562019,-0.09293105275727098,0.4822321026944557,0.4421862604844786,0.18689738566958325,0.6747433694103879
0,-1.184917928720201,0.3909663044048165,1.3698918510252651,1.617371246806527,-0.26419892483946605,0.3593830319581366,0.8169473734219551,2.0998808444791512,1.4863475356826417,-0.33779788054442617,-0.402823732143129,-0.5547702872613505,0.4533898481451898,-0.36340278848093166,0.5119946550588911,-0.5519116006775532,-0.19875536506023278,-0.03301941402140435,1,-0.6566500453355779,-0.8456250496289617,-0.837083612328585,0.040106280175225356,1.4764523698808167,-0.37018138054546634,2.561021034047391,-0.5551913796746817
0,-1.3682473120510183,0.1391759530898954,-0.8867424699129622,-0.061262948472343814,-0.2723794327860745,-0.785965551283309,0.3977420030544188,1.0381129625783736,-2.201033101022797,0.242829949565735,1.63735920203982,0.6092810018422087,-0.955130980838173,-0.2576134501069185,-1.2019587095016733,0.736520561533154,-0.289672591386626,-0.0656425580835982,1,-0.6234186669479592,-0.041743409812539795,-0.7236060008478197,-0.10864888280748577,0.6247189460764673,-1.7297761538791612,-0.7167542609978943,0.13168776498598936
0,0.39196949227931405,0.5190908654164901,2.124091985532039,2.420410182720364,-0.26615110168183653,1.6873520128003392,-0.1980969861574745,1.2319196497838885,0.5261448277145544,0.3616839869314983,-0.18594397578525979,-0.43146954790282005,0.12856076571472688,-0.6806885770068244,0.6377401616378111,-0.056880357162077955,0.22107275695065223,-0.40560999898781924,2,-0.8188950101726563,-1.1998449977444867,0.9374643531747058,-0.01568368160656672,-0.636198835172004,0.40852472414270347,-0.7436681491379804,0.06201412766236719
0,-0.6710680752411813,-0.20149335099649152,0.5950104508311121,0.4333898427695796,-0.42608631226755017,-1.0671322141589212,0.8415207796334484,-0.4170443931170354,0.8085191812351556,-1.0069228013709204,-0.22684836655485996,0.6475143973895644,0.3666120829065739,-0.27721111052632963,-0.26291380026683603,-1.0610397476905564,0.028879643771274693,-0.01746180992491153,1,-0.5320541133806387,0.29588635925262985,1.2345589346464139,0.011990820071543992,-0.04442127488216566,-0.7189976310698263,1.0529332761923538,0.40654198327087643
0,0.6947345126731722,-3.4181525349784714,-0.7858315659763083,-0.8255161981500664,-0.11432851298434715,-0.5151308316806794,0.9435168111183839,0.07383565138296422,-3.0823284451316617,0.08476778617624726,0.757443955504232,0.4302980529617347,-0.3610734348474217,-0.09399392658528416,2.0441690343921346,-0.4466681504707923,-0.65175997996054,-0.21918895600057617,2,-1.87737378862638,0.09693875257136952,0.0093786987845439,0.05180376379607757,0.5897647913876054,-0.08082770988596666,0.34649092472527543,-1.0588288597794626
0,0.9829550500274027,1.720508397613526,0.8976302308386613,1.4280242646999983,-0.6103585142327492,-0.6480227853502907,-0.8233317830611429,0.4106293828318278,-1.0116793663309438,-0.21601495822265823,-0.04979710014309732,0.1523808564355135,-1.5882310789948373,-0.4547912688768232,2.6044349027422506,0.5698113545638529,0.027258270195081438,-0.6753672537090761,1,-0.5369535689113025,-0.26948297678535166,1.2533913953047804,-0.038408061690329134,-0.1709419552159812,-0.8304151285982264,-0.010627800210448929,0.7084350261706415
0,0.9740839150128913,-0.9162512861212317,0.19305667131813514,-1.7519323105951925,-0.13035801485554804,-0.7878820278718168,0.8530019890135844,1.937477033084245,0.1267271952455047,-0.3619035652956738,-0.5556972445752844,-0.7450787837114857,-0.7081355934623315,-0.6878820273014727,-0.6897938739856071,0.6852646532880685,-0.0968442224614429,0.34081523588930085,1,-0.3379719683243145,0.9589318236572406,-0.837083612328585,-0.014859817910568639,0.22956138325060438,-0.3177812519079815,0.46470550723559245,-1.3464798715618707
0,1.6419127288739934,0.9557157933621603,1.692060081928182,1.2625169070130238,-0.6987724589361914,-0.9852291213183703,0.5021241470911326,1.0099632198651445,-1.0404530194064125,-0.2426437372847092,-0.9563063511192454,0.4099111442443811,0.4357405197390726,-0.7074986306782548,0.7916718279831548,-0.7736599423871029,-0.35559056166284164,-0.2839471812690079,2,-1.2279388764264128,-1.603275866722532,-0.41755615019400794,-0.050739717430873535,0.5503774696705754,-0.027728579923697705,-0.13435013552330743,-0.019083049841915223
0,-0.323382290987305,0.22979787143838032,-0.5062303459348303,2.1425815957557868,0.3193103239794993,-1.1787469800245063,0.8612394377828991,1.4178049653061473,-2.925759352896293,1.0064043431801954,0.10450840434083816,-0.07468459657397597,-1.1559383968104056,-0.2943285075630354,-0.19648389168402547,-0.5298986343130645,-0.43610684123633725,-0.5998491533218158,1,0.009835033969858076,1.3999768402074546,-0.7304807046358387,0.02360621028177351,0.6458932564597344,0.7848156230910904,0.08669998976322546,-0.515351790309758
0,2.24867707487614,-1.1559806977094482,-1.8182389250559208,0.5198278151633685,-0.1496637067118802,-0.31443611144449013,1.0213826181818062,-1.4419725184255099,-0.4000903519742377,0.26241827166323195,0.2800046423294284,0.8024095928794295,-1.78526162662461,0.4117290888496473,0.09658359962620722,-1.1178922742154627,-0.4363302245148867,-0.5016520723754508,1,-0.7012677509916524,0.0037737509615629605,-0.19577723722660334,-0.005345761422686675,1.0358345712410708,0.23522953164114327,1.4708279010843106,-0.11757782004039696
1,1.1021787476696836,-2.854508963921483,-1.937060484885832,-2.1182299796054034,0.9551071781432103,-0.2688906542431404,0.7795166103527125,3.45344147801399,-1.2825302375325418,2.7984950815185003,2.2819739389742937,-0.07611287072932832,-0.9664477179237192,6.17871224543115,1.0925401917708013,-0.04196057946718401,1.2252888475876782,-0.376590371672923,1,1.2487105963641865,-0.12802405426302182,-0.8218417298111983,0.0848473019431353,2.650750671824081,-0.5020429225926746,2.196367625966492,-1.5596549701445457
0,-0.04019065589517251,-3.5629074160370044,0.4219431876362668,-0.7734448246530848,0.15850334217563267,-0.1895536474789879,0.7646500729317971,1.4721848132431246,-0.611603603981423,0.4774176514962416,-0.46127307263548495,0.40071274715716426,-1.1517788893656606,-0.5412049561547966,-0.40762702389532324,0.2657168856465002,-0.440772956560044,-0.3179101035682854,1,-0.40228375843099673,-0.17791633066726426,-0.6866424214232981,-0.1301849452465081,-0.07414320872576916,-0.03389465968329097,0.2409038165863952,-1.1715072742463395
0,1.6169451573207605,-0.863460858439535,-0.6124693318531965,2.1385320675871733,0.11408162535033768,-0.6257854562342728,-0.43864104820180344,-1.139612931897266,-1.1962931787419062,-0.4842641896223005,-0.33470459201899455,0.20752250259984642,-0.6519191750962564,-1.1946026411372008,-0.30852471100450946,-2.3400279111503073,-0.3879470495988136,0.24224852412089803,1,-0.8453571988047754,-1.5219705133197454,1.1483695208135787,-0.0033727673856274107,0.09459323161901567,1.3659819621002378,0.49133245982734364,-1.6997277314156933
0,1.3919207574976162,0.5856399463646049,-0.238675315554503,1.6488965850133672,-0.05639777536888408,0.3588477948692472,0.9704498537658081,2.0435847302481083,0.3195428527864066,1.075651518541926,-0.6622538331254127,-0.5196303016465323,-0.6919647605601238,-0.8417833095224372,2.6688757400171443,-0.11440040955671049,-0.62354843272254,-0.2820823341678925,2,0.24938773668663924,-3.130940660449957,0.2770941736878628,0.03474096112423811,-0.00490408235901274,0.9398426334004756,-0.1886809891395682,0.5392453540844673
0,-0.3671265026322399,2.0582957885272295,0.8648064413103989,-0.24060897861028296,-0.5068399770097973,-0.6478387597902787,-2.138435780743497,0.8845041092620818,-0.9686761918841784,-0.3360026116323349,-0.4234543082224042,0.44828981995577216,-0.954724773879589,0.07841181318462931,-0.2532669333621992,1.4583372299992086,-0.19598158889277337,0.034616403072088464,2,-0.3481457855250305,-0.48455604759351323,1.3796494964065802,-0.06970780190634553,-0.1313742787171217,-1.109700862543432,-0.03266587336375548,-1.2162012604713361
0,-1.129856438736994,-0.79165049323626,-1.3241024446668443,-1.7564112043637599,0.407303312605801,1.3659696206518461,0.7047751458614411,-0.6820083111016423,-1.907200826136072,0.3457012299465091,-0.7398066695958998,0.44175820072166233,-0.12048188918927877,0.8263015006880885,2.599514997262406,-0.6063514517787015,-0.4914831843475113,-0.11720013948946023,1,-0.8917328999690601,-1.153657651805445,-0.15787288943339572,0.009549106771125374,-0.3613755177310315,-0.2038221702674704,0.34412763700990473,-1.0108282371304154
0,-0.6945089642595226,0.21164903345367928,0.35074334791272194,0.522168921575464,0.7707039739145879,1.1510732993539974,0.9056160969928466,-0.14478542735632405,0.4519470345055818,0.25467456153819445,-0.03759100793935531,0.08159075240941785,-1.0351814989224535,-0.0001423468025227026,1.385521969360624,-0.4603642105447937,1.0150765841422915,-0.15566867683160163,1,-1.045155147304441,0.22510842130801967,1.8254308645247324,0.21773775984965507,-0.283767654674489,0.722858775845844,0.23415409803759993,0.09531691473649959
0,0.7599308276183772,-0.5010555098755876,0.7870511468886132,1.3043297797600473,-0.1998915357587015,-0.49329062715225486,1.1949537386580222,1.8265262806842668,-1.0902888954451575,0.040045398340489924,-0.21086793466404158,-0.3571702486207128,-0.4549115254036575,-0.14520326406719022,0.01195853815774034,0.8740892382416422,0.041918244218583506,-0.2453011763427405,1,-0.4842008683346867,0.20103383019036442,0.1950964159319779,-0.014321723449707911,-0.5472427489604462,-0.09188341987054,-0.6176923557800243,-0.1143073623876747
0,1.3038338623940702,-1.3372475488902773,0.4911512185111584,-0.5378748441795584,-0.006535388165109679,-0.5732489858803881,0.7514754005309389,0.4851067498585572,-1.4753092943211685,0.3525592054178029,0.7420359335978757,-0.19272241268208928,-1.5787121467223049,0.5979040004700601,-1.8601046840184785,-0.040514881752581,-0.3742961447341636,0.4152787269351513,1,-0.550885113176408,0.5118262280678195,7.170100649556456,-0.019745794977068444,-0.7831441621735271,-0.059878038604058006,-0.3582397442441789,-1.0740710190272462
0,0.876555494041064,-1.7425368747117325,-0.1489699847545508,-0.3240131875537183,-0.012571290741850594,0.7954223920474697,0.5276208318000203,-0.10887206877631095,-1.5975564394277737,0.4503470210066358,0.34801548995261106,0.33115572895929424,-0.4737600476308082,0.14001389084900964,-0.7456668477309543,1.7904444320422015,-0.5684427955784291,-0.3824136512466146,1,0.5638236166254671,-0.5133127687865489,-0.7145321237644824,-0.07423031862983287,1.1524402710477588,0.4229329630969236,0.16659391012386826,-0.5650573786426254
0,1.0239485250491636,-0.038130893700195206,-0.7717100191634018,-2.8469546872662517,-0.9511883107938217,-1.0213208340320021,0.655427558430749,1.1106983722972854,-2.6628496286830465,1.3198303805737603,-1.0237529614179628,0.528496115568045,-0.3093916336418226,-0.4858357255408524,1.5241677606416917,0.0031657224636498227,-0.5825500594574406,-0.5042697448472984,1,-1.6033475863301105,0.1558371214913395,-0.16310449322898124,-0.062436558787220764,0.49429677844601144,-0.363161515259508,3.0542296548979593,0.928905457585423
0,-1.1933415105571978,0.14738956844760193,-0.05938763339484887,1.8797968397941032,-0.14205076481918655,-0.6117021555702128,3.7453954384503945,-0.4340865426289467,0.44579696622837256,-0.6849463527773738,-0.22034986457542644,-0.9158882345457942,0.6057221097786114,0.5005396948222275,-0.1795715411760461,0.8810380757124217,-0.5387529195131601,-0.17783413672172382,1,-0.1646051300590464,0.5365259845418439,1.4558353809048736,-0.13858845242106,0.3857438707254991,-0.4869230817937694,-0.35546952275692556,1.3334836171977025
0,-1.1391371700527912,-0.036605355773517506,0.5597532784775966,1.5073954422323008,-0.44507855908074273,-0.301309126129485,-1.6781889833980013,0.5832436891388044,1.231618940611982,0.1034611054973473,-0.52937515478152,0.17765423044271755,0.7352644496017027,-0.89114490228135,0.3882995450330993,-0.7947356387309097,0.7742913395205492,-0.18240422156893515,2,-0.935685184070572,-0.7216235737948898,-0.837083612328585,0.20356802443180594,-0.4245856056758635,-2.35751163972109,0.008327800412823105,-0.17274488610213795
0,-0.385104231551824,-0.2358473237163773,0.6896918691921498,0.42407529380516173,-0.39740627483465907,-0.46993985888114753,-2.529689778248443,0.2653195538152724,0.8811304960648886,-0.16190620103563758,-0.7476094326964142,0.7388179446029406,0.5166533023180255,-0.5440160135347262,-0.48175971533547446,0.042746786998388554,1.302718116228819,-0.3839080885397053,2,-0.10449367408062801,-0.4191200554756601,1.5406724073941496,0.20871221150014407,-0.5201447041586513,0.28396221801804544,-0.4354027482276651,-1.1141505547192967
0,-0.5635108702797941,0.6613169759074511,0.11501299237128054,0.3979018244458358,0.21397269454606638,-1.1279155921770783,0.6468317695840086,1.4734976979705945,-2.600646574777784,0.10139105632227922,1.3263383474574149,0.36614874078997045,-0.3245112692031208,-0.5348352963292518,0.917438946048647,0.3558673707844081,-0.34726513360194683,-0.5599331673522752,2,0.42914771205683394,0.7064782614572849,-0.62652026922244,-0.060188935607288496,-0.7181796574271964,0.17387729764674129,-0.9475884091091304,-1.059764506459421
0,-1.0298161409576663,0.6018858838311654,0.32185186996894266,2.309253487814711,-0.2665427708770075,-0.41697035191072745,-1.5114947401497338,-0.24178928337153943,-0.6780001770297561,-0.6280535735286252,-0.1859220362603114,0.06310286550381175,0.7539169863688753,-0.21850237376578585,1.4992310884645794,1.2533733633329907,0.4654553675767783,-0.24435455299374512,2,-0.18530250274978674,-1.0357873423955508,-0.27442689192560377,-0.13844568835179744,-0.354856284075139,-0.7389025202367454,-0.41490973648895846,0.7594692227300629
0,2.24867707487614,-3.9044712701190525,-1.3551245649235777,0.3757944192663373,0.022393202181110905,0.19318992582593952,1.0796917360349174,-0.7905124617094198,-1.4313592446641878,2.2251093853754815,0.251883232908982,0.6502626531095265,-1.78526162662461,0.24912495308289517,-0.24090175306514983,-0.4057642694290522,-0.49340979800327334,-0.24374567758132795,1,-1.3944887948518998,-0.08088649681356087,-0.7633953653719298,-0.10817428734718425,0.18701466712797662,-0.34161313308112223,3.5247056787921607,-1.0075125130811076
0,-2.139358505948576,0.37870013959449433,0.24075621163561178,-1.6581736394003967,1.624531761338087,-0.782303436443499,-0.5780291494247853,0.6615562691950956,0.33311605488438056,-0.5466449436790651,-0.22947908755227653,0.2887798068642059,0.8804346123296223,-0.9457894792005717,-0.8227207241905621,1.5027740526746798,-0.65175997996054,-0.224998777705,2,-0.52823786380241,-0.446599224463228,0.42295679879777276,-0.13858845242106,0.15470613489883844,0.3035418272880125,0.43169080768486434,1.0123393337250866
0,1.8108518267323843,-3.5741087844829376,-2.491530082558746,-0.21367841923470698,-0.500823348504579,0.29931983686079777,1.1760003310670872,-0.2386652625949821,-0.42872222782790426,-0.043520658790275835,1.0814488777278517,1.2508541187180504,-1.78526162662461,-0.2992452444802277,-0.5162331015796053,-0.2187089464130781,-0.31368137535505725,-0.6090998340235001,1,-1.401468399099116,-0.016055688985093547,-0.837083612328585,0.012142348109655227,0.46913664709356395,0.5137611084006858,2.0280097250896683,0.1592283527367727
0,-0.034544810556385,1.2748488905498692,0.4525643431287978,0.9103545921909681,1.131125942170803,-1.234177660612516,-1.8950833296316216,1.9933898639281435,0.16424167671651518,-0.06751020766476101,0.463628814428132,0.5876703342958053,0.02097854887496431,-0.3370536031306548,2.401027328715551,-1.3846947058529602,-0.01426659038018624,-0.13534518072850654,2,-0.1519002116442485,1.426311796692683,1.0897795359380602,-0.03317594909409548,0.15535389892422646,-0.4904127282739315,-0.45467880315410625,2.285133368774404
0,1.3427893177238093,-1.8734443808481849,-1.6895010025733634,0.1451854707224991,-0.03972586700700337,-0.16642647884773787,0.9576923686434209,0.8982465230145381,-1.5217996901935873,-0.38604917803899463,-0.14861523504466628,-0.849233805531728,-1.3595817129626868,-0.5314674060179724,-1.1537931991884518,0.9517286593176432,-0.65175997996054,-0.31293536308724507,1,0.08254466077172311,-0.06181351223776285,0.2756576633438698,-0.0864989270807031,0.5131068565917482,-0.056660591209439164,0.8870696918274376,-0.12715787006938295
0,1.9774347580756206,-3.0348804195308783,-0.3150342897573781,-0.9636353923897718,2.1193039554827164,-0.6260679274918717,0.7622370423343321,2.7856529569801776,-1.9913694911069102,0.5021690920754961,-0.6579216307497144,0.019159632392056668,-1.268190101527259,0.20520188216445293,-0.782889291081573,1.4752386333480585,-0.42184533717583517,-0.20083050678998404,1,-0.8656886397326726,-2.1843679181834426,-0.6408787850382557,0.07151851776097218,0.7395941719241343,1.637194972090621,1.6472733782752171,-0.5892686463523344
0,0.09592238375731522,0.6598949602509014,-2.4891368587492844,0.20862692928601945,-0.5675303147230822,-1.0112215063315342,0.6375242378534374,-0.06412639322534985,-2.675739736304786,1.1570967285052411,-0.3490471893270385,0.7099398613649136,-1.191253316274316,-0.9977294839915936,-0.7199352582033627,0.22398477300687383,-0.65175997996054,-0.0569016468452625,1,0.32122738293157493,-0.46522481048031594,-0.837083612328585,-0.01826821149104068,-0.0662244237649163,-0.6179007325444711,1.4083937038107182,1.7341378729810342
0,-1.1825873114135932,0.9862209743958432,1.1300888291508404,1.7341299105448613,-0.14288148723308752,-0.4932739641065255,-0.9761990100465436,-0.19706225806296074,1.0495276868127532,-0.1712379123167696,-0.21782177285639195,0.11110100513550403,0.4733273527523717,-0.8207332408987857,-0.2935867510280713,-1.1300305501837207,0.44260586085768805,-0.23772563271381225,2,-0.0822321140351082,-0.8537470186781027,1.0330191666365132,0.13944758745105393,-1.09095311408826,-1.9350402034781053,-1.21975314077183,-1.16280803386201
0,0.5161254106319919,1.5435577907692226,0.5568045926715733,0.7566858182885456,-0.56843542772592,0.1250131173085356,1.9093634614513926,-0.17493201349233553,-0.5813554658290776,0.9280392621568704,0.6728165748739137,0.6110440243778601,-0.09516027390181436,0.17042528669005896,-0.36651977944225805,-0.13987802854846598,0.10139369825416064,0.08424424850918666,1,-0.6282082464087222,-2.776618845419611,-0.7739028215987428,0.0579700264672913,-1.09095311408826,2.1084480587412413,-0.48900148289280243,-1.2130071376118359
0,0.7157721372061541,-0.21432388774530986,-3.095183203476221,1.768970007265015,-0.24877043686561207,-0.36674517997633743,0.983636810934538,0.8369236859040972,-1.372930259830214,0.4370484940208599,0.056142298500409804,-0.1320847616345318,-1.359350936766714,-0.39896852047123366,-0.17605745827578756,0.11877034126049202,-0.45178932245120385,-0.23274221354836502,1,-0.8750003850834687,-0.9993420371007815,-0.837083612328585,-0.11788409365684291,-0.02740917213314681,-0.4911137515166757,0.2520085307501741,1.8388252517507566
0,0.3736103968287703,0.9663870080019419,-1.7306278439676814,0.8299777199681722,-0.7602730006193763,-0.6415078698323462,0.5917761546354287,0.7328432219841219,-1.6510985950641,-0.23496022256776963,-0.9131962820039368,0.23200498339385037,-0.7398226313715183,-0.9857655943004829,0.012012301021975369,-0.3388735210194787,-0.5229160041831591,-0.48596869978486457,1,-1.0128947020881494,-0.06050481395028673,-0.3813586357709455,0.034567773566125004,0.3633998979760289,-0.3988801092014246,-0.01197305006552607,1.1247336369194707
0,0.03242742781001229,-1.3589501858235908,-1.3756758843354402,0.26260975061653374,0.7125537995087223,0.06685214290326426,0.7351136925867054,0.5748761330593818,-2.4163479240482966,1.7475673190770717,0.42238127202831705,0.49897894177151947,-0.8168099150982991,0.16606273749835399,0.15782721701634372,-0.35095092369756775,-0.08798890551926625,-0.5644981804996362,2,-1.5294956261774513,-1.4962194664327588,-0.38467675634805754,0.04048163530784771,5.873098208062536,-0.48310745627175544,-0.32797846957990556,0.19418691368927857
0,1.0998224225674627,-0.4746063505665513,-0.7417290836436674,0.5831740405363885,-0.4036358119547096,-0.6863387465201297,0.7554753372606368,-0.09579851199044498,-1.3379332980173548,-0.09532168991136045,0.027545834494239252,0.34208187724531036,-0.6214929570223294,-0.21389510211576868,1.4105878832167698,-0.17147757739934422,-0.600888414405263,0.018499542048706352,1,-0.3689701888904233,0.38874714658065324,0.44174286107182303,-0.12350652242993293,0.30491359135586527,-0.7309550730592855,-0.36361728076572125,2.158092137860645
0,0.3294085591406003,1.0254854087884595,0.5284986284703861,1.3491902520744197,-0.7314759947822064,-0.5819792229434315,0.5570657110791384,1.9258775666145378,-1.1835889267435549,-0.25601813224815656,-1.1274867682904144,2.433459760261367,-0.25122421903879455,-1.054452159615517,0.3808904046662319,-0.06250786943019049,-0.09165626118474657,-0.10729129569653467,1,0.5388067357597754,-0.35736525391102775,-0.05029809865597351,-0.13858845242106,0.3505433059922657,-0.02691623599149856,-0.3927539525625203,0.191568739528162
0,-0.8527066278194335,1.7603341414113758,1.6875951414699097,1.0197763398079334,-0.1428212005541933,-0.5568832540408692,-1.2263880958000961,0.6491321691188288,-0.8040693552257577,0.24969418006731758,-0.17658589133222974,0.7202658092569323,0.3161992475881977,-0.32416660328172753,-0.1509611481151069,1.783276037394455,0.4831411254429179,-0.25127551262824876,2,-0.18652692386207448,-0.5791688567663683,0.9829465100161264,-0.009849143325005867,-0.41170161425916363,-2.3429425566886835,-0.2536671370318506,0.4104708419548939
0,0.3286365963751152,-0.2220470538018932,1.164155423628538,-0.10908935681591442,-0.7289348685003711,-0.913512272830031,0.822111221430869,-1.3176648049323925,-2.0323986549130044,-0.1022024551860648,-0.5388693610685446,0.051490455850985495,0.9378890569923551,-0.748297686349081,2.0502847277711744,-1.3400557317044313,0.28134978430878527,0.6416926979241936,2,0.26149154021839033,-4.988097536966304,-0.4197095318721726,-0.043907480333704285,0.3109252781886651,-0.3396962059697475,-0.7166435983712952,0.9043574081739054
0,1.4426409662026702,-0.7664302662473486,1.4273993324646153,0.11372137323980397,-0.04931268504146202,-0.39135233213577764,0.7602254339122244,-0.6488038742147438,-0.43827938451514664,0.1007525693843386,-0.5066798525152437,0.34571786155594086,-1.1161170232321547,0.172168068266227,-0.6054662187470358,-0.928407535646013,0.12044463301148162,-0.21922136059219194,1,-1.4414838236500849,-0.12751500164871235,-0.7399047520824746,0.048558604121556506,0.5659824746747091,-1.235763670021692,-0.07272921196702029,0.17128316905190244
0,1.0428147079895693,-0.0745023307620408,0.012978286939880568,0.4184112239404637,-0.4713813401775887,0.10243320834199576,-1.1952256584579914,1.1288924504227213,0.35346970797516863,-1.0065076492060347,-0.639285244682809,-0.014986027856406459,-1.0326722062426241,-0.8539194423586606,0.08784734505046676,0.16338264344193892,-0.10348297259390346,0.2703531919781497,1,-0.8011036446625501,-0.8895552707909835,-0.1824574660505917,-0.08420089739609112,-0.24956585836020734,1.2918336866771263,-0.33330419797003175,-0.48900765373052574
0,-0.20594911431480928,0.7085854680148864,1.9269053059700685,1.5596495782924031,0.2947041069970977,-0.15154731975769037,0.72303065917293,-1.1987330102572655,-1.8437167458032362,-0.4471367410201402,-0.6341980745820914,-0.354936842696767,-0.7461176138887904,-0.9222726242263368,1.1183184825766186,-0.5874364708032951,0.11844384422832568,-0.4949495165401773,1,-0.5705051266956748,-0.11674625573995046,-0.6834295640518452,-0.07106330479031149,0.39359034332800225,0.23465017036333996,0.10042114267219299,-0.419362452471642
0,0.6464631899746144,0.28371982997107004,1.4674708315105018,2.8229176593694274,-0.5936524476414244,-0.5125159676939722,1.179622489418855,1.6829280331018053,-0.33148483061864875,-0.12852770264612573,-0.2917741597058645,0.6565988874284322,-0.4636266312102878,-0.12217814631648664,1.8397038498871874,2.3491311971649402,-0.16153387679924858,-0.3232504619520986,2,0.13072543521357263,0.8648732767231824,-0.19988109782657348,0.14390628814970968,-0.5437152417339102,-0.19329375974492535,-0.10358794619293236,-0.44512664148329795
0,0.6500126140281876,0.19632142172006412,0.81890163729186,1.4351032839555444,-0.729307773058546,-1.1294884830470608,0.835568828885758,-0.17157484410031104,-0.18479673875051866,0.2374376155096839,0.03241829277301206,0.8473085109776868,-1.78526162662461,-0.1559751968401957,0.21081739204022043,0.1809982696090343,-0.5729352377356545,-0.6031788196603083,1,0.15217689142161317,0.011248030930193664,0.6515162173801533,0.2367733601771809,1.0377131978720326,0.7321760475863732,0.6954376515121461,-0.2689594380320012
0,0.46560979283681003,0.13683440716626277,0.8835056404062978,2.2056672848893104,-0.03109277825781842,-0.63565589499908,0.5387887977835698,-1.8466839151872279,-1.0793161276501029,0.264423773871376,-0.044395364563229026,0.48878195278523545,1.3316735165035467,-0.4415698846530484,2.2444759408135635,-1.013921424649656,-0.5673139129730836,-0.2946157701527479,1,-1.637758070450301,-0.6226969747999515,-0.4068732149233563,-0.12651172409560696,-0.185165967338009,-0.47779802211286543,-1.21975314077183,0.46505582127531153
0,1.0779457495680005,-0.1979812442400679,-0.4046370841583026,-2.807525577611048,-0.006146316820006215,-0.5280790917823337,0.5498021037524013,-1.3601028894088798,-0.3692067732552358,-0.2909531714510132,-0.5576643705518513,0.41467968796813265,-1.1821365584260939,-0.17432702694618296,-0.5482914179236943,-1.9801826837137115,-0.632934186235882,-0.2573014680114839,1,-1.7432911451288358,-0.4259216044593974,-0.16315532121431553,-0.021785770139905958,0.10427509850248325,-0.12797182902631354,-0.42029991605805994,2.1089913711149233
0,-0.5334307553060629,0.03606137032859877,1.2650617273913705,1.1211248779275473,-0.19844714555369344,-0.23058931347232614,-0.2224989907231344,-1.5639797099944004,0.37085845911969256,-0.18782978271055042,-0.1528932004613182,0.27480891954579423,-0.8379693306285234,-0.24477784881012535,-1.7296194163891299,-0.8136560559190023,-0.65175997996054,0.08512827570644588,1,-0.317257024363743,-0.2496465054379725,0.29280507904041997,-0.13858845242106,0.23491402427143426,-0.7401841629534246,-0.06724211971096983,1.2673098264672067
0,-0.23816791904438062,1.2663364205353647,0.4735956562799925,-0.671042217282397,-0.6889877343371479,-0.9954478559516085,0.8472563192124426,0.36500548959905327,-0.8083492162887621,-0.5737266798435028,-0.9607565405105908,0.7583228216177631,0.32937644468044347,-0.5951975552282689,0.3528989448389832,-0.3204631302198433,0.19852244085545326,-0.31226592155383326,1,-0.8204221265069085,1.8431081934566353,1.9569352747013364,-0.13858845242106,0.46920456125711196,-1.0317818787717064,-0.5592469486117864,1.6667767068890902
0,1.8730709277845405,0.061311985977209105,-0.08329147838908729,2.976219331069837,0.2717324416541959,-0.1814210606584682,-0.5056422912226894,4.089071982590937,-0.436574556827578,0.7869320618565423,0.512526853592877,-0.5476850245413298,-1.0118356014678949,-0.3289327162297675,-0.4811269260193819,-0.13119052229061096,0.10778403269030687,-0.3701178097316185,2,-0.37348105934659137,-0.30553754574581293,-0.6864595978981538,0.0524752981808992,-0.18593462339857436,-1.39730656136996,-0.2743770990825112,0.5041253822476598
0,2.021699393251528,-1.3685093015520233,0.15074362163628754,0.7247329809258953,0.12178395828549829,-0.24226687344291997,0.7067924486762636,-0.8790626627128048,-1.6993796544227324,0.2108691538420517,-0.5661731041873338,-0.5690597487307427,-1.418134197218682,0.2865614336254223,-2.1412785926657003,-0.31617202585165266,-0.5545184336642368,0.23041961135765188,1,-1.7225484964250324,-0.22988218357491572,0.2469994062823036,-0.050577377601754146,0.5730260885065745,1.1490951212312028,-0.29036585537995646,-0.20009755984596317
0,-1.1221930461796776,0.31076963776956235,1.108141940509974,1.0969151818025678,-0.813197078313913,-1.3222302239644432,0.8504586155632468,-0.16147270111017187,-0.6395959244962321,0.091445088057376,-0.4573527666489208,-0.0009582499142063439,0.10559282564302874,-0.7933649038318933,0.29794389036818125,-0.3855818350270747,-0.30565741038834343,-0.4586421258047389,2,0.10265182479488617,-0.5032470793545196,2.285769062656149,0.0051214920522112545,-0.6389965106419173,-0.4317157141813358,-0.7715177539295208,-0.278700037558579
0,1.0883144962990807,1.3081459570263045,1.3577547242556651,0.7370959657084526,-0.5655982214654094,-0.05796851056289637,-0.703935655423164,0.2710309071462357,1.4831296125774944,-0.448521214426589,-0.8064882394137856,0.29846468228594786,-1.2005470045492022,-0.8682151067769108,2.353492929411506,-0.16446178290544988,1.1300293893660327,-0.49869941815858976,2,-0.2547637975947569,-0.43763521146885287,0.679255803853518,-0.031995105642773455,-0.32335934746151124,-1.389924297618157,-0.3387306461080466,-0.12788535013823177
0,0.5752740011253774,-0.09189330288777509,0.6751291461785044,1.2760314026306228,-0.05477867624789623,-0.6311076841413166,1.1659338702482178,0.013570641147915286,-0.24393566515170495,-0.21990324996521832,0.0801062872498591,0.4795533285683476,-1.78526162662461,-0.09663948350752567,-1.2923757236824178,1.1973367181654204,0.23062290293249543,-0.33932174066652504,1,0.33485239366118313,0.30532263750639527,-0.7535556216847843,-0.05996792517933803,0.21501815567866056,1.3830922561316314,0.8227248288635178,0.8418485415718754
0,1.5750522954472932,-0.40118795625838843,0.6276526047574702,1.1844351624876104,-0.002825254158764501,-0.18768293968340957,-1.0651020470448986,-1.2351633419986676,-1.4737160032291112,0.4902851801961633,0.08071191238470209,0.4027449036451475,-1.6945247577253628,0.18134870426975752,-1.3772175250056238,-0.6975456388286765,-0.65175997996054,-0.13448040764499558,1,-0.04130281143923478,-1.3688754046069471,-0.6133381137157861,-0.06470872070610685,0.4370703166777311,0.3828423587104639,-0.0034282426616489836,1.0136650267792522
0,0.835617873764466,-1.1993763516520461,-2.262113429295471,-0.018300760486752,-0.3695686133910896,-0.34570955944612675,1.2755459170097834,0.4306375759764011,-2.0085393433904306,-0.1967672472916006,-0.3243897783168749,-0.6337373133350798,1.7399441009417576,-0.10091139997605086,-0.0401575898652452,-0.35224276623118367,0.07730611501166228,-0.3107967769759801,1,-0.937374180242408,-0.9887866029829697,-0.8104423301282836,-0.05910399686377398,-0.8628112338320632,-0.24038578619431433,-1.1854838910747951,-0.5766269282134417
0,0.9145522306476274,0.08401585737472017,0.4453291038966163,1.1450159385797276,0.15900969201878157,-0.7634179196704991,0.5226533376276017,0.9647209476247283,-0.14773017484165218,-0.33691100610991825,0.02557634141245954,0.3861512857110619,-0.3204917686634424,0.15280876739166843,0.05310926827909834,0.030003801363070515,0.1646009414385011,-0.6284683434154031,1,-1.0259071653161906,-0.3429238777747914,-0.4120952124859362,0.0028331800847825744,0.34015387470805775,-1.9201010164812837,1.2913508407300465,0.33411334185723446
0,-1.9883468395057555,1.2755039688437217,0.9114078318319785,1.9682366989471003,-1.0546777364182984,-0.801888434078966,-1.66718124547227,1.327784547835384,1.2284977503898242,-0.5628606082622202,-1.0895343058887728,-0.2975969682926557,0.8723165186246963,-0.42551693158949916,0.2119940996711182,0.4438941173817157,1.196828723029867,-0.7083674791908687,2,0.4268137124092376,0.14706617049688936,-0.7028512100903148,-3.425846291936485e-05,-0.7091186980186446,-0.48254646464958284,-1.21975314077183,0.9779790495611518
0,0.37462662805382463,1.0635399902341371,2.3824629502104493,1.6281868153885815,-0.6820018935006917,-1.031534590982231,0.17907058833560552,1.1411955048100682,-0.17511822150914674,0.0205140820372246,-0.21726574977177016,0.1495808238101007,0.4476507921427888,0.5326077231511174,1.9387876849907024,-0.6765287722130439,0.7436454929748353,-0.4641975995744443,2,-0.11984882142590919,-1.172537610641727,0.28750667600509405,-0.05416399703448032,-0.698784485923819,-1.0502083181029036,-1.0582026394895263,0.9235081556406377
0,0.05600658333558131,0.8622794782602315,1.606705476357957,1.9146025654855054,-0.5219419428142388,-0.27805548151158926,0.7608337541930082,-0.35971424305366195,1.4857044417298084,-0.4734983126947954,-0.9378427935059548,0.40513683024490194,1.7482362121285488,-0.377467306532009,1.7487667234180788,0.9511293575657642,1.493366511066826,0.13896597032665026,2,-0.7032698066825913,-1.0436121805746905,-0.1877187144704906,-0.06146508728654534,-0.5611755803437604,-0.01234731178371451,-1.21975314077183,0.525505656939673
0,0.2828132995677521,0.5665768178883861,0.1256361903083521,1.6236656390621713,-0.007388464397262429,-0.8629171660853101,0.4821631482835726,-1.275822309147862,-0.05782268445690825,0.19384445506507483,0.4223513204117469,0.15755809796161374,0.31837163141782243,-0.0026999413021142893,0.28824057688955484,-0.38814379877568234,-0.4353637920697807,-0.3854742939769144,2,-1.376165301324175,0.1491696743440074,1.4069961001051976,-0.03094210665604966,-0.4492964058966119,-0.8866446034998643,-0.1038027245644661,0.5263556414699997
0,0.494746418535598,-0.4814175314302999,0.3330762170611799,1.749438858326373,-1.0272590539663642,-1.3590966393507453,0.7421567037350308,-0.9810151632332709,0.3960093978245675,-1.0581404759336297,-1.053287657837354,0.707614159734554,-0.8996248363084862,-0.8024673918865218,0.7886922572253288,-0.11204913671715455,-0.65175997996054,0.9979289334247807,1,-0.5661611220324507,0.444351854331099,1.422181920340479,-0.023091236989437387,-0.2749802807875616,0.2700876703611861,-0.5263914062526872,0.6801888797188234
0,-0.1933137128673783,-1.038035221078002,0.5669102740659406,1.6358546488710393,0.46306253234540357,-0.7184864115662112,-1.1999434979142434,-0.6636937047053127,-1.077588893444915,-0.3799631915712772,-0.44864777838932324,0.2647180583497195,3.4044961166896814,0.08659779924949695,-0.14970998060344576,-1.197114034052598,-0.2922077739739522,-0.06644844947870376,2,-0.3440528400913021,-0.6377157593417732,1.0093967451799295,-0.13144009711613536,-0.5650476191580118,-0.11931355275830913,-0.5124410449498678,0.933674058582858
0,0.3267370384785315,-0.0591774549556012,-0.3045454547014546,0.7491690452856667,-0.5239004186825967,-0.2607900056570496,0.8266561201388319,1.0713879875766203,0.7583182299928701,-0.07636867650923834,-0.8377801716715013,0.8054248445931089,2.5085184631207733,0.03293518056295097,0.13599333687415815,-0.16140879854827161,0.22089536596961357,-0.012672424776644486,1,0.059891939967450236,-0.014778315331389846,0.48495616981010164,-0.13858845242106,-0.326141916393599,0.46201383020769127,1.3311467067951401,2.2626320152906594
0,2.0472729540432466,-0.10508754919821905,-0.19772619339690028,2.225202872643746,-0.32167748407750124,-0.7795928117149646,-0.29712308855949665,-1.0739137991094059,-1.0000594325004435,0.5931155587461027,0.373638127916726,0.3441389298465227,-1.2624746841933945,-0.16174578673737294,1.321105305090406,0.1020896016344191,-0.31740668914843145,-0.3707289409901797,1,-0.08209714803726009,-0.6263832455751022,-0.43539200961692653,0.16956262181886378,0.6225673588078731,-0.06257337895120474,2.052552535911877,0.6863879795960739
0,1.3304193482486726,1.4514127590473462,1.1646475740959523,1.4719642397170032,-0.5385559444856729,-1.0572871038660785,-1.1243898897164855,-0.9624464132679101,-0.47857484654548627,-0.5386106780482737,-0.10304912295353694,-0.6926006309339838,-0.8415716102040107,-0.8000013450754846,-0.11621525817857448,-0.5007493969306817,0.6579990224344404,-0.37625093526231573,2,0.4578821024697961,0.6064572596938274,0.23703694583173288,0.0329059612026613,-0.3812749857458274,0.6000208682598499,-0.5496359429534158,0.2686606651061053
0,-0.019873130858523352,-0.07299187001065105,2.161246827954221,1.7579007862370324,-0.026696234533648555,-0.8878212726089598,-0.9645080266541565,1.1170305786610875,-0.11715449047223886,-0.21608555737173246,-0.583352719093215,-0.7123986781175269,-0.6219446661791043,-0.7677741433138492,0.03646143325050699,-0.5381641750843881,-0.24913460366067788,-0.2952507337403823,2,0.07433084816788221,-1.8339736061061513,0.02016098328852428,-0.04948616553544058,-0.3943053603242034,-0.12301164905707368,-0.8216660578225262,-0.38356257002602234
0,-0.8476294055956493,-2.2559692289037043,-1.1076712347702176,0.045083340418150875,-0.4145291520368077,-0.18706691808541714,0.5663415208434026,-0.5280440851796984,-1.4193058012100603,-0.07143331440578166,-0.08315490784217344,0.17835759959235759,-1.0152322039767796,-0.7305042037692661,0.18600776172419975,0.6610747961091784,-0.5603597187353941,0.0632166731445924,1,-0.3295408481835229,-0.2693447758239579,0.2824329419226394,-0.12361469888047945,0.6297627503737787,-0.9593163137547068,-0.0891324192863108,-0.5010659514992148
0,0.04162685327201626,0.07340292322884173,-1.7872593338928784,0.42096436613791577,-0.3438959467675975,-0.6299252377295872,-1.5527747996386494,-1.471158761640807,-0.19485597498717006,0.04446889754103625,0.012692318130630542,-0.4292076149564443,2.068140906939123,-0.3111234045828196,1.907629459709757,-0.41264774576524044,-0.02544281727296968,-0.08821685118045372,2,0.3349393725385354,0.41189839149353674,-0.7476523676015775,0.129046084325815,-0.7610815172428177,-0.6621303604978981,-1.1127640671177181,1.3991879163341308
0,-1.2530589454534151,1.2621926948021773,0.4719424843793939,0.9119450245433648,0.3712826835931133,-0.8751816803327397,-1.8781529469430116,-1.9875068739031203,1.223389213430693,-0.6873418980013505,-0.5529846068009829,0.34559882165574557,1.1819144540194957,-0.2849468654026614,0.6063724064682631,-0.8422021599144558,0.3140192154116377,-0.16766493123167975,2,-0.1942817284818476,-0.5869637972520894,0.966980818786793,-0.13858845242106,-0.889802768556794,-0.07076054592489689,-1.21975314077183,0.699298136196856
0,1.272288919412583,-0.8701973789826869,1.2137963112742827,-1.1478208879326923,0.8345596894428152,-0.248718605722749,0.7012847068472567,0.7610582356959638,-0.7945294563746963,-0.39513741970092997,-0.013449589480309013,-0.1477932640829535,0.45389550665970846,0.08855621724659726,-0.08736318096299625,1.1291608617741449,-0.44960333429111954,-0.41961513305623477,1,0.01812033411903105,1.319772838671649,-0.6843529057698199,-0.011107633583310586,-0.5797985262316956,0.2048164694584353,0.07217272647941972,-0.12162352408573185
0,1.0318490468436254,0.9810451758663897,1.3393087897678009,0.6747129745800916,-0.8154120301900996,-0.42308907270107954,-1.1481004123888847,1.852771205846522,-0.752016528265971,0.3025507961975934,-0.07888488351391365,0.709913131371338,1.945189699705626,-0.5739256559633686,0.723321140581065,-1.3757670040153054,0.6445193659681048,-0.36179515024596126,2,-0.7405530348462177,-1.0582499149716862,-0.4952832649523875,-0.090081467469207,-0.8691190680045632,-0.542957609572144,-0.6592658572410793,1.0463566912755633
0,-0.9957516603760073,0.3008263547683697,-1.450938920547335,-0.07036192806880692,-0.3572534964738427,-0.9254941422716592,0.48661771289629063,0.42808364808723165,-0.6164175240088997,-0.6406047344878573,-1.099333181816495,0.22039806548647425,-0.09018696205230409,-0.5639402553426557,1.2849688948148021,0.24516810831883074,-0.1977321868380864,-0.2381811949475311,2,-1.5784147539412423,-0.132212734857125,1.1238986659411299,-0.09803835075351175,-0.32568978685385835,-0.5550940592771513,0.6101658009877021,2.1462839821308153
0,1.5183170439909501,-3.0801767035971004,0.191814273131588,0.9211490651434758,0.11155828636655873,-0.3095703886768652,0.48718900805269816,-1.760982424835644,-1.7100712437160692,-0.15647381561288493,-0.0361850722818268,-0.11594701336806174,-0.8296200647856653,0.6534809723653638,-0.9554134162766929,0.5438608570957054,-0.5442497950612769,-0.31409790760749395,1,-0.5227724274381407,0.8495462038211514,-0.6509157644877558,-0.09090461918657719,0.5443783047725969,-0.08209324496616482,0.1901519476355839,-0.07458358658457526
0,-3.212689908962303,0.7986064250417372,1.1965722051733672,1.2187001792682373,-0.5808049677552998,-0.7485175391510787,-1.816950019095709,1.4430403013910973,1.0473566212151215,-0.32318141060780037,-0.25080996350356316,-0.16864816321363063,0.49633616531487745,-0.6952111263917673,1.2471929154442125,0.28995368855225306,0.6573712413361135,-0.2855180607481097,2,-0.2931824905798854,-0.23395041985458864,0.21579701956004513,0.18923166334994201,-0.35990896334330225,-0.11333794619853088,-0.5487973408496811,-0.274963530489843
0,0.25251534701156997,0.37683688757674516,0.5162098317292343,-0.3382059770625804,-0.44637434143751675,-0.5954995322637393,-2.141913841652677,2.4918252097856914,0.1658979957339545,-0.15925892752350446,-0.4499185080702456,1.0258350398336495,-0.05388599779297244,0.1086778544769963,1.7923495932600704,-2.264488075583769,0.12413117699814216,-0.2517496822036279,2,0.5938250887488506,-0.06054599433283578,-0.13665896461149407,-0.03648482071978666,0.34418529127088304,1.029366656210322,-0.19636412865098102,0.9125066177656513
0,-0.4533162015721222,-0.6600641749062829,0.4097731464158303,2.1121738139431763,-0.5724187036275245,0.05595418332707347,1.067648497698093,-0.023490635051817144,0.8051751611075846,-0.5201283607719472,-0.6492034653413257,-0.09593330889785118,-0.7177470911833819,-0.21010572002843012,0.7732351000080937,-1.0394935670121217,0.272393597983724,-0.0486471973333826,1,0.09035156017497939,-0.10667514114191601,-0.7471991050233981,-0.031002653318565224,-0.8256157391057349,-0.36241673401169505,-0.4896242985595592,0.06223492501363703
0,0.25671713036327176,0.06662489692120913,0.15227933767767865,0.006631031845967805,-0.1726545066189076,-0.7072772208030595,0.8229086961680292,0.04346399001396617,2.2031429740303627,-0.27127890630978124,-0.41686313893939925,0.6444029308025523,0.971422541471211,-0.7442125618684479,0.1300976770738212,-1.2253216715168627,-0.16038963528150707,-0.17956241309322082,2,-1.2728058759308039,-3.162074711269092,-0.24970590581306878,-0.13858845242106,0.04554922129367038,0.7560380020493349,0.2302366499505999,0.1670287677878747
0,0.1317577538165262,-3.210919088539309,-2.6264976188513502,-1.2382888216372396,1.8488977409571252,-0.6904888355533361,0.8075034936622187,-0.9216462852390408,-1.5716834069548833,0.6861459253830815,0.3088442943948445,0.06070391959429411,0.4432085129547879,-0.16490656507097073,1.460529522589393,0.494448427089977,-0.35914386499043305,-0.24631863779308832,2,-0.7052273942076446,-1.6495913397083823,-0.04987256761673364,-0.10509508420510233,-0.49571626225184906,-0.12066274914643867,-0.582997375570415,-1.584094352045039
0,-0.19928303039853595,-0.4195668309860007,-0.7083710702409132,-0.9049331864217548,-0.26168353562332236,-0.3204838169971381,-1.5387666732194405,0.8048849338245343,0.4503334819522574,0.33013198522733367,-0.6676547872841448,0.33054304121213895,-0.042951564785733753,-1.129146664053316,0.6643034195085429,-0.8985040824802143,0.6653397445436533,-0.37634236973109414,2,0.6176934730137594,-1.238284766462665,-0.3300681850394255,-0.01345486573763379,-0.6563678392186403,-0.105446632186259,-0.13386992401768869,0.3466870265032572
0,1.2196512499923162,-2.2041396189230875,-0.5495071750604521,0.2980265397423115,0.31390940597897465,-0.7884108396522027,0.9347302496460325,-0.14346829180376866,-0.9870097786002484,0.575299672999763,0.015082134024482996,0.7070473190927933,-1.7066796897850314,1.4537055687318836,-0.9875394419365485,0.21086877889882888,-0.46257998896273295,-0.05918194307202537,1,-1.005615209060601,-0.48850648217521225,-0.45268569609887305,0.0751735313439681,1.065591077689482,-0.10786225168805576,2.9979620275852605,-1.367573054727381
0,-0.7147926847474545,-0.24368011177182558,-0.9292480799946597,0.9009094767789331,0.1634898287851222,-0.4852854679740649,-0.11950154182802908,-0.43073968801544865,1.3175284700297123,-0.7213943761835446,-0.4602837791409147,0.5224914529623199,1.5149967228079626,-0.8385332835471768,2.4159549157438005,-1.086418263154469,1.3796467003009762,0.4239010894096778,2,-0.5616066796042319,0.8088736877539346,-0.7237619565990246,-0.028230681611814648,0.2111139130176744,-0.5506509063838734,1.4168864458663033,1.4927319164553778
0,1.2577830661643836,0.009718916936961586,0.21003050977749743,1.6925821735958366,-0.6803880940128026,-0.11949680926312305,1.0830368782162119,-0.08535150026657279,2.292357732443361,-0.7695324819185503,-0.13427070874705235,0.7746654413487989,0.5397864396805974,-0.07368237630933264,-0.6888406008787147,-0.08277546002436909,-0.2232886372137575,1.449086374577923,2,-0.23355391152829405,-2.872764547968746,-0.3678605018945231,-0.13858845242106,-0.5774692053008619,-0.2994427962516877,-0.8746874333887458,0.18733272255381425
0,-1.224223899532206,1.130955228558205,1.8224736163146797,1.0182094706680471,-0.5359134757626575,-1.1479787662680172,-1.8197208821648083,0.2111736492636902,-0.01672335951458137,-0.857017033581805,-0.68703280433792,0.5205714916790295,0.36305969055523235,-0.1982977982700486,0.23371348856557783,0.08703555614504754,1.512839805445912,-0.40099472161895955,2,-0.34750825497146964,-1.867069134654729,-0.16244354245470527,-0.003526943984234386,-0.5552071450343297,0.7189964633178063,-0.5366984118455436,-0.1181656027610799
0,-1.3716624650156117,-0.2009202183232499,-2.067911201445613,-0.5102547088377729,-0.13229453889083592,-0.8741890680532292,-1.7161960951567368,0.1389261675518093,-1.4462447968333692,0.1988840103867694,-0.3301244375134364,0.46532863288004167,-0.271245526392776,0.06760171842390383,0.502327844906824,-0.4726951863101586,-0.057181056811211994,-0.4373324525868809,2,0.3233393716612617,-0.2473634418021884,0.9488788141166415,0.0009974966637229937,-0.5551510081097044,0.05707774379695463,-0.5579773573826822,0.7571789947671205
0,1.8531568421072577,-1.5553166886168888,-1.2309424522489025,0.7519615775474354,0.10231051742641173,3.1142171351915238,0.7006301966327648,-0.9826049644596699,-2.5309827607794473,-0.31420354849120535,-0.16687539276409408,0.5380034624251293,-0.7390428997305558,0.6962477910378959,1.8319311490180437,-0.6161491399260206,-0.5520722013900916,0.5457772513703969,1,0.16474691553687482,0.006653262684625627,-0.016463522703978994,-0.04004184023830833,-0.8022802245847114,-0.7918541381659486,-0.39126425408982224,0.5705494059332015
0,1.2704897153359531,-2.0433153341844523,-0.9361375640595413,-1.7564704945973466,-0.23301318600630785,0.49157848730170817,0.5546826137893047,1.390955184690086,-1.2552216220900285,-0.0027308193422475036,0.08557607680395923,1.3588505296487177,-1.2536244914345378,-0.11254467358839365,-0.45359868111321566,-0.2872914869650752,-0.3865198893695294,0.3163001696637202,1,-0.5362498396923171,-0.6899954880981947,1.0322525547181385,-0.13187130301667868,0.9663168063636923,0.608394290602468,1.351374964605495,-0.6172756245790322
0,0.4629620166677343,0.5806617764887627,0.4984398198513299,1.532660914714842,-0.8240535475195033,-0.13490732013836065,-0.9679847204708162,-1.009962933167758,1.4679376012352323,-0.03446054096742379,-0.06320300379606936,0.2324507840385076,0.2572066146191276,-0.7535244203067577,1.788445128428974,-0.9206662063396144,-0.24941008806855208,-0.08246075228614094,2,0.08270884997957806,2.6098553424604254,0.057662602607115754,-0.04303006556075332,-0.821744892370022,-0.16541364348950768,-0.5951472335801352,-0.6409579196324015
0,0.875656138550852,0.36069331683918754,-0.19960964015148752,0.7952928299898181,-0.5127809997963465,-0.5800565644080697,-2.021534559716689,1.0463564461764967,0.9704163625892951,-0.5131000965852867,-1.1323617497441716,0.6739081721656288,0.43800539305352865,-1.098738326745796,1.7646628760744454,0.24439885430167674,0.6370260392041781,-0.4824261695627352,2,-0.24261978086834107,0.315364948508312,-0.14422103486541704,0.08163104753310103,0.047275043191553165,-1.1281514879116528,0.2927102849117341,-0.03502577050665484
0,0.31608342950431345,-0.13179212048394123,0.6195308341288259,-0.12096542358034257,-0.5784483713641034,0.19325967388071053,0.8446019276965863,-0.4149112180218585,-1.5753415532162367,1.3489106408542237,0.01642842839529257,0.09515451126259372,-1.1103409588121735,1.1630356794608632,0.19757564833071828,-0.5488812189434985,-0.21180557806342215,-0.12929223688543268,1,-0.5187878522258795,-0.4581868684657545,-0.7012634771428803,0.27372976364204704,1.0366564385856711,-0.22372856567759253,0.3324458469694212,2.3271402467928546
0,-0.15558688428272016,0.5171672154763645,-0.24434489769672907,2.317994998066492,1.875975851862422,-0.225718348581399,-1.992604032771244,-0.43284915150918957,-0.38490604063089434,0.05709954483489743,-0.2106039931862515,0.28965831326191055,-1.1734536393307515,-0.1622915414685247,0.06412702880181054,-0.8981323467571163,-0.32348401713063046,-0.4008065366193222,1,0.5667031203719642,-0.2239547312477185,0.35991379690311065,0.0034117623969491806,0.11603558402227104,-0.1860872337018194,1.3431802235048007,-0.6470335827842801
0,0.40257420500817953,-2.9065297785682773,-2.3964849966349333,-2.0719788971781297,2.2232897808075966,-0.6110871868986423,0.7567499003870027,-1.276205972999226,-2.5175758618013226,0.7447785387038012,0.6119997239873067,0.2574896992929502,-0.417699121200806,-0.6073718950053344,0.027770576880457476,-0.17824024995670462,-0.65175997996054,0.24580674123175839,1,-0.6902605952606018,0.6914774744688259,-0.8064870281762347,-0.09446099989811776,-0.7580422122234671,0.3016534408682985,0.6960017479027185,-0.9600229039451641
0,1.2558469622390522,0.485849032531712,-0.596964753833304,-0.25492125274833316,2.10842980017395,-0.37772317151480217,0.7531965789445763,-0.05723019320373013,-0.9267876875699682,-0.40841121667035235,0.3027808424585469,-0.20388954825200756,-1.7224089587893991,0.44915074312529,-0.30593091032001346,-1.5734745101484693,-0.40683562621133956,1.721754884458895,1,-0.9419046606645591,1.4725678369334327,-0.837083612328585,-0.0413481220580756,0.911502323157481,2.069382397241386,1.2983295797340946,-1.503217723529503
0,-0.9517990555527146,2.089159676268418,0.3185645610586896,1.6454083522818446,-0.22740747296823813,-0.6080589080829248,0.5154836266158086,0.142926933016982,-0.8165921600538337,0.7059521550839762,-0.3088322581661672,0.5647382592511602,0.5561666527247373,-0.7900744088113405,0.8647632351899784,-0.09049700600501476,0.3976062178431775,-0.2851893025611865,2,0.5094026172068202,-2.0061502347267384,-0.22935081061428755,-0.03831365807079542,-0.2347230602443255,-0.04245307175115819,-0.8674881184300022,-0.5490966658050697
0,0.9713982987812483,-0.045698659301526945,-0.010516599016910488,0.4708370293306594,0.37585876107331845,-0.37445704534881835,0.6552469336603962,0.2531076985903084,-2.0284575025645672,0.13607821427707392,-0.145692050415346,-0.028748757318578677,-1.7459786599185665,-0.41808151934339877,-0.9664738191088977,-2.232578703673452,-0.5602525966621053,-0.059859105077177954,1,-1.0666181511816386,-1.8860875036192923,-0.02969547628492858,0.031547518638049526,0.1561145549540125,0.6718374408612531,1.537994638209911,1.4498401344276524
0,1.0682653222347236,-0.10595653403777905,-0.13943408410509955,1.2476861477417733,-0.07850821811910735,-1.028254578144564,0.9433649018689487,0.4771717097784379,-0.029356071004979445,0.37657017042626706,-0.1371811306042778,0.9222488815859571,-0.5590239745961441,-0.5703657490368255,-0.3362563441784536,-0.3107670150914834,0.1144022870660803,0.00814274069198851,1,-0.05413111432018061,1.4930884274627947,-0.6453180300893451,-0.120894769647078,0.5576977006948511,-0.9119461744875074,-0.05905214508203027,0.4822249926908225
0,-0.0811602289250255,-1.0193593233764702,-1.587965875776308,1.5857633658830106,1.6285173488604987,-0.3573322967705475,0.19732151855815572,-1.126293769764173,0.3878535332286307,1.7928227670580321,-0.6569514444370456,0.40552951035756113,1.6054043652993908,-0.11505497169343168,1.9621516592879664,-0.9529035539436188,0.07499637570694792,-0.6477933714466075,2,-0.9572016340690879,0.37621854979930724,-0.7247685333351349,-0.13858845242106,-0.14711118141795632,-0.4208387379148413,-0.914631926016118,0.33861102385696434
0,0.5192027187258788,-1.427028038400324,-1.1790047817821032,0.17611682722133137,0.01612493634833595,-0.42021945712139097,0.8292384098646778,-0.49465811460624454,-0.4982181484391559,0.8679505492649819,-0.306938907096907,-0.34648865639234877,-0.8118867412757066,0.24356326319803367,0.14317534917378247,0.5056450090665895,-0.3517166780229614,-0.32151966413029215,1,-1.100355217953429,-0.16589206915149166,1.2678236454721499,-0.12954923230882592,1.1213967149414117,0.323100103001975,2.699674784821412,0.6328665486984761
0,-0.8005459389882159,0.6273520632927276,0.8928722258599957,2.200672935764918,-1.0057241418760032,-0.789737061885164,-1.597508825227533,1.2297500809018596,-0.5083559545706693,-1.049272929709086,0.07024652710936852,-0.7105495104311569,-0.17461192227071215,0.2738663155019382,-0.5972334843863688,-1.1534173458240886,0.0967081514558191,-0.3576826680075794,2,0.6438468134880002,1.2500573515482465,-0.4124994920680721,-0.1282804055812581,-0.2641400520799618,0.2932227928023023,-0.43497897704888455,1.15934845267803
0,-0.16587478440799042,0.22705988558412227,0.7721875272306274,-0.2195394077773507,-0.969216329049105,-1.2887737978910145,0.3533336458459565,-0.694003922746161,-0.01743613955116939,-0.675191209376818,-0.50584558026053,-0.19891381477179962,-0.8992532315590894,-0.6678100588578424,-0.057335682901755836,0.036846929272413786,-0.40395849327572636,-0.36194444973565965,1,-0.677833950700879,-0.6621587599312748,0.335408475629949,-0.10416520847358651,-0.6234579532760118,-2.5788246051756545,-0.03683204718104305,0.14741271677562018
0,1.5130426493229148,0.16134403186698548,0.5526446650993339,-0.14149811666599665,-0.1872621598182406,0.968887880431968,0.7311648286082228,-1.4290324918323627,-1.2972812031368228,0.24939930161553567,-0.29884690083741167,0.1091531297443204,0.07221324766572346,0.7466650892909338,-0.47587842294689703,0.41660213040669586,-0.65175997996054,0.28629011597040926,1,-0.2585037243227729,0.5815504558607543,2.288054742327698,0.04774135841931586,0.7329858602688912,-0.1399079848300347,0.2584688233169341,-1.5373796295831599
0,0.00531575890885061,-3.446448180969127,0.8050093366625257,-0.8831066986543126,-0.1544920997122644,0.07286130458436463,-0.40487439500315314,-0.7651154644543854,-1.7155381812094048,0.7458646708212504,0.6887942910712065,-0.435349387185252,0.524425961690863,1.5729069486650047,0.34301612021583466,-0.6845378986535569,-0.4492953826321544,0.5626582739091086,1,-0.974553451817358,0.1043571856213873,5.413958357563734,-0.041074579613280246,-0.4228645059037687,-0.48170449682282235,0.10243969806871259,0.562673304637758
0,-0.9500282283257314,1.065595015356003,0.8187441036259195,1.9797454994130264,-0.01593881357812716,-0.9207575831793327,-0.6700878154137606,2.517773577528117,-2.7873248398496764,-0.006010568642700775,0.382144267707921,-0.6314496637336606,1.240556127174403,-0.32785283390262937,0.13846299071403279,0.16026150130721378,2.0914314294290324,-0.14806682421379475,1,-1.6605494510922203,0.31649574917769263,0.6728221447026909,0.10087236501085617,0.7327113801373613,1.3986551447210664,0.0019452465002075536,0.2532397675261748
0,-0.31126490420010716,0.4816665909452801,0.44795113496333033,1.1194307330341067,-0.3976787672069696,-0.7925835811657133,-2.550889507034677,0.0857758053674138,0.011025749736955026,-0.21337534510600026,-0.21202389262660049,0.43425538273192804,0.009157036714155506,-0.8939709504289083,0.33373672817584843,-0.09996886577337749,0.5338278672020781,-0.12691499234097,2,0.15956177672313704,0.13499222964561075,2.0435453844497045,0.1655486914657619,-0.3408545045759524,-0.44643729731872206,-0.0949014237980347,-0.18132814481527124
0,-0.15178667828369152,0.5648497426884347,1.2229737729063048,1.154017916495352,-0.12292184222744479,-0.4665066255265,0.5780765748455908,1.1901145619773816,0.9684383651352068,-0.6858271204197091,-0.6116676699374907,0.09592509568002228,0.8546700530130447,-0.1595033792357084,-0.2812077182559971,-0.4173813192274077,0.36971661800435246,-0.37861556644986216,2,-0.32007205592473253,-0.4377974612045662,1.6199907563281473,-0.06194821027309054,-0.038080642557771605,-0.11154879770549186,-0.4980675860824237,-0.2908359570652216
0,-1.3077298350737456,0.09837794284431439,1.4227589803147376,0.2034988210348203,-0.9224437704845105,-0.8051617583680344,-0.5893295016117059,0.9484947429159002,1.0882690662132233,-0.38028428268127623,-0.30726594976915683,-0.1109177054567195,-0.35815897095790894,-1.1717065985386226,-0.7049024546426375,-1.3300120219326004,-0.4639144557710207,-0.23065404232533285,2,-0.007821621253965516,-2.2848592371240195,0.4314092190570225,-0.08630061730021546,-0.3045614424436493,0.08826307938688172,-0.6978036608631288,0.6693654234823405
0,-1.2513298008083138,1.1040143774787798,0.16370832478612274,1.3638068765079474,0.9173562694157142,-0.8638697868873335,-1.1306893023502818,2.0883606446751353,0.1109427063504177,-0.06570179269407056,0.13491574390319622,0.20935324621204465,1.1231637252073965,-0.02056388191850783,0.1328613188049393,-0.08773302339054034,0.28921726577554197,-0.6502157327296405,2,-0.27424959499892826,-0.19711594968691473,-0.38245286705254566,0.35116507311155454,-1.09095311408826,-0.5148944519946308,0.6752209573806007,0.20738659948212695
0,0.12113344197303685,0.3221284218106397,-0.04421290315843307,-1.4359565350066081,-0.13753238192685274,0.7617008857271884,0.7490879360154944,0.45978084309011064,-0.2974685165508235,0.8350742985969203,-0.26761097130826644,0.7271524130740683,0.38688068844101037,0.6447874863540358,-0.5748762996988734,-1.5097231897712327,-0.4732075163278026,-0.17607919609166456,2,0.06770724403550266,-1.0477894886601835,-0.6655859464812677,-0.10136702171375711,0.18635152266219523,-2.4036821872111327,-0.11828287063682166,-0.33237891907053496
0,0.18201708227981472,0.06817581750929563,-1.6097316380826898,0.5200095461756344,-0.05429599570536192,0.9994896579968914,0.8054985472497806,-0.7062940760187024,-0.10100530814258546,-0.5287542823798461,-0.4705655279919693,-0.4678725426005158,2.9366726556732883,0.7940723441135628,-0.9421724395518878,0.038310807786682166,0.19347351090089865,-0.17718999221064613,2,-0.0398627314500061,0.6345082644967058,0.45393123511295674,-0.13858845242106,-0.4287307403700185,-3.2296736238967165,-0.9856217199927456,1.0140664721636694
0,0.756686737331967,-3.294905885200766,-0.9296113839126754,-1.0239269979530836,0.3207267342678645,-0.29134664744575495,1.0415123129602712,0.41274579412991175,-1.2855950819473474,-0.5983428612973967,-0.07227034750514803,-0.5629183252425695,-0.9395568354465771,0.051524927866958725,0.04919695684459356,0.03019340860263936,-0.65175997996054,1.6328675207678147,1,-0.028963335329544426,0.5530012413122033,0.6774463626621863,-0.13858845242106,0.4996550959438315,-0.8282178111415464,-0.20300962873111106,-1.8264489665764876
0,0.9508636496542028,-1.4123437066691102,-0.7062999953738475,-0.8912193376360793,-0.14627888126398272,-0.8807160117819904,-1.124487401809839,0.07330825304866506,-1.2333957147993988,0.41118369619734385,-0.41364740105754083,0.3914069437396127,0.18478596618418325,-0.1411598274533377,-0.26415157717309445,0.06813291074082622,-0.44547708660012764,0.4713680135286509,1,-0.256551965742639,-1.012264050378532,-0.837083612328585,0.020902090138260623,-0.344429857884132,-0.15614085474027195,0.3726115668136619,1.076289839609979
0,-1.0050875739025238,-0.1717386230028083,1.4061276317451799,0.025165263868269786,-0.5945501349156281,-1.2572339967917645,-0.8694530354732591,0.5119560557096654,0.5691798695776273,-0.1160006972486981,-0.3050960624877793,-0.1449495971148711,0.39238871436311845,-0.3589775535995048,-0.3207457316183805,0.17916852452905008,0.5807156567728389,-0.23734878822676306,2,-0.25883238433804723,-1.9378501102722883,0.3474973275168548,0.0747527107394716,-0.1259233369314679,-1.03771416226206,0.1744237355816908,0.3791672972461337
0,0.5691382026440263,0.9442438633880474,1.605280771089538,-0.11713251682966366,-0.2730222635690176,-0.21213549903106443,-1.358821342466986,0.14141336131019266,0.7377183729067016,1.6023089638769021,-0.00380166470902904,0.2145760665781511,-0.8554015650915865,0.12350380097376139,-0.2960458348892315,-0.23558276795486768,-0.13799083882070767,0.43741973569343323,1,-1.144275796095798,-1.7739131842099263,-0.5785029573544701,0.08238493176945957,0.5763416412969796,0.23786828140041844,1.9931545589861246,0.49209301129799987
0,0.38250363844221474,0.815275696923852,1.5128984323635395,1.2534243572816517,-0.4108324201281738,-0.19036774853727456,-0.6956077704642813,1.5230213965060222,1.5197738286303606,-0.8104497447208332,-0.3782378546098243,0.3582108184341499,0.2975864248405859,-0.34235464074925115,0.2781054516089413,0.1148406097757297,0.06217714059971127,-0.36320450036919516,2,-1.139797261048538,1.6648365355092354,0.642030331753725,-0.1059473384444311,0.36901320206703664,0.2660611481432862,-0.9638401970555481,-0.2949211106317714
0,0.4093130075263164,2.0948128649870243,-1.4705818558416563,0.5115834778463924,-0.35679333784814327,-0.7960785378632818,-0.7607081039573939,0.6240028739025781,0.6931569210801911,-0.42388101939405887,-0.32709355205635937,0.44200693564592053,0.00966596129586128,-0.14967334607431804,-0.8579280459882068,-1.7436533728324546,0.6036331856027909,1.248960201175251,2,-0.3854212531731114,-0.4482905881507875,-0.21583504395268804,0.008982264195445261,0.31460831577144455,0.12099930724949448,0.089046040310238,1.4769754973219773
0,1.478022395807968,-0.45715890843199386,1.0517081177620813,0.7866282844370124,-0.22869649730671165,2.3133648161367746,1.0505297447521649,0.2531179340533174,0.0921623050534276,-0.23264133470633697,-0.7196034692410921,0.251718716640909,-0.7442184695284111,-0.6173364047685552,0.2513516973281211,-0.35459711617855594,-0.35077595335715317,0.6069658979742378,1,-0.4279510307624851,0.9233618221886071,-0.837083612328585,0.02322619722675004,0.8400516188504209,0.9821512515894796,2.1263016210799446,-0.5594077451528057
0,-2.4812562341771693,1.1627116680791265,0.754574830126486,0.43301902973971174,-0.5364089801624203,0.09824755324964751,0.2633288815838969,-0.04323613974289886,1.3628492819445799,1.6693603425125398,0.37001855263690486,0.17100329356493787,-0.07039145876812819,-0.3390995882631745,1.0274812741469352,-0.7049353296393716,0.46204033516725757,-0.43091298830117897,2,-0.9057867773502435,-0.013158394252403172,0.07829639578315867,0.07682196745137071,0.17568807587732793,-0.17245858351818516,-0.2938035904747287,0.36879013839029845
0,0.5088318856170246,-0.49938040630009906,0.8834450609154159,1.973826491721794,-0.3970333272985681,-1.0201902307539197,0.0481337371848527,0.6717508738979948,-0.7678808651557756,-0.2135625164577105,-0.857469301046305,-0.8069943686194603,-0.1476086071735233,-0.47493902718558084,0.8311904080943194,0.07370606621993325,0.07304949179038114,-0.36998663522515557,2,0.20003444974256385,0.8722802225845575,-0.5491811007129591,0.003950081526621373,-1.09095311408826,-0.4603519549800069,-0.662868800474794,0.971236852478889
0,-0.2786528595553463,0.21251119089129075,-2.5912507817156003,1.3065043290916152,-0.3015613784601242,-0.006615113689065311,0.6664012868824177,0.6868172205447562,-0.840083071595058,-0.008135153798976835,1.143311814732854,-0.2001350328511523,-0.5904780623157738,-0.10776334319104203,1.3853684326380413,-1.6302787544646573,0.7513206839846983,-0.5973236675077379,2,-1.2915389276474838,-0.9298244866202858,-0.837083612328585,-0.06520147715903106,0.23329638621460036,0.006628296733778211,1.059014006588412,-0.21177833996163292
0,-1.2514718323570453,0.7754465283334955,1.5451616936713086,0.11697760263107129,-0.6964077031552902,-0.35644834895872723,-1.9540715900966625,-0.11903077738220125,1.5150483115613707,-0.4873060303413912,0.19280588079524413,-0.5006082233270517,0.6210295828881036,-0.7558488933848744,0.9163110736110738,-0.9812327556257386,0.33238516734668033,0.658258632110859,2,-0.6755624159321114,-0.633803099885107,0.04832320334366885,0.2790393340345435,-0.03738553858133481,1.2413803429469736,0.5092010406943304,-0.37265573123922047
0,2.148968421638022,-0.10378619038125834,-2.667946833374809,0.6329473449965809,0.4740620209264265,-0.9827354934389543,0.7372906214399948,-2.0311367162014156,-1.4450902387703857,-0.03628958007455346,-0.6537555879103399,0.8278518624153951,0.7546158491582003,0.16351359943871394,1.7071372825445925,0.2028946741272305,-0.65175997996054,-0.5146804464866657,1,-0.7264505037021767,0.29441096666488664,-0.837083612328585,-0.13858845242106,1.5475786472102784,-0.09312978732076203,0.16365053762803716,-1.1851599347980386
0,0.04420472780250728,0.4608769755104997,-1.717592873233898,1.2843849975765798,0.7157726293154086,1.3031057656356158,-2.472340384068888,1.2128104377282978,-1.271439033344383,-0.3221749600630858,0.7855495922929565,0.04458108403640459,0.27858660285849374,-0.4417260082862018,-2.4642509969422637,0.965916144093602,0.024853426107896287,-0.2785133495238877,2,-0.2426312008219746,-2.601894368713675,-0.8286593885265945,0.138646246551287,-0.5490583466534777,-2.473532293789784,-0.537791840333074,-1.3512367462484167
0,0.3951717614724428,0.21331909771421204,1.0854000517266462,1.0316055041416563,3.451341436031549,0.05025062126173574,0.8710809177412296,0.4599667991471753,0.3478213807267653,0.22580060945895794,0.652861472237548,0.19289534337971886,-0.9900077282493124,-0.5046478360572854,1.667271600520574,0.4587508492458648,0.4857982147537929,-0.34601392973099016,1,-0.25474799779369617,1.05961080540997,-0.05422980139372779,0.15751764884829306,-0.25960322120360263,0.36746678912048786,-0.1091070443479826,-0.9013578131726235
0,0.25555011050729937,0.44450216029998096,-0.5148773137429,1.172934088833323,1.782063399380666,4.280799092880443,0.6204300919136134,0.5430168124149741,0.5635286145578069,0.6883399830503335,0.2120410806211745,0.33145564978378134,1.0941368952912678,0.5428323458920128,-0.3948935950200598,-0.527525727973757,0.6505978533813188,-0.504436951313251,2,-1.195534629120275,-0.23954683009373978,0.5261364981918907,-0.016363779413672272,-0.3205023432217976,-2.2620221521068853,0.3630342525961977,0.8244335827601036
0,-0.4525837078943281,0.8087146700740294,0.08332559707689169,1.0842526686901184,-0.6203139375888624,-0.7110431492970342,0.6208163452054158,-0.6379741318449526,1.7787920255309522,-1.0133223538916598,-0.45888333150715643,-0.5312156613339929,-0.47069090774631084,-1.2913036142930687,1.089658841906164,-1.738955724399225,0.9531804467908322,-0.4384966431974187,2,0.14351606691247823,-0.17413486353954566,-0.6004484579650712,-0.08885591492440309,-0.5636112455709883,-0.27135763660092616,-0.11035165763480279,-0.01656362472732864
0,0.9248594430699759,-0.686783505625749,-2.835820857162462,0.16350033920197973,-0.5190908456627013,-0.6454339399307099,0.6879292344470073,-0.3973342112213204,-0.9599914085665346,-0.5387285389462606,-0.2610753309162783,-0.5924514819664252,-0.9215881643742483,0.27033499607893363,-1.2731632293673927,-0.9507241044150975,-0.4156563932353491,0.023776037441267862,1,-0.5029131866811977,0.49442592377079164,-0.837083612328585,-0.05204982910627772,1.0945152968461285,1.2657089565933626,1.3552416191936143,1.3720486867010153
0,0.8227479729938867,0.663577275497782,0.23028064609731286,1.2360519273338257,-0.5163160162033822,-0.9023150613567024,0.8849628046226545,-0.5864373558984078,0.08744237612078798,-0.0961007824799257,-0.5261315787752652,0.027171336160228043,0.4191305092703862,-1.1421563427582648,0.06581310486139946,-0.29194440108635134,-0.003784727441018737,-0.14293382786578634,1,-0.5310461144759456,1.8481907123386874,0.967058175099317,-0.011400016308813647,-1.09095311408826,-0.9072293611497024,-0.08299791775946985,-0.3500210599678688
0,0.5827418515051537,0.7974963984530228,1.1658734438907847,0.3260203445720335,-0.24301664066607856,-1.0155939518502628,0.8456943870754322,1.7124275532534419,0.4234650676710755,-0.581404612745688,0.5869886332932954,0.9248455201103187,-0.9261894114086344,-1.1657818614243274,0.8250042084980798,-0.2155645011689744,-0.5325094418349926,0.2556125399712621,1,0.3471519639724072,2.0226157653361128,-0.07869581548950622,-0.0460427793920389,0.22296246909098993,-0.5300164925603801,0.17510038437941028,0.516842703680781
0,-0.46248692328656227,-1.3285077281792845,-1.0210530831648614,0.1750601486061607,-0.3546382768921804,0.5521543793431686,-1.2305357290380323,1.6558029949057436,0.33833357452422086,-0.18995182953742856,1.3474152802317012,0.5563143155422183,0.5911165883578535,-0.7435510049135736,-0.2624741920574213,0.3412179853834971,0.10727099446900396,0.7557731334931157,2,1.4618254401216682,-0.22794635379544673,1.693781132576916,0.22043002441106305,1.0306438603336674,-0.2162395331405368,-0.06341048115629663,-1.354012218994721
0,0.12827394578811868,-2.244062666083652,0.5105153097825699,-0.3422663231691879,0.30398829734622845,-0.4237195008254275,0.4357899536550326,-0.13930566646341336,-1.8446714037217657,0.5557756055097933,0.7763452806453883,-0.05635027395996822,-0.6641319221847861,0.375846657327359,0.15817539487959764,0.04339847715989631,-0.6226297697054586,-0.49626070391301486,2,-0.26349272897312537,-0.21244837320986307,-0.837083612328585,-0.05286430878956412,0.5219646051503388,-0.4440437475633925,-0.2811010048581436,0.007096276591679218
0,0.21365496439486537,0.30146415326632525,0.9886890369332562,1.6028145412007564,-0.7028976739811544,-0.14472047320172293,0.9975346116984487,0.5011481350990117,0.5086044739050256,0.3479264027351803,0.04004502121332598,-0.6826647085186084,-0.5208662562895408,0.02559307907935371,1.8977728901215047,1.693375295595383,0.28203740991801207,-0.3644231879078698,2,-1.3484218256320362,-3.6717864705362664,1.4872247907091898,-0.024874964956757915,-0.5785296741382621,-0.0996406884974379,-0.24190622738401016,-0.4295764299303986
0,1.5151648395542918,0.8397126769296157,-0.1040304590220763,-0.016505608199211874,-0.7593208679735186,0.6880923528157542,1.1876310299313642,-0.7312042110354955,-1.821904038278161,0.4418966200452391,-0.34681946116753976,-0.2575295852986241,-0.667041419169431,-0.0935245725454648,-0.07912802723052548,0.059103081240741484,0.2915064525003466,-0.3822717218770686,1,-1.87737378862638,-0.4055482685335997,0.2783535489374364,-0.08526844764379421,-0.20022185386074368,-0.17203216996325205,-0.1523061957659087,-0.6289798392146981
0,-3.8019239735262085,1.0351773140863771,1.1633833790015018,0.6952110308963917,-0.05097740035014742,-0.31664535905881497,-1.4531667813618598,-0.5019450245306951,-0.2018301550780506,-0.32012917554334996,-0.5220143095431405,0.3043713856160186,2.7223322714732285,-1.1126983219594333,-0.695491065970871,2.8003327132583253,-0.24310202406725576,-0.3469795550785389,2,-0.5665038500059433,-0.4821296382133954,0.272642456684876,-0.13858845242106,-0.9345486542177472,-0.22497916350386338,-1.2197182863374931,0.2012045648643831
0,1.4416038709211756,-0.33713111660216477,-1.5901520337395727,0.4125562222137906,-0.28035559019945017,-0.8119755362446319,0.7463665990169461,-0.43624070381999946,-2.5708503098878417,0.9214810770332436,0.6850803943562153,0.2604773442509365,-1.1550098837186171,1.9298967803574858,-0.5336621859902068,0.32979282240371927,-0.2704591740943585,-0.17611082261328037,1,-0.9535347530403704,-2.8983298940308164,0.4977586788823425,0.035049466210226005,-0.09613114170801684,0.6088111275371622,0.8344760273960349,0.5691648276510672
0,-0.6024865479467261,-0.25531595035965254,0.20135605159402534,0.12176014401355714,0.3324335847355492,-0.3155940012587688,-2.31769779605807,0.11026249562522925,-0.051926776444019496,0.00535541488957092,-0.17315623261404545,0.6084059783391438,1.98474692159171,-0.8424972523648773,-0.9611035692487928,1.0193691129953237,-0.29052581809333466,-0.11209456916942481,2,-0.17434672317828045,1.112518117513174,3.718628187453838,-0.12151932995685887,-0.43835697463208545,-2.177130078272075,-0.9224818300441203,1.2967223080360635
0,-1.4621722950396001,0.4019396445291068,1.6996586865814591,2.1021708186612553,0.6288781194144695,-0.08531747270312773,0.9778429939243908,0.33659566608863295,1.6321618887724643,-0.814537821552805,-0.45639515261432784,0.15432740306362425,1.23744385741847,-0.5828191333568361,-0.5184712279968431,0.6996585277115828,0.17591052528185908,-0.2295002859483202,2,0.6332542513925125,0.6866005909508806,-0.8170382663354521,-0.07028261073178432,-0.6322222842857621,-0.19353563604676743,-1.0618900717695152,0.3965388602249348
0,0.9354402196392516,0.22331012106614578,1.2262456283641563,1.6841005258193285,-0.3920056205659769,-0.6244855946692349,-1.8276778225333503,1.3282383438499852,-0.7617834202339284,-0.4396924765134022,0.31481843959247874,0.7149164020481413,1.4490262422293212,-0.22987011197690677,0.11868509013980161,-0.3017413267762155,1.097386949278153,-0.48169609703701644,2,-1.4760350723644002,0.060683683749338635,0.30970151274202123,-0.007565077914548857,-0.3133140045086931,0.08522582489893893,-0.9010096673009382,0.2519769993044043
0,0.9668997570099067,-0.1255226376883784,0.3992889479432899,-1.8583348409769163,-0.12233651065398876,-1.057875039714509,0.4822875146139576,0.8345183862212835,-0.5234035027186628,-0.22657523123856912,0.36974201314640504,-0.2457747530442911,-0.14647517427798656,-0.018240810023415127,-1.177992738951739,-0.9198954637422184,-0.32063754519233395,-0.3183460843543615,1,-1.5699103603326479,-0.12260780188268872,-0.6774577943850485,0.22411214226852008,-0.1471829804657957,-1.024907718316229,3.911624876924894,-0.9808775989068819
0,-0.8126469491829529,-0.45041008161202395,1.4919054427970897,-0.35794109468040447,-0.4930261540958507,1.6512844571238867,1.129844065625242,-0.3035658975942545,-0.9888114574311118,0.029351268528142238,-0.45991935406848505,-0.4118377454167606,0.8921669702139838,-0.24357636339530708,1.500091792669954,0.38764385117877853,0.13373425082836807,-0.3596733668486834,2,-0.6714626812955092,-0.14674167357780177,-0.7975533282190033,0.018913309161758998,-1.09095311408826,-0.15442809936966423,-0.8721571717717632,0.08332086022567786
0,0.07650134862952687,0.6807783885248044,1.5150396001450965,0.2623952833487595,0.4435573862366774,-0.91183829328566,0.9978936042009735,-0.31457861009051663,-0.4363616815688175,0.19297996847769505,0.3802910290816035,0.6764036045468715,-1.138995130028822,0.2891535507594675,-0.5424334784459242,1.819150975875218,-0.40087583490398404,-0.4099664084199378,1,-0.16283286343061235,-2.6349977339036634,1.4088851852762116,0.06735751214123159,-0.6013895581545581,-2.0496429329851775,-0.46642039455273077,-0.7616251012663922
0,-0.22532237360089724,-0.31909765355521136,0.34899867167821136,-0.0726449664501394,0.934453155834166,-0.6527591367223013,1.0636954011230635,-0.5815250870869246,-0.7130046411921787,-0.1974821959367666,0.35260203878229524,-1.0487128871325502,-0.8813134975965677,1.2145852988138899,-0.7730828892656265,0.06519180593935792,0.5816259305548128,-0.2535464459728696,1,-1.094744972807245,-1.1560939961496683,0.1189236904132972,-0.08152439885899082,0.6913773850202704,0.3945662905649838,0.5574899457512337,-0.013356036392590642
0,1.3433783975178488,-0.3674732578549396,0.2766521839315746,0.10741105330345391,0.13178532041711752,-0.5273985172757779,0.9013366115371386,0.5987785246065852,-0.9399351740892667,0.5742913409781033,1.4606692052113661,0.2284149096964135,-0.18769687992559414,-0.26982581973612474,0.5516676096497208,0.761403978351892,-0.17725139731727474,-0.4002968243116195,1,-0.5483025549461576,-0.8842900886402645,1.087022996237357,-0.08335349410448034,-0.5059242645244598,0.18193949797355835,0.5493632566588871,-0.08196832935702625
0,0.31583413960543893,0.682897178210459,0.4811702371200296,0.6895270899916045,-0.20395665154426484,-1.0066971935608384,-0.7568624862240341,0.9947336297856265,0.39836153183409795,0.027963542555312915,-0.13091416881419238,0.6136220031751369,0.5975320289815317,-0.4844393589011442,0.052641022027855644,-0.2976429214297712,0.40150696218244175,-0.32928207408413385,2,0.45126381693537665,-0.001778897960987763,0.700014801343612,-0.0038419391509591644,-0.9972487434135928,-2.847464385899671,-0.9564678240968383,-0.6688234826185101
0,0.9100696979188349,0.6016321601629435,-0.7247590638830224,1.6084211084683853,-0.17416197959834406,-1.097275235944602,0.2657371501411562,0.012115741591996576,-2.5280695385175154,-0.17586973134162132,-0.4600832394683163,0.6526798675918305,0.6581846940867766,-0.16999901752186847,0.9252147483455355,-0.16117842112463135,0.3044056870924013,-0.5623247905649833,1,4.2706373164946854e-05,-0.53773917109723,-0.837083612328585,-0.09413114811069108,0.41445981811248883,0.2300638946137452,-0.3314476559869429,0.8699741614019325
0,1.4177051602328263,-0.06664693003092734,-0.1667749020695416,-2.8204470415121703,-0.44805687511495895,-0.7991330087607431,0.42296503951699366,-1.352816895317078,-0.5789394144403831,0.06694993713807529,0.2100666823046374,-0.15242057906647188,-1.7564648838880572,0.1916935159936287,-0.03564411700462222,-0.47389722079443464,0.15732800193433027,1.4771207042385712,1,-0.14216419593163915,-0.16561833189905453,-0.5381822932157214,-0.13858845242106,0.46767108766255006,0.3059272549627628,0.1784359753051941,1.9839849616459984
0,-0.03257186813205554,-0.08403876616399042,-0.13200855095468805,0.5434202866521785,-0.43970946274511724,-0.15757069347130243,-1.3267943895329255,0.029095762093844672,-0.06418528685403813,-0.7403174784618296,-0.44460889451409796,-0.01000084007437857,1.4117228555970076,-0.5741140411341573,1.2985924433282972,-0.00524804496509057,-0.65175997996054,-0.07680471409332262,2,-0.1445178438363189,-0.9103535933203144,1.4014548048070983,-0.1354478722777567,0.33620994392175174,0.15953658742955334,-0.7851006022149023,-0.5318280277318485
0,0.5345024613401346,-0.660797893384159,-2.088925640284622,0.16723060038809212,0.6039514879076001,-0.015359728475366013,0.7674273672298431,1.5706885751027273,-1.8140892118073395,1.631331070561534,0.43411728431937024,2.2697445381787817,-0.040795580467344494,0.5252857783155876,-0.8489812721557822,-0.5377829262789486,-0.6304622376104501,0.2569842135193128,1,-0.19171921102120895,1.0001263570550483,-0.7844950381038818,-0.06953932719471584,0.6182323322460448,-0.1288844477585196,1.231190812996302,0.5364368245713009
0,-0.6756439220913487,0.550378153788411,0.005014538956154779,0.9108301420243747,-0.5722178176548078,-1.2520226918010229,-0.846728036484388,-0.14765291826051608,-0.5581002021811794,-0.2840712546510006,-0.14332611589409872,0.6507456496614032,-0.0575690112481617,-0.02603560998694951,0.32770491994976125,-0.3775481980619664,0.9162106096576406,-0.44546860014827644,2,-0.34673643058156856,-0.8049376198392287,-0.09946967488556974,0.08209875045825035,-0.9406824306949685,0.7591561761022843,0.5490503301119649,-0.4170804016020816
1,-3.318329283634624,-3.257246478345623,-1.739028788448689,-2.77447359407706,0.8987392847016913,-0.7958486842043182,0.8961182334644341,0.37244797759135856,-2.818019589684628,2.305616714688849,0.67946704459285,-0.04830996331009357,5.98529300691807,0.10114036408112101,-0.10689835280509263,-0.7202368261082418,-0.01221667092993925,-0.0751522263840263,1,-0.8023804245310449,-1.0321236323221612,0.36411155349412283,-0.02486018428044297,-0.8475196725699403,-0.6923900423384594,-1.21975314077183,-1.9942981451909967
0,0.47364039532464847,-0.4984019093110881,1.7050409777941575,1.5284669044957329,0.4655718899536394,-0.024010606232126752,-0.4254485064132849,-0.4439845395715285,-1.5017717517548412,-0.6838095893929488,0.34843500996967136,-1.0822662363975697,-0.16682699882752283,-0.35018564897217774,0.8681449254315963,-4.087853217290626,-0.36465775175708487,-0.37898589178971537,1,-0.6008188061780658,0.520950803175212,-0.2008217250004368,0.055005764045215,0.2575600300568988,-0.3310857568770944,1.628382632155362,-1.1567885967623797
0,0.5121590521911334,0.24620900588730094,0.6539662567802961,0.22109323197055336,-0.3338284406711635,-0.8259870474605331,-2.0545542162819936,-0.9386460532233285,0.09867995227835058,0.009301316823535632,0.0779209729255899,0.8341591031099617,0.017213289552004962,-0.4097966513372811,1.0686174981193288,-0.49193072108439184,0.07241354637300015,0.10439699159943436,2,-0.02361643546618536,-0.42897172800795724,0.8336171602355278,0.04382721971594224,-0.7388891152121263,-0.2508861882736514,-0.43847200312430934,-0.6669229713417695
0,1.3414706488556138,-0.045572505725876344,0.46010080793469843,2.098982519433402,-0.2938092626788533,-0.25233913135707886,0.5747663390479465,1.0315923836125562,0.28139886065530884,-0.1679370631608002,-1.0972855389066989,0.745842213350993,-1.5129176323158822,-0.9840606903871484,0.6128833890141001,-0.8375057225475936,-0.33549047671555343,-0.11777548761218323,1,-0.5397854728458373,-0.2032567800906635,-0.7214851403906939,-0.0005706853116161023,0.7427860485825143,0.11896952542199002,0.3169841598706432,-0.11510316129551301
0,0.9605082202064075,-1.0098828565847708,0.20723600166307776,0.815182720216351,-0.6580443690409609,-1.2083144842557998,0.6198376546573716,0.19986126716646144,0.4401918352625195,-0.42383024191068464,-0.07895364867324384,-0.6981716245170924,-0.04722492923411581,-0.7209988946538297,0.3011902137134519,-0.5015939301713984,0.06193701219011638,-0.3411877279294314,1,-0.450591125987716,-1.5602376716383928,0.013838381011746281,-0.07026560235345146,0.41492495715149547,0.2756773731098302,0.725941541440444,0.6472858417245051
0,2.2114660438087723,-3.070411234437008,-1.6044386626575842,0.1631972494911591,0.045471665095414726,-0.2344403140126743,0.5919946817774194,-0.6781052246882795,-0.4232119525899829,0.7509421445461528,0.42759847586999905,0.9007518518026376,-1.2246918045814639,1.2984239025768651,3.426831952944592,-0.33198980078787177,-0.65175997996054,-0.24566159590701653,1,1.2597401394900365,1.5174053941352512,-0.35001197078502255,-0.049201701198910666,-0.5293193799670393,-0.21895399387639394,-0.7430550380696426,-0.1545985030784769
0,-2.101712503825404,1.1137798060905737,1.0621885414369514,1.6638571127136086,0.3341305936487653,0.3746883511785269,0.7585938807434774,-0.9226783236515419,-1.2427827088633014,0.20608780769670357,0.5400280092311508,-0.06886149527440591,-1.1668381973146666,0.5960083495536728,-1.9774971780299886,-2.1296675677180374,-0.136324808680871,-0.09452253685106732,1,0.22287546706159672,0.06272637032593509,-0.5568975811271527,0.1024420450079363,-0.22413868037350881,0.11823594663006026,0.4367620436307593,0.6228837553249786
0,-0.15010496424321373,0.5727209117319717,-0.1081336699190297,1.5530727815059033,0.7781796227294301,-0.5424968581735815,0.6436655858440975,-1.0581528385767118,0.13526441699004735,-0.5884790206529298,0.24901859021935857,0.2954383034949375,-0.4641230695744174,-0.6566082895968968,-0.9136658975297743,0.4572430556697848,0.025763213198334772,-0.44996490926489185,2,-0.3460280852503992,-0.18930741284969033,0.5659883765946072,0.0914178221988757,0.10991673876624825,0.06261525673885071,-0.47680372181678576,-0.7407341262961756
0,-0.8927280942409177,-0.5207009189623342,-3.0513694837654928,-1.298630126188283,0.691419014054342,-0.45295721397997946,0.6120345446729771,-0.3034610555226921,-0.6600809104448795,0.37699088327807423,-0.4029548401981818,0.3332401851678028,-0.4409868024124004,0.08503158311944777,0.07756707047689398,-1.7099684489708995,-0.12470073894717894,-0.21707975215121628,1,-1.2952342800447436,0.5159044982584338,-0.789730489231252,-0.025252981307273846,-0.36649233595047315,-0.07915788177739791,0.09435416669030046,0.5689256766943955
0,0.228295840031006,0.8501453753313679,1.120739637620096,1.2099700748847257,-0.6169625491366667,-0.47593428925430187,0.17005864693694472,-0.4987965078157627,-0.4149510421573481,-0.6083224567360099,-0.6774182909369093,0.3225967780731245,-0.4485755097989913,-0.3353461512124596,2.8496860730165094,-0.8464386560419652,-0.21797787999318108,-0.16673889300632425,2,-0.6460391635794454,-0.07651659938334743,-0.4974265500569416,0.014928108469165882,-0.529072173118782,0.5668753250115257,-0.04733015032060525,0.5968971330686229
0,0.729216345297315,1.9121512961119596,0.2400414019896869,0.10643287811336469,-0.18926328372520598,0.4983857970422025,0.9656688121068575,1.4153937393508895,-0.6375887554779773,-0.7799696479586973,-0.3690162981182691,0.7010910667720547,-0.7165452193761422,-0.731698516745727,0.14251650926207093,-0.4642627384392717,0.9883109361452996,-0.026314929494971537,1,-0.3536344497941063,-0.9018926952847182,3.073712411077313,0.12318310449791262,0.04375545386646512,0.14583434712965876,0.6407768861224381,-1.2101216988585493
0,-1.0082492936490688,2.576229867442011,0.4068763886055413,2.2300324712756563,-0.8436717280528504,-0.08620626294012257,-0.6827402194078865,1.8723986395370242,0.9019212144007454,-0.1829892819730375,-0.8025903909309341,0.7018319369354855,0.8965362302107376,-1.064696316913643,-0.7184973739145164,-0.30521473610118927,-0.20328700786751297,-0.2571408167953125,2,-0.5804370302133096,-1.8566539135344295,-0.3256766665868229,-0.06829146915058758,-0.03062666155268845,-0.37923807045157487,-0.18450827076558812,0.01069548559604816
0,1.1078363182610533,-1.6117967513478701,0.39308002825727695,-1.2262925028621947,0.38463013841539234,-0.6412936308443828,0.7944890852991008,-0.508346002955647,-0.8123420225842961,0.18353917342432982,1.3560825444781384,0.28666604957283714,0.7858220393463546,0.0765395774188814,1.8658280635105808,-0.954676443658575,0.421983018840835,-0.030356327774923503,2,-1.3529011421119836,0.7070067751248528,-0.7572110672493237,-0.050226373720380274,-1.09095311408826,-2.856227474011905,-0.2078492387361779,0.5009465288898349
0,-0.1486421489971645,-1.3408188091212894,0.08982895155847692,1.0752157726079739,1.6478135943289711,-0.8706940645982277,0.5522957959130949,1.3108222528296938,-0.814135033667235,0.6797403668472257,0.08935591933742298,-0.5917531923631935,0.8521074410030901,-0.16104910059582908,0.0666685116461207,-2.3540174291964755,0.0688751543237692,0.2928552620654805,2,-1.236817535407877,1.1076436092901503,-0.22390043733617795,0.3152661417263539,-1.09095311408826,0.9403675528720925,-0.4702541547738923,0.6526587286286281
0,0.720586127270367,0.4066999457849139,0.8544104076968603,0.45037156222189845,0.39763823522883274,-0.27281260846503796,0.8139544658534761,1.4108268397942614,0.8041167288066824,0.47981109144616496,-0.37024401285031666,0.0958683687416904,-1.12351733934232,-0.43766068896606436,1.7862138475833362,1.3525453242129615,1.0242945815610494,-0.4175380123933169,1,-0.2926761331149577,-0.38836788914129705,-0.7087022225489815,0.03610854865878141,0.3802604075221886,1.0294410748668237,0.6947671278455586,0.5739086827498898
0,0.3877746290708938,-0.6998311945031576,-2.2262666845680847,-0.22087653927128947,-0.48283620266623706,-0.5018574415351571,0.707104788375922,-1.210947206554716,-0.8320999304742333,1.7074688248899457,0.007466982271517056,0.27404433306020365,-1.3674384641178803,0.20634174356632157,-0.6490491701169769,0.33638546517181267,-0.5262879086287353,-0.3542139330025537,1,-1.1642130685412415,-0.4141878205228732,0.10021861512751895,0.2959871568793956,0.34122617076632167,0.5180524056936361,1.195305432884448,-0.7999459087221187
0,0.21972202064996027,-1.0445353497523895,0.06548298198178826,-1.1170631071815151,-0.520343189254635,-0.23344480971453022,0.6262911049772008,-0.33743105089071135,-0.15176348897664316,0.2185895209137448,-0.841669075603001,0.6389306761608957,2.085135499567727,-0.38915737912579607,1.051499438911876,-1.5752708065965435,-0.36562947571819904,-0.10812849901646415,1,-0.05141924309350768,-4.540357179568822,0.3097679353854117,-0.1119769936778772,-0.5081592008351866,0.5259476849646876,0.045320413302086804,0.37285630240535655
0,1.4661759505310537,0.023678367380871146,0.4391094246435622,-2.09785358768883,-0.49249564424707437,1.0841654912938754,0.500845623127256,-0.8340199005291524,-1.0089121790567186,0.0651064635636619,-0.5269641919560166,0.5912127173796778,-0.7652226749496851,1.4601629450431035,1.0964081859963697,-0.5012102545766735,0.21621535401861738,0.1026481034366448,1,-0.5775753508271535,-0.17245477338660611,-0.17844283957773677,-0.09661026402169473,0.5033255359772788,-0.31065374770729454,1.465794507365693,-0.05941582325405807
0,0.5970353958812176,0.6461255006819399,0.3004014681332104,0.12472884849115484,7.386064474136901,-0.9852112651075856,-1.4811780143579651,-0.4659948961063627,2.264527638064033,-0.18277688225738997,-0.4230497361239071,0.6125230159916908,0.8273914161120914,-0.41976573293570485,1.6803788437183327,-1.4653447483517126,-0.37439657605006954,-0.10385553646745996,2,0.02411253691879675,-0.9672626575958109,0.23406838468753696,0.03684815175736368,-0.7070078998730114,0.07617691523464909,-0.9735469113809767,-0.9964242271422266
0,1.2917240944431123,-0.5021637953559088,0.5828758009836498,1.7153366243495765,0.14493679182333508,-0.8426735638320638,1.0350712726186653,-1.1018986100554902,-1.2902585950284124,0.8141841228843373,-0.08163300127617817,-0.2928122534966001,-0.05847129263927592,0.4580988005359089,0.9568050347768307,0.14337742435330902,-0.4567529673955827,0.04966402537665315,1,-0.6404275012525991,-0.5435680325800052,-0.7839247737300795,-0.11098664089953389,-0.5748534126700157,0.32358802764415606,-0.08686813758908671,0.658179722809654
0,1.3474491002695632,1.644323646057529,-1.3020113802265147,1.178114957462342,0.5393317646046328,-0.7181668309143703,0.811869394585619,2.2829118379033946,0.35738159723435625,-0.4798410840881156,-0.291181283687883,0.005593655734932257,-1.6290153353771142,-0.06185575062162829,-0.3436985968106181,-0.17879595410282434,-0.011819464503095733,-0.5973425930485455,1,0.49473973090155887,-0.8873642276920946,-0.666671706486526,0.04182219929802586,0.9168596590986978,0.37169973437186665,3.5113346056258266,-0.13745980126063972
0,1.1186027645573728,-0.4216479076453977,0.5136862511019842,1.6727804176713086,3.912808225741628,5.426059279578656,0.6678383501453857,1.5303770806711057,-1.4500047516614738,6.763959656734935,-0.2230078220370562,0.2681201411443511,-0.30947159649098943,1.33818989227663,-1.1702329777153366,-0.37243191782277796,0.43234310349907773,-0.6447447762514886,1,0.5094560106029747,0.8123734332893762,-0.593473482846582,-0.025963675209281823,-0.5068597142555605,-0.4314477298514856,0.8653798434728949,0.5445430202598012
0,0.9863503898011545,-0.44144639656876583,-0.29667865990548614,1.4860344244725059,0.8434050431144388,-0.5585239273876575,0.4217492696945936,1.615442691905432,0.7782700512789815,-0.7736298103578255,-0.34709257757756107,0.23997424037382692,-0.4238554564557879,-0.9612009871331917,0.41720186580756036,-0.07081708769647299,-0.3977922073241591,-0.18807932922302356,2,-1.1460092977708318,-1.0702292560469873,0.17757405921830832,0.11040190662240429,-0.9553539864526991,-0.5184512301661615,-0.2806322915483137,-1.1511636516404038
0,0.8425379262965942,-0.15544194593322758,1.97846155109989,1.4988998094089214,0.4038724880024871,-0.051071342631011735,-1.3513686963382794,0.48236702722810754,-2.0052263391358225,-0.11346813280215876,-0.14512975885112717,-0.11854049695150316,-0.9110479324859901,-0.9641544697212452,2.5539632580904734,-1.5167087009655482,-0.44458425729331447,-0.21860394604610964,1,-0.49633614172928436,-0.4231055810112274,2.7178248295529555,-0.05174228574511133,0.03369404425752558,-0.22792395294497453,-0.26463522108031934,0.2970212725773103
0,0.010513996183467933,1.2566779124448395,1.0603011553789896,0.39443742114849323,-0.7632176142097097,-0.5460692263978604,-2.0711083178847254,0.6188140188040561,0.01340913067637467,0.27900435819269376,-0.5164288055988282,0.8942612925186268,-0.8100232839843418,-0.21970941900946156,1.8557459696957466,-0.9417545819857049,0.5445788148692432,-0.3470887457343678,2,-0.18742461866588697,-1.7216439541391828,1.062498462600773,-0.010812064357904043,-0.3515944345979095,-1.1806296116794053,0.09309465090157554,0.6573973156103118
0,-0.37950098295558415,-0.5208360924139006,0.7182448230175575,2.2394289681604,-0.40061584913659937,0.3454534387480716,1.0168646272695852,0.17780491114012653,0.8146250959352952,-0.6565306808781474,-0.8642211030264983,-0.1911123997189262,0.7061942355246762,-0.7654740683380995,-0.22799592915134337,0.7167929537764568,-0.27357512271136164,-0.6560537223670677,1,-0.4398868995250983,0.21242382152671108,-0.837083612328585,-0.12011830085798611,-0.28221331625805357,-3.3868779590929092,-0.7225087469296257,-0.33185205814837493
0,-1.1638877804694436,0.618127102576886,1.4774081624529056,0.6764680315837064,-0.26340082997791725,-0.5418023302823474,-0.692327330392512,-1.2004786985999507,0.23881485285785242,-0.8400516335824276,-0.8512664382700311,0.16197511024203842,1.8080328922875584,-0.9313325241107431,0.3189372320468725,-3.2004011487387904,0.6995684003235656,-0.26541722777768606,2,-0.5913016547693126,-1.295180621285862,0.7073980993320145,-0.1158811933530629,-0.35116103982288793,-0.15144166620436517,-0.9815790384316914,0.6547940914872333
0,0.37196120739660476,-0.6409746641549535,1.4363835306902188,1.059105601896919,-0.07002708433276746,-0.0668686328910515,0.6779745234677541,0.2368570140061853,0.9506260223342796,-0.039837765816609916,-0.3108614525191439,1.3554278628963572,-0.9290077602724853,1.4946309033934728,1.1044395830146585,-0.08650423094971516,0.9073736154861842,0.0680472915053415,1,-0.9400977531480772,-0.2376798761840458,-0.7626109661372213,0.15742504382123676,-0.0009600479252663274,0.4715949538754461,0.40575849940714914,0.504748164168348
0,0.5231063853896144,0.8550038480905916,-0.43031233849718703,0.9593705847065699,-0.20775227353461953,1.2580823422670055,0.6631926690613963,1.5743604399429527,0.6705691852411833,0.1637739796564992,-0.31293858719682066,0.4736169708048443,1.5749300481027109,-0.5271630035443341,0.7206312909187498,-0.044340217127482595,-0.4014754479550219,0.26983009526539886,2,0.035434705753700335,-1.6414537554500743,1.157399862617135,0.04866033316040874,0.2663340926538831,0.5052476240837347,0.10349190798406085,0.676556226064815
0,1.3667521325216219,0.22923395096988908,0.28115128943192863,0.42668347279886,0.47830708574444336,-0.21436539577885375,0.7217455426297575,-0.9814265907458044,-2.381007704632142,0.5604453362083737,-0.36517855714725195,0.18341162322103638,-0.8222717139706996,0.8948868724758263,0.5488235556301627,-1.5672180049702242,-0.08760306602944952,-0.1233486069537909,1,-0.40005378294678917,-0.8473588049271193,-0.18023813598604363,0.03140542598458757,0.4635652954588634,0.03813005791114876,1.3876489391994977,0.38274496594150004
0,2.24867707487614,0.20639810971634287,1.1404331001897583,0.26710111394175984,-0.594026696808643,1.983902964598606,0.6206831623196372,0.4810606926918427,-0.29669962476455924,1.3842990440746914,-0.6484034114870828,0.8677004220062463,-1.1170231676304956,-0.7624564207871696,0.6020124956118487,1.6937537669632143,-0.632747095234318,-0.1852368191350549,1,-0.8740218082489486,0.4034055045643268,-0.7994093889543262,0.05171595557033502,-0.0148988365001958,0.035953761650274196,0.2931066023063291,1.324021152677138
0,0.19547226526352568,-1.0885332380420776,0.6781691462236765,1.1222791927300062,0.10668119810991,4.016354364276894,0.6354945081037873,-0.22366784138707008,-1.7809795893736478,0.22568686977151511,0.6678907573298344,-0.30957349191553074,0.28218969837754593,0.40483762935247214,-0.5076928722185785,-1.0067099944341313,0.18107830095797026,-0.257125120947405,2,-0.5140714881640946,-0.10273478105777922,0.0569899767982478,-0.06170119007923229,-1.09095311408826,-1.7533369168761648,-0.6672868499703268,-0.1288169893352813
0,-0.9718496209153865,1.261486354436041,1.2788500451106775,-1.4537837652018848,-0.05777177477062129,-1.3020585613279798,-1.4922233171178982,-0.3374511168387449,0.0626627400848685,-0.048164601540046856,-0.7552334651415396,0.16670119055541138,0.7783198338228606,-1.055944257307385,-0.4981043889799199,-0.221872225234305,-0.2122577339784193,-0.42583660776079735,2,0.0499994607138879,-1.9253220792960608,0.8733662567309565,0.10883876102110887,-0.8930946516594835,-0.34843601546907843,-0.7872937948755322,-0.5982482950737464
0,0.5493434795284536,0.3087952296203543,-0.3881257873548345,1.2053538128409487,-0.7256800085249293,-0.7103445224251721,-1.0047499425993205,0.7886728943571272,-0.26491912632156417,1.670280514672399,-0.0018445916185199085,-0.17647092623447883,0.4084366294051953,-0.1858646053635401,1.7228101224966381,0.2527661699658825,1.3121386280726262,-0.3938636605969013,2,-0.7173885229976716,-0.6369718251732996,-0.4049154492811352,0.023553732710374004,-0.17072079869958107,-2.2389263563461004,-0.12742827453212677,-0.7729671857188289
0,0.2023711997168378,1.0672896749819203,1.4608681615513435,2.555557542582629,0.052648427961781596,-0.12031059462467852,0.9278819549776758,-0.9887010272576897,0.06802759144129145,0.2261040171409747,0.3399363618099791,-0.3725843678825956,0.14647249647369626,0.20577895503596802,0.04773427548983826,-0.287295337994714,-0.29093288845229703,-0.39945273979458074,2,-0.7225048069695243,-1.1964414955157228,2.511341925637799,-0.06859404582786725,-0.32690848478907886,0.35379053591734644,-0.22822677457516044,-0.44098568323394993
0,1.4222884862803749,-1.2701088360551909,0.8466852596294278,-0.45617567646393076,-0.32392397492333835,-0.8535560540306131,-0.4801465634241635,1.5115575644053842,-2.1007565633189538,-0.22784507903098872,-0.747811268326382,0.3424676517327204,-0.4854772087305126,0.13013863531085476,-0.2399579672370829,-0.8146597888673923,-0.2852380671250748,-0.2520476582772733,1,-0.03482808920216618,2.488601199870601,1.0807326367459265,-0.016839574162418103,1.8816697628957253,-0.32496725009858224,1.155708212483891,2.503931182853023
0,-0.379018003964673,0.060857542951800236,0.1832760577757761,-1.3148122553597887,0.4574323829640455,-0.5651770770937246,0.6978695127250808,-1.0291309477127202,-2.5063505939306303,-0.5999416341152386,-0.6667259478135843,-0.036534095636945735,-1.1197152529880472,-0.6182147949824657,-1.0149721511314493,-0.886693472080814,-0.12412238620598465,0.0626923963751998,1,-1.1874368371653818,0.624620891078568,1.7458570314151212,-0.12155141013165675,0.8168419495307229,0.8982307625908614,0.6586686757555426,0.036156660687832215
0,-1.3313798205782112,0.8436323674224103,1.4575053132040836,1.320161829767276,-0.3935202261256013,-1.1915931563165771,-2.1404575793973417,1.3875577251407487,-0.5787834112833252,-0.30140620783728544,-0.24014070512127636,-0.054206248106601795,1.1659651971578966,-0.15971843346447945,1.3645408453126757,-1.2048765454936505,1.138271872865362,-0.47842008952122306,2,-0.5381441702749957,-0.1905032153778151,5.7950490456217185,0.036886409042369575,0.04513776730711519,-2.233709596555422,-0.5090858160069217,0.1277748078931846
0,-1.5169761624216456,-3.352352140508306,-1.9572725117846108,-1.9525295550933701,0.029142763036384134,-0.1927020447613328,0.6576126094367717,-0.34234161037709354,-2.8234319793344946,0.7659325919926276,1.2684094337775014,0.6343342657019512,0.7184375307772501,0.6749519216550277,-0.3663292880639301,-0.8039287044571948,-0.2931379127238945,-0.3836106409240079,2,-1.2490901959440421,0.35221290158872237,-0.5821088387560629,0.10273848567924934,-1.039257070288794,0.2971657967899461,-1.21975314077183,1.0455770214146138
0,-0.3991286599383024,0.3809604117575621,0.40958558645276993,-0.43497399049207996,0.9184030044998907,0.003883595854568239,0.47764101359031647,-0.7941970279735757,-0.317126751939494,0.2720305217272153,-0.40727185633303176,-0.06195833371621909,1.7802648081894663,-0.9478867745571997,2.093640990839779,-0.8312571779976076,0.2736702370383764,-0.472309298647287,2,-0.21795830305987157,0.49307088731207327,-0.6160515560189914,0.012678135759761594,-0.3799042526710824,-0.007645262835704686,-1.21975314077183,-0.12598802008422222
0,0.8703674659851347,0.008995359002316294,-1.1519007633954894,1.2773204962011198,-0.2529605834870752,-1.1635208866699993,0.38186582015947157,-1.4369293068947901,0.6172491352729186,-1.0813380498647707,-0.5714146027305793,0.46617897115424445,0.5302830660188993,0.08359551969126033,-1.0300943854369444,-0.8713836777652333,-0.34589891225198455,-0.21059788035499932,2,0.5751956038945747,1.5560424054320436,-0.6456275867263764,-0.13858845242106,0.19843941796081122,-0.0864032508869288,-0.4517679341558605,0.6357500105901814
0,1.7034090917722242,-0.7190121375106513,-0.8484691345020814,0.33147956385563826,2.3836157235409257,0.011829512225270178,0.6881717470279469,-0.17813982239173465,-0.9080769231661572,1.8918971952380863,3.2879520454455675,0.07283635407255079,-1.4219289451762638,0.5433846625095118,-1.0785249147351905,-0.21279085146706694,-0.65175997996054,2.682388268576205,1,-0.04415047329299171,-0.13025381635305,0.43923542570990254,-0.03511785181556225,0.7632487408627988,0.25173328424517855,1.4735508442136886,1.0547999916977662
0,-0.3728094783423067,-1.3441623010806256,-1.136311717790949,-0.609928796818652,-0.5939889558201629,-0.9334341093822729,0.7213920957405755,-0.272529869386911,-2.6225215318496153,1.6681612337382277,-0.7230883540987487,0.6990029018895356,-0.26760706772395915,1.7241285343551902,0.20462749391485224,-1.208745118131692,0.831535040449428,-0.39261213725076394,1,-0.5474513812992512,1.1615769032456678,0.8399601606372906,-0.007055693596314014,-0.9854005699619134,0.08952877202950837,-0.6183997493377085,-0.5929509490129099
0,-0.5472929315229743,-0.2923004167396549,-0.4901823519811622,1.142464468593225,0.06759056878980063,-0.505619572215714,-0.7378566491892321,1.8152616610669372,0.33345729231179055,-0.07682957605013505,-0.6168587490852669,0.08209805464495784,0.28474308182073704,0.07923121977744169,-0.009346994510236628,-0.7057379479045492,0.506776451089597,-0.12595129425600313,1,-0.6673501591048198,-0.05095403160206269,-0.757235484135017,0.3621764890446968,0.13697824014634577,-0.3838350489730142,1.5770323453401627,0.19846692698389268
0,-2.5648918642355154,0.7872327858329502,0.8193090705587046,0.6100437989425458,-0.8889724980035513,-0.9043705042019872,-1.0002372296524449,0.6674435052537976,1.5030567611859031,-0.6766947418340994,-0.898557692617705,0.6007836034773784,0.08584386720462778,-1.3419425478883737,0.20639362311985526,-1.274427676755173,1.4118639466092295,-0.44295799763172494,2,-0.35222087258407586,-0.7598657369856882,-0.45311845245818216,-0.010275137541993051,-0.36304047173204,-0.6797322422079302,-0.4678727895413361,0.5085692665069173
0,-0.667073301989573,1.2435391560729478,0.9385686436033137,1.8938199722493825,-0.09181031405808536,-1.0162847396351105,1.2477683431737656,-0.9879617498328357,0.1370201916270578,0.22111772729731718,0.24667770598673877,-0.10002612098031291,0.23185518194896063,-0.18664698394470025,0.2923354612090573,0.6430386060848273,1.265191140716548,-0.341877992954749,1,-0.30603122115351566,0.23552354115729596,0.25592002521636364,0.19064566161454005,0.42550851007165563,-0.27538243252408634,0.5365335924327468,0.7958201798892246
0,1.783717775987987,-0.14189099454650272,-0.25158960887612486,-1.8291195158646922,-0.0657594236060756,-0.5128031635996126,0.7932010703133427,1.325819168488188,-1.1504904515440801,1.4664367262328315,-0.48331725867736847,0.5074908589487404,-1.753887113109542,-0.5658298406734856,1.3141938297564346,-0.48684904067509716,-0.5599385209644675,-0.21001164283892154,1,-1.31534178663484,-0.8451416223652872,-0.7068999775638475,-0.03876509682176858,0.6341243153178464,1.1738193203686746,1.5504401022965564,-1.2227929865969571
0,0.6061383717166022,0.10126080738626242,-0.6593710432117128,2.368844373665313,-0.3252536129274273,-0.23513516720223204,0.9573785874369555,3.6904728812248893,-0.2914534276330304,0.3813747021491959,-0.8211566999025242,0.5626748299277506,-0.30706633936629624,-0.6831651103700185,4.53622087412953,2.919655082177357,-0.6419817891270693,0.7876242639233133,1,-0.10405368324441686,-0.38175681099531367,-0.837083612328585,-0.10433838382633498,0.7372976930117213,-1.7391248406968474,0.36950548914258563,-0.18198142060344946
0,0.7113713181748681,0.25576919023829414,-0.1607865499911283,1.3245844367553843,-0.29529964333376885,-1.1208195661846068,0.3159917849613948,-1.297143583307554,-1.0599891229456906,-0.5539502851836523,0.1692180658653719,0.41885062596087197,-1.3057670954208822,0.046835755109051,-0.6758653830377894,0.026261760925788635,-0.27985054738141396,0.14526911385817218,1,-0.8249229512631979,-2.512700039659302,1.3000654186263114,-0.09568964401234145,0.8934274309076717,-0.32323595098055663,1.4202647969035862,0.8007023369729152
0,1.088166514474325,0.38396913822304635,-3.302481290334616,0.6928360069638265,-0.6831535204355972,-0.1866370020307529,-1.638333667884722,-0.8171548191203633,-1.2120561667976661,-0.42980659730846704,-0.13790929989450104,0.45921272146244435,-0.5643491689965399,-0.07015410197251815,-0.43467212149006274,-0.4142993043978169,0.06579731066914396,-0.40382143252695035,1,-0.3345783552368603,-4.373511980274141,-0.837083612328585,-0.13858845242106,0.4819907124779222,-0.9769392879233323,2.8142468274225174,0.35360213229994686
0,-0.5865822694834976,-0.6699061836283882,0.08207322370222442,1.0936176549059504,-0.7062909545464324,-0.4534887156189569,-1.8099604474272533,0.08772822901626376,0.2241853231028697,-0.2344402858940777,0.8330419351206254,-0.1618626888996755,-0.9100784896615672,0.09088709347047466,0.711873207480551,2.425769694454171,0.4240188304407994,-0.36092056358591934,1,0.7199668022201191,-0.0007184501190802828,-0.32791345969576574,0.06280255767145768,0.02548614414616035,-0.3475118752491698,-0.002729119625819676,-0.9421279159063556
0,-2.1839138062224848,1.030589675962494,1.0552222208800042,2.287781290873903,-0.7682075357542885,-0.0034677491809601557,-0.5952652197885688,-0.27131110570968026,1.513998727683337,-0.7558228797614646,-0.7570521558445484,0.057855326983099434,1.5339371297324813,-0.8120196527168608,-0.18053040536185772,1.4115432452025185,0.5263145382790223,0.48831347712032763,2,0.3628134283557469,-0.059808555991682805,-0.837083612328585,-0.03410413664517584,-1.00418233337824,-0.6403151123479115,-1.21975314077183,-0.4518206025961785
0,1.4392430139404164,-0.34309131640976603,-0.4786164459313057,-1.933006107165851,-0.04178437453545886,-0.46925693120867795,0.3486558308994307,0.5749320442921931,-1.0328893725308799,2.051856049078333,-0.34879311333523655,0.7212631328804964,0.3185286292977894,-0.10026713277499516,-0.530136442043271,-0.6135766390010545,-0.5642910842440557,-0.32695425055485017,1,-1.4006301530630214,-0.23814737347034654,-0.78908115835343,0.026419810587809317,0.3008632817510636,1.2576688146518726,1.3198310934068154,-0.17079741133005716
0,0.09827367330446513,1.2881256681940458,0.5077762293216214,-0.5097440507204792,-0.07838111947344487,0.0375710511015358,0.7981007387251168,-0.12117697671195671,0.9861012592451343,0.9862295223271664,0.1042915197871947,-0.11330079343180782,-1.6845230660507875,-0.05158462373993955,-0.7709890540097065,0.28751401675617116,-0.1341092579546001,0.05403988769026604,2,0.6113876628800325,-0.760697934487942,-0.6070777761366499,-0.02384039672344804,-0.3188536285039044,-0.14628259740671784,-0.279901448140093,0.3046930201168415
0,1.648893054123166,-0.23285707082274987,0.4898025057197541,1.8987415586008765,-0.018740203242045506,0.039835228712331805,1.1028010209749393,0.02876432627997083,2.2001260655778325,-0.06676210733980475,0.07634908503900956,-0.462313466045314,-0.8989111531605625,-0.4656208007923115,0.44009622418697875,0.1914194265675615,-0.197655885996868,0.5304532289754448,1,-1.1702536797576648,-1.3698958430456065,-0.35068502140025665,-0.10253516663070708,0.01731160827851519,-0.17032382191256795,0.7939763974207082,-0.6467372683550521
0,1.60384977967822,-0.4935005452306771,-2.7894425074237787,0.20820930220009515,-0.6390592298305523,0.012829194270777527,0.8582166200502466,-1.143077086807073,0.03156575082915086,1.333121904255743,0.29381347285876913,0.4319285657320476,-0.713771090749808,-0.4208403707836659,2.168722826947321,0.3482108398410859,-0.16879638130815583,-0.1561489465358869,1,-1.129234061366723,-1.367570417122017,-0.7275516217678384,0.035830079577842,-0.782831547453564,-0.523862399175701,0.0015517933459584798,-1.1286295926957142
0,-1.1361190673486867,0.054149918571576694,0.6196567873175118,1.3086752948476894,-0.5394195275780985,-1.0867656487769763,0.9845521280824117,0.5132383005087391,0.43873846969283636,-0.44852000528516267,-0.7950465740894546,0.37628562106072094,0.3257215929955124,-0.21279997530841444,0.8649628305282324,-0.3748977199986913,2.125473254200928,-0.18328925145753114,2,0.07573578720408042,-0.8457809890147083,0.5078680024628339,0.100738527679797,-0.1860723803303027,-0.16193689060972988,-0.6082041740831332,-0.052041644136151435
0,1.880922682937359,-1.8128261502872323,-0.28453055381963527,-3.34233156199854,-0.40714388373955757,-0.8424551460535004,0.5260729091695306,0.22083498301256688,-0.8990079367068897,1.154038323888704,0.05976181511102219,1.086125094829888,-1.166627288492107,1.6591771351745979,-1.1662028154701152,1.1460680840368247,-0.573897513764698,-0.4628945257176755,1,0.10105640814010941,-0.49550436725144187,-0.7985371133456489,0.013572311300700399,0.7307172648348037,0.0765679335468965,0.824852398995824,-1.7078296597423752
0,1.4385624650037514,0.15159872406527186,0.21948125385967854,1.0546002189105959,0.30322547893644414,0.45791909687761445,0.7732430105093326,1.1506406381323784,0.12861871712989648,0.13677577650166073,1.2329975175446182,-1.085813715953789,0.79994717767918,-1.07207098242685,-0.5862326631905197,-1.0056040443072103,-0.4749646994710667,-0.36245916327943134,1,-0.7843697141224405,-4.213763856088153,1.161352540893835,-0.024723449576044516,0.5114984125043522,-1.9522999769621583,1.4951640452673018,-0.49793085783373026
0,0.6067053374007938,-0.5041921247018617,0.851897292461516,-0.8387227453092896,11.6700423385604,6.10356860479853,0.38425815993932244,0.8635470910017697,-0.791451863121828,-0.14810421340307334,0.010351878834974182,-0.8654242457513655,-0.769808673977229,1.6224279689524,-1.1908957223309098,0.44469008705870294,0.23204912308562886,-0.3003727820424941,1,-0.801235567521859,-0.09657214329721195,2.5367586008910514,0.1935371062149773,0.8976974929639359,0.820060303136794,1.8041366899096902,0.0003995501674282087
0,0.6520969451206893,-0.18738992556889658,0.44115122912548865,-0.7512527705185192,0.8550393514021539,-0.04910275949024148,0.4519347240934966,-0.5782306138524003,0.7776779300450691,0.7896190134108483,0.5981459657119785,-0.1345835919131928,-0.7326262490099409,-0.513806254388282,1.4525617644833062,-1.4547940252539857,-0.5741119361240415,-0.14831055242117153,1,-0.09985646490122485,-0.892235951153111,-0.8111261067189194,-0.061897600458958195,0.5465628824866453,-0.3531605279302499,0.886399615890228,-0.24855043127468796
0,0.6268041217119148,0.581605729335635,1.971631560373723,0.8941479331163018,-0.9680850982714515,-0.9061313012922687,0.7888799839410091,0.08089671043935784,-2.560286681921605,0.18482300120713263,-0.6543049449549674,0.36403571423120995,-0.9064714348682157,-0.8618135926464596,0.6336351300312465,-0.8712290361029217,-0.38907141013817476,-0.4005306590829293,1,-0.6916314194971716,0.26626371948786576,-0.6969329109399852,-0.004642269580043462,0.16324818142349246,-0.1644661984048706,1.2418872439426476,1.1719689183516786
0,1.1066538887802295,-1.4938831294028017,-0.2890068558966584,0.4035652973338605,-0.2475448520911676,-1.3762701582504167,0.7677934879174036,0.12012755992918561,-0.7362512458588353,0.22581788287103532,-0.36981013044515354,1.2852252443830818,-1.058923000964941,0.23358943916326164,-1.2761445613165259,-0.2873948201692417,-0.46557965595165485,0.09659824245267878,1,-1.1881559921393254,-0.6503061945526444,-0.24186952579187926,-0.11735792562908666,1.7613851398018983,0.39977985325642185,0.9467108320882427,0.5072465376620114
0,1.683569228688866,-0.35659777996444986,1.0973179723446738,0.2748898362936725,1.1574584532054109,-0.2787219246968623,0.5261370055272435,-0.058865563394792264,0.8792707791122139,0.7784999924796628,-0.5421710191691167,0.7282987523868609,-1.1469921809095533,0.9867762435015892,2.4221454223182093,-0.47468821299039504,-0.4122118598177222,-0.36849095081453015,1,-0.1549689410153275,0.7264401952243629,-0.5230967321257954,0.15798087047610299,-0.4142391453000376,-0.6603266475788536,-0.09122772432883597,-1.0441288216629665
0,0.8347667531519847,-3.0877922666667383,0.5930719646827034,-0.12773858739650712,1.2001904815815672,-0.868383386546757,-1.112055819988271,0.7067928161446599,0.08542356324725386,-0.5085298535379134,-0.7973231828446021,0.6671672158066488,1.0915311749307601,-0.8950872072441662,-1.0074468834966046,0.23738762992097162,-0.03174619426380676,-0.14237835784606434,1,-0.7704287690530685,-1.6863319772152021,-0.6558696253037797,-0.10962329992196224,-0.9387297425521968,0.7789082060418482,-0.680549073386047,-0.24751917833535197
0,0.7507045051701453,0.09211669782426721,-1.1214423730407737,0.2806243501037827,-0.17167707103685909,-0.5964835979236672,0.5506224902201107,-0.09666841423107608,0.5880881223232254,-0.7857990016150783,-0.08405457363594165,0.3547341623829209,-0.3169474865476828,-0.5728204260254272,-0.04936465353017505,-0.11646686592700287,-0.17957501670072012,-0.17268986920177667,2,-0.33069946495683655,-0.20458156683600057,1.8856843906391865,-0.1083276950088731,0.009929940872714177,0.21372247766119998,-0.29502971929959876,-0.7067577569043034
0,0.195705856557865,0.9608129592793531,0.8619841199313478,0.801050975297445,-0.8083031578054956,-0.5574121996139404,-0.4288105963315101,1.9173742706171897,-4.14100265041214,0.4193199001165544,-0.12362580505207044,0.2970125974122249,-0.37364795667742057,1.637433576842247,2.915610141411074,0.7636892336279453,1.4016812838953536,-0.3287010536848186,1,-0.4198259706699514,-0.27007823290474015,1.2188939072501888,0.2545291476215449,-0.3805979067046944,-1.1082529585446244,-0.0802748670145792,0.21871707153245012
0,1.8152330259001752,-3.7670109212405354,-0.48220949806645974,0.06381939365757916,0.3392902053334487,0.6948614219422614,1.137596191628564,-2.0926203298112243,-1.5473166241194427,1.669898068957591,0.20975004285068505,-0.10078994440768396,-1.7844687417435015,-1.0516853294225488,0.07762066870528905,-3.160071783507103,-0.3028883080340551,0.07891443778142021,1,-1.2949938553749207,0.8347812912317772,-0.5429077378521059,0.003270607096358902,0.1895422208241007,0.5150313299896792,-0.32960487017110984,0.013801688140405832
0,-1.05150896231794,0.5562087067771776,0.2747325289355719,0.04162394101841414,-0.39211685365042787,-1.230032333879451,0.7187600674174756,-0.7180589199482168,0.1737657447145302,0.3423584861894988,-0.040668771510804974,-0.15677951355502714,0.9813025670073194,0.681275295805721,1.5298968813845268,-0.6633321626312831,0.29875264145084623,-0.3839679324669835,2,-0.9741267787321841,0.8013138221875178,-0.1990098903076467,0.07742375823212133,-1.09095311408826,-2.125220751603904,-0.8173568395564735,-0.5800115217216499
0,1.1273682735930528,1.0618756150920796,-0.5475268740554147,1.9549768520268183,-0.2973723898633796,0.7343550476019243,-0.08368775238749315,0.2888506150186795,-1.4125468046247232,0.1932010189206158,-0.3955543786034909,0.4651138495878983,0.5559425170870719,-0.8035516685876851,-0.5145894986441455,0.3450944719717709,-0.4785472111628979,0.03916235717695877,1,0.45070151064259245,-0.1917672893328841,-0.5331137070306591,-0.06715859565486317,0.35862829684938874,-0.4190433476535381,1.0319434287644427,0.14350216359158388
0,2.24867707487614,0.42871901333181317,0.42840055897316653,0.7218520035420841,0.04079391853394254,-0.5599988413497151,0.9237007035821656,0.14849198856285756,-2.5544754994886594,0.3446213825494253,0.2599237214330285,0.11758379964996596,-1.78526162662461,-0.29189760346936444,2.3674531486384858,-0.4930084771518331,-0.642763592328617,-0.396891018528785,1,-1.0844626536779338,-1.3398767184239722,-0.8203726735296097,-0.0989319820263439,1.0902446531266918,-0.2857407748872839,2.071453180784162,-1.4694131010503209
0,0.7508913005780347,-1.324894655853244,-2.060000004066674,-0.11784003074375382,0.44980135213704286,0.18541679132807704,0.7920959195030074,0.5090598864457294,-1.1245794751570537,1.1760785073457969,-0.20864598749930202,0.04569667570151564,-0.7021024730318421,1.49197322406953,1.0668140065898197,-0.6081978732922697,-0.6435540307487163,-0.3990821625939183,1,-0.17703667242462412,-0.060180398385998424,-0.5235957326721752,-0.01890225496375668,0.6402255257486277,0.2357347109500746,2.673445561062804,-1.5096209843137642
0,1.2637660699955724,-0.20627783459970878,-1.4301634509809762,0.46161838134252214,-0.23437295846161857,-0.30868453938523766,-0.8351547145920295,-1.4053011046614092,-0.40939313184515935,-0.13566486058551275,0.8122403477168894,0.011794984043740207,0.4996456000716692,0.04589701331338426,-0.3746745137116794,-0.9593645139610417,-0.4895005470787073,1.1853764769747257,1,-0.657463583980175,-1.6399880029460558,-0.8021341846022173,0.004692153117847722,0.1803155728475303,-1.4395317721599876,-0.09012784442817462,0.3343305540745451
0,1.0708793554292848,1.472405952983171,-0.7727571667803813,1.869520491377025,-0.2697770364809952,-0.6511370849692933,0.634586923074994,0.2767661079301124,-0.9544481319599663,-0.35869418116678814,0.07339565687391952,1.271965657354758,-0.036090872621201364,-0.13091198716134117,-0.9468621459028643,0.11443925281567086,-0.6044335923176355,-0.3048213747795471,1,-0.21572962358550635,0.5817652735620581,-0.13448300135743013,-0.09569283441703641,0.23463383598478815,0.051253430908217934,0.11559584591342305,1.0346625943924161
0,-1.7880657816792207,0.4640396932464666,2.331766701053276,1.5181121321183777,-0.6400768654319784,-0.6719731836437245,0.8739759659531152,0.2835297997183901,1.7056788320667473,-1.22088775859002,-0.6090377686123964,-0.6938446328140653,-1.689987079125934,-1.2140007116694038,-0.4192246018276313,0.2819543326399434,1.0428499735945347,-0.13859904248314572,1,-0.5452571821236853,1.3209182393288885,-0.3234490095269503,-0.0333077433847771,-0.31255335662300077,-0.21877829079530525,-0.9825754816490962,0.3448134331200893
0,-1.0778535665694489,-0.4027865093461622,0.3638603794240304,2.3234113226029436,-0.0807225100566083,-0.5217035301652417,-0.5400502159157609,0.9749966235240833,1.478001652002845,-0.7913028061099971,-0.5390597743697509,-0.05351022801889327,-0.3739385384721591,-0.941201184949666,0.8806720107134725,0.37434328031389263,-0.4087503901950149,-0.39645782693194287,2,-0.904560348968987,1.576165438918961,-0.05250345459887196,-0.13858845242106,-1.09095311408826,-3.27873098430136,-1.21975314077183,0.4945653516346303
0,1.4996836985925905,0.7529396955929128,-2.539547536244592,1.485895136810406,-0.016895123529132305,-0.9107461928601284,0.9201648240414816,1.132796128890883,-1.040231692591406,-0.5360122048770183,-0.7770738258566559,0.7201202704116004,-1.6315293329852145,-1.0915695539583408,1.3772572858481533,0.44840191030862575,-0.65175997996054,-0.15299809066000797,1,-0.21681874762585104,1.4657715300401775,-0.6871701337537209,-0.0403362469568986,0.7935201646345506,1.9016679527741407,0.6597848655727496,1.1385790192260545
0,-0.01969185688080266,0.34375110238484863,0.7515272081894914,1.0019816818216538,-0.9826719223385212,-1.1026297177317714,-0.8397851192194866,-0.3597436234384535,0.36300063944352334,0.2742094502593221,-0.4782893094992988,0.37897563756334574,0.11443009404216509,-0.9057155839988855,-0.008408112700801218,-0.262839108269051,0.2940650013540651,-0.25636340005935193,2,-0.202383010647999,0.4604832060612897,0.6720564318553433,-0.03164373627903726,-0.8877651786418367,-2.639449757616595,-0.12747856584059916,-0.4540711988303245
0,0.016021078268900008,-3.2372500003506266,1.757616382330371,-1.0318969267469997,1.357829841472455,-0.617503146443652,-1.724977052325369,1.269878382919635,-2.491545659161223,1.6409079008213379,0.35212011709199753,0.3439883018578765,0.5484660473588892,0.6886022472266395,1.8685727384390929,0.3470233576830386,0.15190184047518637,-0.35173092723467037,2,-0.5134415862334781,-0.9423559921537217,-0.2152666570444831,0.07282278666287534,-0.6558913220958393,-0.6711963278482851,0.715685113256638,-0.4454736200509979
0,-2.077840202766226,-0.9691435436071918,0.4782890333206335,0.9453550884011406,-0.7314114430737638,-0.8066910952263081,0.969236272548962,2.582395655324163,1.0218031474253222,-0.8624471156675756,0.2013390489809477,0.7656398028218687,1.5796131404720897,-0.15750000409635917,1.9922714299735418,2.142171507334065,0.5995604731643461,-0.5241183443994542,2,-0.41114674567782605,-2.647001410957247,2.8792063036264883,-0.0568516228086753,-0.5519359709746096,-0.7477286336812068,-0.8632369890508262,0.5766850064867217
0,0.6211544970265386,0.5593674067506198,0.651395893351455,-0.19490006244380242,-0.46665778107236416,-0.42379956303700994,-0.747830252765678,0.7456861963834837,0.26519467683144654,0.044598873229560215,-0.3713238366924501,0.1671225855888221,1.1307717727103976,0.0904889023479099,0.9108881084002822,-1.2712952911860145,0.18164872611569463,-0.1278755558136445,2,0.20249980587967403,1.812939680915521,0.2051288049163703,-0.006156695586802312,-0.9612954248348677,-0.6111349366763548,0.3679272951108545,-0.23838142291020753
0,1.278275015573402,-0.2423792218545462,1.4815508079783142,1.1368552978277398,-0.43028488538407916,-0.8925824129623041,0.11284982461614146,-0.7757862100636452,0.4498097284488042,-0.0635716558219741,0.12469923557188772,0.29643823878424563,-0.49377297558392935,-0.29776814563222676,0.31803258421430114,-0.8850255304939776,1.0825919612338253,-0.19931574392305962,2,-0.47911282500736235,-0.5906949412408217,3.4857235929545087,-0.015295738691803305,-0.5599951060625166,0.7595490755339729,1.7486564655298116,-0.390909589226541
0,-0.006411298720877964,0.8074728649025735,0.45423100122645355,0.6917586640239677,-0.8282952305146518,1.1575865552468598,1.104130522262103,0.21271015804749732,-1.212538035737524,0.1144355791930367,-0.2362273838551478,0.26531929647332264,-0.19502643523185348,-1.0393308015087088,-1.112830762943775,-0.5053048056649042,-0.33820264184425136,-0.540532572592827,1,-1.1655760290145145,1.4261334225841982,-0.7456392668032622,-0.047363907156763085,0.38079382624376035,0.13305013763530377,0.7525139878835458,0.21999140621146093
0,0.6295499253513769,-0.03457612124643217,-0.10766636565162427,0.9123700547200008,-0.5153813033888714,0.9216688899059235,0.9890076272500015,1.2521931125877055,0.35429259328107665,-0.9162173503498902,0.02657987839633369,-0.07126755130079573,1.8401554753502127,-0.7710043958590616,0.36504224413952113,-0.45423181181599825,0.022909765073676647,-0.09414404988610753,1,0.5409379915928816,-1.0460057814171835,0.24727192738205706,-0.13858845242106,-0.8392178376868554,0.22579483554270463,-1.1032563131069577,0.12111050646690064
0,0.5685604358088548,-0.602166576877265,0.6267162335891827,0.8582378183768788,0.5017511499272082,-0.05058625769935543,-1.8352968027131138,-1.187984470003865,-0.9281689985382229,0.501023467443528,-1.053579926557888,-0.35000025973579263,1.184558634905729,-0.5967610208253138,1.1654962477634179,-0.5606458801134154,-0.5494455653869245,-0.2894194971209024,2,1.3784169449593993,-0.9150049792534986,-0.7163435401196846,-0.04558885188021759,0.07462620140326154,-1.1746975788215595,-1.0316586128006469,0.7633627082362759
0,-0.6141363427639159,-0.6309452977700752,0.3258945397912661,0.5948384528957176,-0.4503941427800284,-0.5341806640273962,-0.7843891567835528,0.9257339047251445,1.1180877298426044,-0.7662139706031833,-0.41826016241516384,-0.09144979315256829,0.049705726859177846,-0.715308570910105,-0.4161332412522927,-0.3620764888351653,-0.6236401798945055,1.1623733423108973,1,-0.9257226339782212,0.580667151767639,0.791347016097507,-0.06418471472011729,0.788831450509973,1.021531032586499,2.2404654469588206,0.30606362495662554
0,0.39306828266481586,0.386208358037717,-0.10262775638210409,1.4788893071911082,0.6416952124590783,-0.12357513079969001,-0.3667890177485932,1.5428701312866049,-0.9250910255070627,-0.1921430981052789,-0.4408699878083445,-0.8842988999677381,-0.5927381224943503,0.32035597554858325,-0.08799673062165603,0.0028030278405562215,0.11942726130611814,-0.3925112849867262,1,-0.6585837073908682,-0.18838999124697728,0.8935759535964964,-0.07694565480999709,-0.5578765040023803,0.33749996448854225,-0.5363340176089727,-0.062376860276998736
0,-1.1198652178489175,0.13210537797910343,1.4196276643816415,-0.5190883226194098,-0.34113342025158705,-0.3208233906488979,0.06773322993838782,0.14638107378013154,-0.9320997140123242,0.25490461168363543,0.3427900381530903,-0.5332313653693159,0.8405368887629052,-0.5636392939579877,-0.9849252124794675,-1.0586869713117824,-0.2469220146979945,-0.13814660152445551,2,0.5978052569884084,0.4420673681601547,0.9489054362734946,-0.07085689427521322,-0.5914972072608091,-2.9227973580499436,-0.6793288014171116,0.32850219839256367
0,-0.6575328951515852,1.133155326804231,-0.4564514735636317,1.6808551499903586,-0.2788689057840847,-0.9973817366448827,0.5722294430284268,0.2015665349249336,0.42706064676755107,0.02832691373944024,-0.49858621572870615,0.27185087576796674,-0.1060022815687468,-1.146246643880759,-0.09197037958619425,2.028574309184443,-0.512434161076111,-0.6838191458172141,1,-0.40205096444421384,-0.2924871702368844,2.7958964832132196,0.004672869572255066,-0.07021014541331658,-2.197594029991198,0.6546736348488537,0.14601230018670908
0,-1.009724377742804,-1.8780753219853363,-0.048341592239237174,1.6525142882506785,-0.4442461403452116,-0.9957287601979474,0.717455100399834,-1.3085579493002257,1.009577054073602,0.23289475007839874,-0.8827789582366413,-0.32669446767652477,0.22637135424035643,0.6408846536888732,-0.18284365990185591,0.14989075540691588,0.21155136484592846,-0.3018173229675458,1,-0.7836595153114241,0.8682276919609254,0.4758839187534974,-0.13858845242106,-1.09095311408826,-0.5487650802811231,-0.9193550535792526,0.050340115958172116
0,1.1907723518063746,0.37959398331496336,0.9479676657062405,1.203590985299361,-0.38364800765753926,-0.8757631962947845,0.5772416222409777,1.2995593620230357,-0.8377583469372993,1.2245909011971092,-0.45720284512160503,0.0738396981460408,-1.0046684127509324,-0.6416960778906331,-0.6905862630296529,-1.4720296937892527,-0.6337693722613087,-0.34025686387107057,1,0.6120990148781832,1.4192016261787161,-0.790430266182786,-0.0888702241126489,1.0344700621465874,0.21859317431703756,0.47364236216967126,1.7264648313081459
0,0.710410595702261,-0.3305546761893763,0.1572281397689249,2.6332395899718195,-0.5357082852309765,-1.263084726988855,0.9650594952133945,-0.7674916669941769,-0.579249193259582,0.5028869070457437,-0.35271548167090405,0.06991365381682663,0.881644889406598,-0.7925644088951385,-0.040505933661105165,-0.8518068794013528,0.2733355794600276,-0.12386732596022496,2,-1.1166834991227503,-0.9323843654673121,0.7428494112357431,-0.11634692230618514,-1.09095311408826,-0.18293023754696386,-1.011864869557832,0.39473069049902887
0,2.0719946890955474,-0.23427145789114656,-1.227078511045928,0.356537183604936,-0.22551523179989008,-0.22325114172585453,-2.045462754429652,-0.9548018600134123,-1.0416922252318443,0.21633248705564054,-0.29061449840908754,0.8118474210029942,-0.6409933359428439,-0.03412304415417622,-1.0396597914456147,-0.5059600060490903,-0.2553537628747331,0.854063166274908,1,-0.6852626769153455,1.308913786131085,0.226124505220798,-0.12720570390378158,0.5338984066881113,-1.1305590011255258,-0.15083629224411316,1.341669415711598
0,0.7484151749913682,-0.25198565791528743,-1.066713482185707,1.6131070348975878,0.26983247491663875,0.5008367931343105,0.7646144253942011,-0.43642178209163945,0.012144370997166254,-0.2304574243200217,-0.16910865236872058,-0.22470651135471204,-1.3641966429020482,-0.5086034354742488,-0.20354392696153706,-3.550621021975265,-0.2686681682023513,-0.09685733346743552,1,-0.7579648687342073,-0.4717106508069493,1.2738706161787152,-0.009980523950122604,-0.6041026782923814,-0.7408156782461642,1.5775421524621944,-1.256618357169859
0,0.7364418578112434,2.7942000235722593,0.5834013262268469,0.37748833164190987,-0.5037829518238689,-0.48335400541535334,-1.0401060700795906,1.514125399481445,0.37094414048019386,-0.5927003027407602,-0.2966227764364715,0.029406676135010468,-0.45844121419688305,-0.3823980864506402,-1.346609504094153,-0.7609476578150723,-0.019361988486788828,-0.4390581129014176,2,-0.2948218268816825,-1.045529069378627,1.50317471447674,0.02460866353244147,0.13299207288851167,0.6039230237254053,0.6348995733843282,0.920814662159501
0,-0.18555063896971258,0.21619137306623748,0.6431283226821018,0.7357814307133064,-0.741572067662616,-0.34231934770476435,0.9085716532243998,-0.7704008425006698,-1.8220103076519651,-0.6257875898087925,0.11614663520272156,0.13310975448483472,-1.6560365331199542,-0.3941940875753458,0.33741992485076855,-1.607636752223199,-0.29822036486340825,-0.5367022818915732,1,-0.6184816857696984,-0.2134042652087759,0.63112207495314,0.0593123422884482,1.3675094236040244,1.0443745941140201,1.5829618111330455,-1.8315912146770315
0,-1.0520527914906186,-1.0986228920112242,-0.5618260463584277,-1.9324791225259887,-0.4120731590155302,-0.180187649295441,-1.741849534676363,2.0324447270272366,-0.3043868538684467,2.6712708030851804,1.3489796555096767,0.3667613677904432,1.8251758115236774,0.9629219702928877,3.185671149570634,0.36688667049895773,-0.06394625371384455,-0.20819571740936355,2,0.09048873872288465,-0.1561338125196837,-0.3688040431573005,0.015809430422609225,-0.8966227992824589,0.19063750956277792,-0.5786955680332798,0.4170057061314233
0,0.6010613096570446,0.2521793116705746,0.3630143374963926,1.0749335852087376,-0.14349163739264498,-0.873785891182287,0.6723216228026839,1.8211253377620311,0.15831861784547635,0.07251233793892159,-0.3329609744127764,-0.799450624956733,0.055633083527021954,-0.27506233781882705,0.10830294908662558,1.5228251006382556,-0.04406133553183911,-0.5210738869176297,2,0.14455344637293313,-1.4381209187310726,0.34329355782998894,-0.05805043877605546,-0.8841663401716228,-2.081151350344527,-0.8778075053567069,0.00978958426359755
0,0.49810593334130193,-0.49405148558802026,0.32904847640383433,1.0612692791491969,0.06893966119483402,-0.3070615539540816,0.7153290630073397,-0.6500613712238863,-1.030220365977085,0.290882727439951,0.7195217122795836,0.45000483785169443,0.49069420718185575,0.2908577366033485,-0.8002858381941649,-1.6699652318795635,-0.40127542032679103,-0.18158196798703913,2,-0.19670589027148946,0.6336657371803411,0.8761951849110081,-0.012638662931671776,-0.0957152780915562,-0.5955092869364633,0.6865429602160863,-0.3408537048314669
1,-0.6205400092882465,-1.663763649396049,-2.6912361452232414,-2.6250864600681547,-0.10935567770645327,2.3551985277780556,0.5964248597979183,1.6804229970211724,-1.6169139491013234,4.449639724134546,-0.4729016655516351,0.4542541336025341,5.98529300691807,0.5825106417818762,-0.25755695168241327,0.732746732167446,-0.09849315475186499,0.38759497606993293,2,-1.1666319265707106,0.1349400984476874,-0.511903551269108,0.31343731604213043,0.3427948359244377,-1.8340416132937045,2.3342583519926663,-0.6609854780171369
0,-1.9471706480317028,-0.03081516430914566,2.0501085215480455,1.9847887088205083,-0.376436608095363,-0.7344141569263567,-0.7195584526677734,0.07906249615561356,0.5199848837600898,0.10718823666923721,-0.39334679923553406,0.48654339992168366,1.488322113851135,-0.7246229780372249,0.44253420305124724,0.46433358102089717,-0.5411351462550611,-0.08882991637022866,2,0.433625837190023,-1.5419705183013122,1.038675180229111,0.23770479814610124,-0.9719768168971612,-0.3323355568248014,-1.0933100336366393,1.209980921121839
0,1.3702801260252897,-0.1600477293964747,-1.4212648139950554,-1.8992293375461409,-0.26512815238607973,-0.7529630533671052,0.5463439862302907,-0.6695961360269859,-1.8667168581333509,2.3258673944739647,-0.1885261857849228,0.2949713562072846,-1.6908895633503942,0.2074466143139541,0.11773433911317444,-0.2213548510615686,-0.31693364491922116,-0.33756122461499705,1,-0.6203536296978555,-0.21446163372024285,-0.6014443847346513,-0.01713584587340416,0.6026169663666534,0.15514196329557872,1.6356287474452258,1.7925343125016466
0,0.41290277468758385,0.8364301393910647,0.6063978944007926,1.7407746749035686,-0.22414662269856003,-0.3652240413270602,-0.7063972248468187,1.3821400488727251,-2.560412311540371,-0.12714187610937502,-0.09538077940800382,0.28399967858957803,-0.3793735239939541,-0.07007016442999392,1.73921359022732,-0.10888967236539038,0.7850095933384683,-0.302072696335559,2,0.5840033466924917,0.9239996304790081,0.338902888344327,0.22527162566272665,-0.570264818326408,0.34921381218433545,1.612764220792611,-0.665778956352199
0,1.399421505852331,-2.456796138320101,-0.47602513980115047,-1.4114978545132313,1.0862487292754759,0.18853685513105212,0.8285396625834975,0.16740698903381845,-1.6412382597921187,1.500646303250838,1.832433655292941,0.5756431807700706,-1.1212993689916817,1.1581711704407889,-0.6724509181464333,-0.8300309357365383,-0.65175997996054,1.3529247229040482,1,-0.937220261422623,-1.1335716550847392,-0.5596209180128235,-0.01908451872053478,1.5871172618453118,-0.33032917355246366,-0.08590292467991947,-1.556615936906658
0,0.369500055635748,0.4211104659093564,0.6749907110866257,1.1821010083247907,-0.1530228856066117,-0.8081492237469777,-1.5202453178277908,1.4481502147887262,-1.3929842381518833,-0.2276138795707567,1.1276102365340894,0.9076170466540034,1.0893096692532838,0.7116252281703471,2.801289057471287,-0.274889289803473,-0.00993431968310031,-0.1921140674266143,2,-0.4350792543003541,0.5883554058152966,-0.30380373228575697,-0.023242151143753907,-0.7409831088903538,0.46005262331343555,-0.8596341891985564,0.7844990086193296
0,-0.059494713815834904,-2.562009222624201,-0.3385874614333574,-0.9304342565636683,-0.3256393425391332,0.8313573590209687,0.38426681505675464,0.7288197855076255,-0.24454759050181135,-0.028332761726411748,0.1696184557149225,0.5948461594152805,-0.7447744779542966,0.49863983188569294,-1.4018723482871658,0.7321725877886658,0.30145228394709955,-0.1341359699983194,1,-0.33296772286426934,-1.6694607945497206,-0.705303182590919,0.07462783285248956,0.12674252926028898,-1.1006262113257024,0.23823541564890796,2.2771824094656505
0,0.5664521273251473,-0.36788845640388385,-0.6389811706630013,1.1825826535667452,0.9336664903221534,-0.401897633575513,0.22956492373620818,1.3807584712191112,-1.127979541992974,-0.1762072488544377,0.8799240122000296,-0.8362387758341681,-0.7613620908332834,-0.29297690342439714,-0.7483260256509562,-0.30302406060603215,-0.27275314501438386,-0.48027621373493945,1,-0.0668565890064812,0.3048898649929507,0.8605254751046023,-0.05911476146927755,0.31990939700228266,1.3709974000623377,-0.9411283714691389,-1.7936473757793354
0,-0.8264414021391882,0.5550583165355664,1.6698326336944254,-0.26027734815761777,-0.5626103763728207,-1.1927833129820657,0.7000585488141415,-0.9857855150363439,1.19258455066012,0.21100193384386634,-0.04240716994685034,0.5691255459673861,-1.341674481055725,-0.4322563966898828,1.6277610795777784,-1.108114855258957,0.6953995709909686,-0.13062826852809467,2,0.42028644962341355,1.0552835813430237,0.0034549152200517574,0.03765650411238959,-0.6030081442168701,-0.265384549444828,-0.2079555592092187,-0.18642147459277533
0,-0.5467506033489378,0.47426589433835864,0.6962925859658051,-1.0329803624656186,-0.21588807176660116,1.6748240034477366,0.9831711910110806,-0.7488704339108421,-2.491733185037603,-0.3389429483411813,0.40163439932057726,-0.6151480975951552,-0.8461868746238961,0.3722563560847533,0.4176588068765568,-0.883658284884529,-0.003398070793234037,-0.171703348402091,1,-0.18980435910447582,-0.08606456979060903,0.20598697166119453,0.006431222621277682,-0.17413326252026629,-0.34290273421042716,0.19352862993391284,0.5200114466056084
0,-0.3460679457996061,0.31772216285062205,0.8131080272660508,0.6110706274370759,0.11639342521347426,0.8284237428199422,0.8624800417420271,-0.06604025462838414,0.11065826280825072,0.6241397405879823,-0.6166271464125357,0.48573334059967804,0.897957022305815,-0.036547617475139516,-0.21000677572471416,0.046376894051550765,1.0630755673791206,-0.4947952877746412,2,0.2945251453079066,-0.4403760368974782,0.05115723732197552,-0.0152575196790583,-0.10578536105599623,-0.874840031675763,-0.32972495782350264,0.2436246092705387
0,0.09506749061601932,0.9272505891344403,1.0033278003874928,1.6722138760700238,-0.3380246107763801,-0.35379427256907137,1.2680864026028593,-0.681509632519137,-2.4592454221510196,0.8468129740859127,-0.15376099004453758,0.34031171504920965,1.5342619231459538,-0.5793290357416665,0.5852637192004075,-0.04763153054269642,0.009054859229495366,-0.12063642705254171,2,-0.7492356630777821,0.38945869353615586,0.48638985937160273,0.02032528619048901,-0.8102606272508923,0.25382155131599915,-0.566839680174261,-1.3395501562230834
0,0.6854348572664077,-2.113774261523675,-1.3110632828489064,-0.44948842697192437,-0.016943039430376616,0.22095924412882983,0.7081701765214313,-0.271740772902001,-1.5752259717039059,1.0865674369379352,2.477397934305952,-0.24438950463067632,1.4115363680616988,0.3619869154322143,-0.5667358619354629,0.5248741495104925,-0.65175997996054,-0.09272994502099838,1,-0.5499813943908332,-1.4587054812011235,0.08565294040612981,0.018867362807639315,-1.09095311408826,-0.46972706934026565,-0.07915467131847287,-1.7105442665945398
0,1.182811054360258,-1.3214298385058267,-1.247281422413038,0.03397080529341612,-0.3270688311875043,-0.34843225729862703,0.7573106178810766,0.4456051248996923,-1.0298196256669316,-0.2419138060548726,-0.4414186055472078,-0.3180725019221384,0.19654887147996114,-0.41203690790656355,-0.17533237082413472,0.05551973497973928,-0.595760874564761,-0.19051339303865666,1,0.04031407059676512,-2.2625335671280826,0.15266189878684677,-0.09512613982533877,-0.25492414087531756,0.07236797283352253,0.026003893164018244,-1.5339290240881145
0,1.388820202895007,-0.036576201022289534,-1.2617108645830184,0.7381745016599713,0.0489886097094607,-0.4296960216583089,1.129422751051408,1.2216694567874062,-1.6790731598241089,0.8067536054718956,0.10403164387036541,-0.41403267927286036,-1.1405123539551667,-0.40478449677711237,-0.9025315863068875,-1.2824055288830745,0.2379454648417999,0.07302796586929339,1,-0.922094846884482,-0.1365787146441856,0.47326941015466434,-0.08035685833278719,0.23876802065077218,1.3380521220335813,-0.19191638203572126,0.16323066619189405
0,-0.6300947816635416,0.6484105365546527,0.45806883078417704,1.0805415673864358,-0.45466099605583044,-0.2726251665118282,-1.11088766516613,3.081933353410319,1.2125552875306151,0.0765640855461408,-0.37139658535749165,-0.4042998420202051,-0.7049406237817007,-1.0507478596831317,-0.7508092314249377,-0.14712077403498947,-0.14879731030607246,-0.40239005748716566,2,-0.5240197655167349,-1.1156703265504486,-0.7641923569590728,-0.11125004134835773,0.8100109699423069,0.14066507484666846,0.5821557363936103,0.2702217162479885
0,0.3370691174291792,0.5184223296502533,0.035234845272853386,0.7126702617837367,-0.3011864436305113,1.0496803819153677,-0.9955261253129436,-1.168815300280413,-1.091336196442915,-0.19485762667704248,0.037840301540271626,-0.04442490184416137,1.1753740337678642,-0.1258445766953591,2.0642696242221286,-0.010325097080897905,0.12191307090898282,-0.2938084708392955,2,-0.32384941077254703,0.5752796373823086,-0.08278281516455122,0.14606164638518798,-0.4502634660351905,0.1937183667879212,-0.8646400544763684,1.2881072215063885
0,0.42772026566761,0.5432037410917125,1.5113349956851296,0.8135599617536788,-0.5126185785906793,-1.420828646893908,0.6754107573247907,0.6010823522618055,-1.5615699254264905,-0.3143023267687881,-0.35202063211608886,0.47278009651141223,0.5531457786521985,0.6004822306450112,2.6803447157373075,-0.33537431958379366,0.020404329959694184,-0.5162618702766478,2,-1.5146032942339644,1.0215997957729495,-0.8052473740909236,0.03435590708208182,-0.7758171756880907,-0.3297581461528983,-0.2303749621019389,0.8144097855984886
0,1.503083322440425,-2.139333616352198,-1.5270797816591173,-0.5153169365064585,1.1626367276779792,-0.38887170320372233,0.7428918595327446,-1.5513143005074643,-0.6336737731862266,-0.6564998909439596,-0.22465602128792084,0.17287513452338815,-0.9152795236540965,-0.05474126737596169,-0.6472431202617697,-0.9142972794056851,-0.5594680878667524,0.03839754935032084,1,-1.8235443578450812,0.40382117075197965,1.7300084284329358,0.017417052849583836,-0.4646011360485748,-0.4249112890343882,-1.1014259436714493,-0.9771713331813991
0,1.422199434267003,-0.5545471827189737,-0.8499676975093459,0.7273331842068804,-0.24763157213246978,-0.8948051090380847,0.6431114212548201,-1.770833625648942,-1.9461403080287247,0.7805078437585306,0.6560502054991694,1.3302285443237332,-1.3898189307586102,1.5847908386777392,-1.267340686080118,-0.8065532455850445,-0.65175997996054,0.5763194903756854,1,-0.5499806482944525,-0.22579821626370838,-0.7478882103498838,-0.09112567431096374,0.5111892322769721,-0.2916440003823489,1.957641535259484,-0.8954592950045996
0,1.2600999643556543,0.984923589718435,1.1382774067553119,1.309560328349025,-0.7553254611647655,-0.6888989651964315,-0.7002348093970232,1.031764154926335,0.3534980100661789,-1.010570421246489,-0.5266027557805374,0.7330286528680865,0.4721360997535696,-0.782307038570964,2.035634716997538,-0.3376881877554815,-0.5576255298820039,-0.4903167168550185,2,0.5063655234949397,-0.251368809574261,-0.7918350384775372,-0.08162027231884744,0.1449267304481599,-0.15642527327233063,-1.1617771199320563,0.8370186250972874
0,1.6790850236220298,-0.012315434990064877,0.472407297800163,0.10503959142127942,-0.32261717765779163,0.12954187044788973,0.38185559295521476,-0.1000978772061003,-1.1926207968369575,0.5208647329935044,-0.19687681671548046,1.4089883732003279,-0.06810840826155584,1.661568339670918,3.085181413160536,-0.2739439118751218,0.35110388740892057,0.12582886023082257,1,-0.9256391348250468,0.6485029899937889,0.0318808659731038,-0.031835372446519496,-0.39272523129537734,-0.40699635745386353,-0.1197266063667333,-0.17854187407733307
0,1.7038245773882035,-0.5082212042200499,0.37325480428074465,0.689683606815264,0.2634226896785586,-0.4309400896145462,0.8259396339481994,1.0147219765805637,-1.915148348008492,-0.6067057260229587,-0.12389542242409274,0.08622726792161883,-0.8398321129564104,-0.21833456815261362,1.8705037824961672,0.19677802017116774,-0.4996684852933271,-0.10419953617091982,1,-0.46583640571004403,0.19177094836057093,1.4506101142391903,-0.022872722837665033,-0.2435067694636437,-0.14093657336397036,-0.6161269841716233,-1.4330968272444586
0,1.17013177084136,0.23161707598669873,1.8162416018189478,2.065621578959203,-0.24872162044172605,-0.23565371695430215,-1.2028615012503119,-1.197228400098587,-0.33709021286996316,-0.6769262100757536,-0.5686462995684411,0.05707348055752892,-0.11036165031581341,-0.4697956510066394,0.14287876774288177,-0.05081136404757236,-0.26011749234941456,-0.36008423278379326,2,-0.06305015222842777,0.1162352514714531,-0.5114619907619773,-0.08970587501037534,-0.11506541231586426,0.14995838648663617,-0.6302477241595057,-0.9260969213100971
0,1.9689441161728247,0.1743342582946874,-1.5125222816413613,0.7387874368068167,0.08330623390790659,-0.34340300993288725,-1.565355578865587,1.0072007023641922,-2.2729077278116643,0.6005361722932507,0.009013141651691148,0.397631244597332,0.0776231942610367,0.044579949669644625,-0.5118927640000133,-0.5383827694699522,-0.5255592125028337,0.7663792659413154,1,-0.9929833155341548,-0.3535280674795067,-0.837083612328585,-0.071500839130542,-0.1773743346664759,0.579774000229848,-0.5554142995158666,0.38916746475908065
0,1.471988207831211,-3.0591685490560874,-1.320097780445039,-0.9029334824517868,0.8450618920570703,-0.5578471738881002,0.9491068775333804,-0.004061307356456212,-1.9721941183965574,0.721004226320158,-0.10056438318277586,-0.12465988221479747,-0.7713698056813512,1.2416451271873234,1.7349573647420464,0.3221334185313346,-0.65175997996054,4.222798185665864,2,0.4177972038479878,-0.3267949325792937,0.34411380024022903,0.01090777716889807,-0.4559979689352761,-0.40433612096834337,-0.3252289551837426,0.6465155983254853
0,1.315131638199517,0.38466062796098105,0.7584443608116379,0.5135749139766835,0.10861682733017464,1.3806570576697572,0.3986268678199623,0.9116166834522319,-1.4474313264202907,1.4081933399219027,-0.06752024036154701,0.9130119678208952,-0.649843648670416,2.078466716732222,1.4076254687748655,0.7808389215900573,-0.4388548100357933,-0.26464636673122643,1,-1.1396413886144137,-2.251101886760458,-0.5076229777551874,0.0035009400933542004,0.6820489618933876,-0.3424452696577403,0.6948568843153731,0.1445823714029756
0,1.5657760779651408,0.016495314424017388,0.5751279932540013,-0.1931849711796192,2.3354225820861023,-0.9829050148346739,0.6011094571574159,0.9785947337257759,-0.6725220538735753,1.194523372337112,-0.025309353609438312,0.7325503388144403,-1.073081518083273,-0.2868519142618067,-0.7937975494075737,-0.413523076820849,-0.3687010171723034,0.023457565998808882,1,-1.279428262499962,-1.0661832092704553,4.660510638660823,-0.046096373978796824,-0.1469727797387808,-0.19947462077433825,0.08931402533100874,-0.9366917311983957
0,-0.7125723216454988,0.7608899971304761,-0.9727253197236381,0.27733253036702665,1.6405671969433102,-0.8870484997666392,-1.428426136137559,-1.806583816160399,-0.35098928397946216,-0.04268140714012569,-0.2082252138033123,0.47684471875776957,0.8367335135068887,-0.5916355817972851,-0.13797505465844226,0.03917404328793955,0.09166248054547532,-0.3766459339664443,2,0.17725609472554704,-0.15249221706024244,-0.008844070805109015,-0.13858845242106,-0.0023058674639959698,-0.8941625135521802,-1.21975314077183,0.20036910808361463
0,-1.3773292808536468,0.8613379777224474,0.8570384019534955,0.8217323375483625,-0.5716112726899939,-0.8436653396044025,-0.5774411145945888,-1.9394434458119783,0.4855314449724482,-0.28705241463538833,-0.9443829321931331,0.7283960232846787,-0.1696432198285852,-0.609627939317525,0.16538212291509358,-2.980503980552391,-0.03210369324493753,-0.24562001863467897,1,-0.40070382236364827,0.06611342246100688,-0.6950568420871422,-0.09529552112308798,-0.6134229756466708,0.07526027388407419,0.0789952813797572,-1.137809091715958
0,0.703394179785491,-0.22049574246396209,-2.9569690788318583,1.0170675635719197,-0.2436558416751774,-0.4705730727145538,1.0873736012245487,0.7861742583857732,-2.5265077178801696,0.13358057119351596,0.36902111397701187,0.521941710674105,0.3773689134225343,-0.01759707037681324,-0.08179768549525146,-1.600180897219519,-0.65175997996054,-0.02732336594003451,2,-0.25054103838707426,-2.2216893110004228,-0.837083612328585,-0.0633616073036395,-0.5957771101245184,-1.9289577602213486,-0.27323886599641967,0.4736397421148392
0,2.061503425648123,-1.1995972632907312,-1.9016752238519865,0.8030527961055183,0.3658018479987811,0.14638535224648627,0.5565930731775874,-0.4408086851061156,-2.6737312168767557,0.9008708006521813,0.7152547938119723,-0.9885624587898272,-0.6736750960522977,-0.17486330983908893,1.9480406248924795,0.5328416471606,-0.65175997996054,-0.49370954515622667,1,-0.9076595378528886,-0.026386393789148865,0.02279457660872697,0.030878613669991735,-1.0410146784174104,-0.11833299929545665,-1.031641532625836,-1.3225566748312194
0,0.8006022830971703,1.2057371052409696,0.14197846876760134,0.7095371674802562,-0.7840124514547121,-0.8539614237829545,1.0923621488562354,0.213670121959328,1.453526166525474,-0.4388524543392008,-0.5555225924767191,0.09290403216784854,-0.8837320012200112,-0.826913536614866,1.571817766499263,-0.34120242545301416,-0.07448763275892123,0.5217898028938881,1,-1.0786092582599895,-2.022298057616258,-0.16005598070791255,-0.04050041498891693,-0.6705048095147718,0.21552079091021717,-0.31452492751639527,-0.8796974891267177
0,-0.02310546020955606,0.832613575368394,0.13050251967230098,1.4017020988540274,-0.057049283801859585,-0.7830580577444446,0.45509616855311696,-0.24841077712714904,0.039718254480915614,0.049014444539276225,0.15387463878633412,0.6093038425356194,-0.22184689989602183,-0.6668738053927408,0.1442574700834245,-0.21613190086578454,0.42577980323342907,-0.5651132785659427,2,0.18870936481119274,-0.43693953766746463,1.5758032176352115,-0.0404529244322621,-0.05913878702643788,0.38621453083931867,0.6606934056195836,0.3170492610435212
0,0.6704618195891368,-0.2812492615256694,-0.03291097902329054,2.6377233829171454,-0.6122927867979786,-0.7536890034411676,0.37832112453169975,0.5934574899916218,0.6884922775394602,-0.3971476483675448,-0.021944373616236287,-0.002422536241713763,-0.5258876019622054,-0.9744643292582076,2.688965855443744,-0.5469444442631837,-0.16850102630385344,-0.1831570606204486,1,-1.1264366048827208,-0.4731337238842055,-0.1342139885997437,0.04550448314577263,-0.9113090360331721,-0.39046185080761164,-0.5517612400401265,-0.38359547142497863
0,2.042580329122139,-2.4001104810034213,-0.5777094834903128,-0.36167110907431776,-0.27727707292325693,-0.6998361785488507,0.5615494055908775,-0.9813458403403998,-1.6552079483728699,6.319872380976031,-0.5163739993351523,1.161539303673639,-1.2079706036855158,-0.16076083529200225,-0.47881242550387026,-1.1313995998205906,-0.65175997996054,-0.026830118067592158,1,-0.9802668750503618,-0.5840327863334976,0.48525616013602635,-0.049004724400631916,0.43245015107861495,-2.021776625597641,0.78742526516064,0.36156661586666805
0,-1.6303894032274027,1.2809031193849978,0.8680989067638172,-0.15235437942684338,-1.1106337552221297,-1.0181870856374085,-1.8452030599640987,0.39474128171624073,0.3713728300931359,0.24141895146529702,-0.44996558429392375,-0.259257795373056,1.1133931897765597,-0.5730140003085871,-0.10301572389337565,-0.5696639069381972,1.379312096939588,-0.3384559867639744,2,0.2537180833676089,-0.9274528254835819,-0.09073140611220493,0.14697643953541906,-0.7206341585577994,-0.755867339056429,-0.41434558784440545,1.0166782216394024
0,-0.4082776821735336,1.239108393709577,1.4648199083214126,1.5076474596121814,-0.9334450882201938,-0.268148629903003,-0.2818674727236472,-1.0889561075601013,0.5782918531645345,-0.4019389380142367,-0.36785481672955733,0.3687570362289106,0.8427137766055777,-0.30853017356163315,-0.1404779366992883,0.25519692623933576,1.234068368704683,-0.4560282963365198,2,-0.4471932890739897,0.834315436857179,-0.6797317293911257,-0.13858845242106,-0.6120200363443206,-0.3881802878327296,-0.9014448494863199,-0.6801332151911375
0,0.9962742926171738,-0.4910351872641336,-2.2594710614694264,-0.6525553071131616,0.5828449020713623,-0.8773217874119722,0.7662559864553895,-0.9413288095002206,-0.838848455912732,0.4007340242492521,0.023237219414337262,0.37445499973497876,-1.6814097298009392,-2.2451482123661117,-0.6513045044270884,-1.2175539967933164,-0.65175997996054,-0.02591955407642483,1,-0.5094401937227715,-0.12012530956308143,-0.6981122387346269,-0.07943110733078894,0.14017117397974527,0.4243359137718472,0.7473352426873914,-2.31159320995854
0,1.7135370010071038,0.8007274539979146,-1.1796621285217328,0.4970061571148128,-0.4701116010883033,-0.8393127825885196,0.9146026003084187,-0.762836887177417,-1.9265212200825603,1.9036029558609577,-0.3204429004345386,0.33288454129396877,-1.78526162662461,-0.547813358508188,-1.5739205912911858,-1.1539206061997942,0.02688965065616289,-0.21333993396020184,1,-1.3507682624855155,-2.6687865771336714,1.5481490679180765,-0.0013874102352385634,0.1569416728750206,0.4903874892075318,0.5439999464846652,1.7333992987869902
0,-1.2922838044892597,0.40131996510821033,1.0806630043039025,1.594078261758227,-0.5932049246698031,-1.1498861654465342,-1.3918244670407691,0.6041880206670456,-0.8404619045826281,1.102091340825316,-0.47068494675320877,-0.6671448591886537,0.033918396368028014,0.29852601351687524,0.9081531136729261,-0.46214045586496055,-0.19378842788926526,-0.24778485847500792,1,-0.2811653837084578,-0.5629709381036863,-0.42003681789098213,0.10053434920182969,0.7246420444307266,-0.17173763164118644,0.9492974813889127,-0.5450654311682327
0,2.24867707487614,-1.1252107004288976,0.3332383451212322,-2.6088056127891726,-0.15633667244656269,-0.503844085492833,0.8452056501437323,1.6304235802709517,-1.733765816511898,2.253966429119819,0.9972011283514941,0.7920753470834221,-1.0427220625872118,1.6467270496978919,-0.47236273026174347,0.09190196409543135,-0.65175997996054,-0.10205372423824757,1,0.8813276258969496,-0.19567387263180624,-0.6061027047551256,0.05233895269148399,0.4989480528313762,-0.05765359785696117,1.475570053482667,2.341424555556735
0,1.261210509937452,-3.5859082761808705,-0.4341585822584959,0.0498225828262501,-0.3393472520163516,1.7778510790225135,0.739960899837636,-1.539587170301867,-0.5948106957384952,-0.03762156512984907,0.33996100679911,-0.05110771684191609,-1.750831320271483,0.8258092173013781,-0.809532293105062,-1.5329007380116964,-0.5632524926484319,0.08399159189428729,1,-0.7859892941921262,0.02985517651807032,-0.837083612328585,-0.027679407635464354,-0.2652981130253724,-0.07289459935494202,0.3809515038883399,-1.0661485526891785
0,0.9628152385130248,0.3518831235162855,-2.9131450534585346,0.24715026319736447,2.2374190776983696,-1.0132481028451978,0.4053208551358166,0.19840097957356484,0.40431334834998445,2.075395602676461,-0.30911160474455707,0.7383461332205532,1.4906394971557313,-0.722865776374264,1.2505708883340367,-0.11568595163385165,-0.4443883563073817,-0.18557314607949024,2,0.26673304877342247,0.367683683676136,0.10780368517009409,-0.13858845242106,-0.11571564622198871,0.3146354684858505,-0.27235887909326256,0.4982679475372034
0,0.5470329787119805,-0.2044699705586306,0.38037639030160353,1.8756811154699082,-0.30857407987848073,-0.35806769039414754,-0.1736782615366368,-0.47320140504984065,-1.1078701992927549,-0.08158778049830165,-0.1868884633647483,-1.4750195996987472,0.3588298769765964,0.468914482381655,2.703796232660232,0.18023024688585126,0.29179364709840094,-0.021310351030252056,2,0.09218104812492606,2.5665503249067063,0.1308246393186283,-0.03736243405566607,-1.09095311408826,0.41235175952052106,-0.654500943454706,-1.1120149629112588
0,0.3523537044696896,-2.018411917332456,0.7392162484689612,-0.5678265445844681,-0.25067321200740517,0.7639433830526362,0.577948687250205,1.5507683107298709,0.42436523700693096,0.8488727538893247,-0.14654357040270727,-0.40130733491194714,-1.4495976185161474,0.3434142775434498,1.129953104692444,-0.21603559481933277,-0.29926576885062817,-0.35919506518190286,2,0.44811724229514927,-0.052037210958495284,0.9534260619417719,0.005948330236699176,-0.513293396241903,0.5780813685223574,-0.3145132737660308,-0.9732827468468992
0,0.9163837336437469,0.2630944186855153,0.9411638454380924,1.5489862943468706,-0.41996746069896773,-0.4334741802245317,-0.5165974427042007,2.648558906589149,1.514372909975354,-0.7623159941045927,-0.6546132216355736,0.24387182434940832,-0.9615032866058584,-1.0564075676029372,1.4283859978982978,0.582399428050908,-0.65175997996054,-0.5425300171960534,1,0.4567674644535473,-0.46781298938911187,-0.807625169725663,-0.13858845242106,0.826428122150862,-0.7678268431469717,0.04053948554230721,-0.4031601499186553
0,1.1563864419191079,1.9801867229078027,-0.05308169412458241,-3.1302939045823193,0.17357900895104633,0.11088923057448985,0.8240207371164047,0.5080422590510101,-1.4262567474072958,0.044244168084718705,-0.35918330374355173,0.7446952630450989,-1.201612598773619,-0.2702446217135549,-0.6280899438664009,-1.2839153321150731,-0.5212359696019818,0.38047529194557206,1,-0.8795887556849082,-0.13340280866117404,-0.09956370091367772,0.417559011045054,0.9865956886987777,-1.4656580604825238,2.0053896078258173,0.941684726124697
0,1.8806490030758245,0.18725706834464778,-0.3130565119098582,0.42209173796695265,-0.2018839507512409,0.46422318871816337,0.9879672384473114,-0.8370822516794214,-0.5126274097569101,-0.10972666700733891,-0.16387839228292506,0.829666730929745,-1.2913168823163435,-0.757383996208474,-0.5592006878121322,1.1589835356110552,-0.07709566550842749,-0.035654723618639,1,0.05457044555891419,-0.19296143254562678,-0.8334328554756969,-0.010284880573972012,0.5347362197800136,-0.12991189231977945,0.4307524639195385,1.363840145519775
0,0.4979530095937865,-0.6640709845416586,0.1753367550411858,0.012342271811349947,2.599756395043162,0.5058278949448161,0.6013422230363678,0.3058930333788396,-1.3877825176801435,0.9868887495110172,-0.2544967963309434,0.5698765211659204,-0.45009175648337874,-0.51936433764701,1.581928954470467,-0.28212547152917117,-0.65175997996054,0.07885093287737932,1,-0.7705445161685205,-0.023944705742172112,-0.05753693720837316,0.004031823001801792,0.585457975489637,-0.21176120855345093,-0.06181447054360423,-1.1324499589768668
0,0.675238339721405,0.19621535549379948,0.22130919815341782,0.5868543719387443,-0.5698692457338198,-0.9827307961294505,-1.762744066740928,0.36847654432912064,-1.9699097900921578,-0.19475125203003818,-0.7611527645264362,0.08961786640897815,-1.5310778510376197,-0.9847138468655082,1.5562552744974207,-0.7577208999233691,-0.19077544305832977,-0.4865969305933665,1,0.6436688816336614,0.07292197269943465,-0.04125165504254941,-0.036211924058241515,0.0877707289900207,0.012600566453404627,1.6391529729410494,0.3682664208845696
0,1.789871271865601,0.10304925282316219,0.5600943889633514,0.9129243318011364,-0.6075350697519297,-1.0369378732705217,0.4119037538537091,-0.3594253728865624,0.6176172267788241,-0.10139251708363675,-0.5564919237211704,0.20151908225653192,-1.753484084690945,-0.5399772501719338,1.8239589536097085,-1.5922852521590625,-0.3903977262438674,-0.09236661781363015,1,-0.05666941820807414,-1.7188520888409218,1.544740562940025,-0.007214173710182882,0.9445333024347489,-0.19766834947985756,1.2121260994582914,1.206295793783444
0,1.505733681775462,0.4555041118224812,-0.16449316937798095,1.8146703726997815,-0.9037110446585297,-0.7474541281856082,-1.5124390201071913,0.7305876742853626,0.8147028554459164,-0.4475587084747933,-0.42094587480162005,0.440942326224678,-1.4178562507888486,-0.28327687168961324,2.9325829578979894,1.1033334937380066,0.3446757802015975,-0.45531011523900805,2,0.05018270677585933,0.7133967347212797,-0.837083612328585,0.03818326070914489,0.3033885088023302,0.9116751747144556,-0.2552106073725147,-0.8247060502001213
0,-0.9295366773258877,1.1448693889721862,0.6001301535722283,0.3663520859016206,-0.16822087136877453,-0.7990059653759005,-2.536571620659238,0.24581706286297367,-0.40328108488217557,-0.6989030240441263,-0.5688046028756701,0.5847747167917641,0.7083138065976865,-0.8126576170793731,2.422977842706034,-1.7875134868932305,0.39896137297756024,-0.046488840148593336,2,-0.18736069637534158,-1.758786912113897,1.5742548080276966,-0.10763158559351371,-0.6389243063456467,-0.021361689753485846,-0.2486360639347077,-0.8558985058327854
0,2.24867707487614,-0.108489598885665,1.155045772828482,0.6337470320912203,0.017193893921094716,-0.8003614224100264,0.8294704351529765,-0.015960664638149737,-1.386320260665189,0.9441358934436881,0.3533146653607939,0.7985841927115542,-1.2151368259513728,1.1761714198681839,-0.7243603317854731,-1.3276056459689867,-0.642317201753098,-0.11483778313335558,1,1.0833745189828345,1.5825353718507507,2.359047772363544,-0.04266244884472873,0.6960430607762289,0.9465718358995152,0.9066308685648538,0.2652921863943997
0,-0.08759948608556667,0.9646451855438215,0.1495633148122128,1.0995333624219037,-0.23277717724568708,-1.1183252476637744,-1.6686910598481286,0.018106046567368583,0.042851788629236,-0.14932090946633003,-0.00633724293408594,0.9206317341666495,-1.0441792661516462,-0.10879080919884138,2.386284618065523,-0.3346833704852634,-0.307625948597214,0.05220276876480146,2,-0.6833853739876482,-0.15109298354008724,0.35056533516004396,-0.017433492329975445,0.4350263294156492,0.8609438928588254,-0.08165934879210096,0.14891975723894416
0,1.4338448396126435,-0.1362084692626475,0.9248577799328984,0.8025327481051069,0.09153890736669351,0.0654147815216789,-1.111686651131274,0.5323680417640456,0.33840426442528776,-0.7783815528852529,-0.45862083489869543,-0.5195751671108771,-0.2651838246432628,-1.0283692009129646,-0.37063240642521617,1.8011860248340335,-0.08698845355226739,-0.021411597393467617,1,-1.2356676967879623,-0.7808668122670279,-0.7826896640492016,-0.09796475747818381,-0.10807725724533243,-0.5977186790688829,-0.4749030973952396,0.14899562422314427
0,1.0533836688590121,0.2887112033438743,0.15217155457786075,1.229961106947507,1.9342603988257807,-0.9415417503985934,0.3945562622081581,0.3813722264254142,-1.0246389502753286,0.5650660448296791,-0.7375221593139549,-0.2212313808446874,-1.230619903533968,-0.9847281057461474,1.0424483070547912,-0.8496336600464979,-0.65175997996054,-0.393956435324986,2,-0.9115561409135762,-0.26119185167284265,-0.5243126140601838,-0.13858845242106,-0.7165604618698828,0.03910752920863936,-0.9215753464154404,-0.7108845212677982
0,-0.2470517033232914,-1.0836746151041508,0.6945314760487522,1.804481195392777,-0.1561372489802604,-0.42294292849772225,-1.05889808492631,-0.873159917542721,0.4202933282092658,-0.47435943438446754,0.23040094611182604,-0.2994169026118607,0.49727819191229006,-0.622999091898929,3.096656021937764,-0.9431219398991441,1.1860975845616986,0.509546721591568,2,-1.0073611037298098,-1.519443944267672,-0.39553485061138205,0.11147766955952679,0.18369643323388635,2.011662043841902,-0.059254393187035403,-0.20709275976830427
0,0.059735470272402336,0.10419393958906437,0.49617417723183443,2.0873268479593534,-0.22677636859184955,-0.643364529273278,0.6516974237250734,0.7544273349430544,-0.3408988537374917,-0.9720889326721469,-0.15717590979258084,1.0212784204806902,0.8286932350658001,-0.3122667063447899,0.05055477646398476,0.10139590432667317,-0.06479001534898085,-0.174859029416276,2,0.49315608994163074,-0.10581813346919833,-0.816164981983826,-0.13858845242106,-1.09095311408826,0.3206844912325945,-1.1720493212962246,-0.24563970130442453
0,1.527886640443368,-0.18702434830250414,-0.8621473966259899,-0.07241572434283094,-0.7053316551115213,-0.0795659871292379,1.5335305724573849,1.9614975249597997,-0.47245104235333524,0.22227781314279657,0.8427915985423611,-0.027755890467615174,-0.005132693530577548,0.6682586974082378,-0.28904529027808085,0.24487237531867226,0.016157136165164537,0.009207299402783975,1,-1.0550123831204254,-0.27594260009864224,0.9498701575875628,-0.027435316047028816,-0.33839527191156094,0.5768987466835184,0.6071338324250208,-0.9121179436621255
0,1.151210939102284,0.5198407850303024,1.0918308272958615,1.8908645017271164,0.04241480378603385,-1.007931379016577,0.8631899331492251,0.10998257726395466,-0.16423359509036956,-0.4953406901792093,-0.7463402411153109,0.22251094706122115,-0.13397534897964603,-0.879715649841575,1.3478379180174715,-0.4576727984486635,0.29458855942143747,-0.3669575592427518,2,-0.547572400286604,-0.4598226959872753,1.1626610090419027,0.05404439028114351,-1.09095311408826,-0.17232458965320002,-1.21975314077183,-0.9509329887255136
0,0.30446041103413757,-0.01890188386899197,0.785386301923341,0.15154332898606304,-0.6838566586267989,-0.4969714663382777,0.7758006372391382,1.0955393942236409,-0.17687197089410406,-0.3493532552420263,-0.04752142097359721,-0.2543205098786397,0.11782965978954166,-0.5661569097943646,-0.3542346558922532,-0.09111946463286666,-0.43603687584087847,-0.0454225154524982,1,-1.053603014246399,-0.8763281111315364,-0.5680891308379418,-0.021754349973328597,0.5604817587615032,-3.568236128350839,0.5510657539356313,-0.6933417741713679
0,0.12611236133124296,-1.73115389143226,-1.7893381350673891,0.8288717604043562,0.18125165922147046,-1.291541970177874,0.824842193215556,0.4060595877614672,-1.3011708441678946,-0.28879516597961086,-0.25423235765543545,0.42977493894383384,-0.7727549820643307,-0.348158995369454,-1.4993852473485856,-0.3065225959119063,-0.09207522877609896,0.01896467370203292,2,0.7450389221731488,0.5904588634575763,0.6497136600016935,-0.0677665874308857,0.0805747463102123,-0.9568551651841184,-1.0115391761394612,0.14883775614086267
0,-0.7091342996113719,-0.8881394266442351,0.7447173643227157,1.140555489779113,-0.18078111845789668,0.7144876025927029,0.587910006929693,0.8398992920917987,-0.22322169080127846,-0.18833114706869647,0.0928823792253316,0.5428707213881272,1.704179215112188,0.3485722243407624,-0.20711324917734894,0.3077225437423894,0.6252573886048113,-0.21899011638920562,2,0.17387132481045015,-0.3245050565054397,0.004154200878371553,-0.07472148895259162,-0.5423564117543503,-3.131050006505938,-0.03237084373382132,-0.3851170014753422
0,0.9029924290923457,0.2289718387633003,-0.025880560336039693,0.7259112445897604,-0.42763416545961996,-0.2952072761897026,0.45582079721442237,0.6135358159378981,-0.6540431885541382,0.23426837259649194,-1.0698549066874876,0.6768896736160951,0.5676675201809033,-0.12528874941460277,2.536904602334759,-2.5455386809575145,-0.30322134087454844,-0.013328645744549943,2,1.1454886473988095,-0.3905125831373044,-0.4206241163129327,-0.1278962852006391,-0.1959399686295311,-2.373234283622546,-1.054961187880476,-0.5497743982383909
0,0.781826145757424,1.36026132621982,-0.03395021112173414,1.8631044888211632,-0.699368752121676,-0.9870750923793812,0.9740845668924565,-0.7506822921723266,-5.280785886577052,0.40808262830539166,-0.30990119001491845,-0.1979315112717812,-0.5153214957397363,-0.03479541545801923,0.4646512720067296,0.6122265058544876,-0.6323457924884971,-0.4854439035783602,1,-0.8493761353297347,0.5040717814655487,-0.18030438571913232,-0.12343462841026358,1.4530919881207325,0.026588162777367363,2.525112942074079,0.7549219378919267
0,-0.03156740772496164,0.9977263728509047,0.17550137179835842,-0.3178902345543269,-0.5490885812041855,-0.7992198475072131,-1.7484026806265431,-0.013965591668011857,0.050352079178894726,0.5908512311973502,-0.4014199913918913,0.5079236832473386,0.4695557641494942,-0.9715706375319648,0.5467095595841687,-0.7276115555636825,-0.1290824464308392,-0.01466779203774804,2,-0.2574111807517173,-1.3507114239000766,0.01609822136050837,0.21118469599939252,0.16791414136981442,0.1074105191777619,0.4226211001998975,-0.16857280979345637
0,-0.09871494541785478,0.5576208768506157,0.5507818528055046,-0.4448040928990989,-0.3927192104646071,-0.005249114763164725,0.32213231725004865,0.8111332165464414,-0.15198625394672183,-0.41991728617546437,-0.17536819153102706,0.36242974899544234,-0.5854530060520274,0.5638164108555181,0.12722863955354524,-0.6850676462637615,-0.3650271706190231,0.36369582400108974,2,1.264584478593677,-0.178963199322162,0.9519566057735682,-0.04535571526960315,0.9019886518516067,0.9197556130124475,1.5312795225333082,-0.7598223022484483
1,-3.129586151256753,-2.606463797875209,-2.279656916630523,-2.3356348360389383,-0.14482010529110603,-0.056964366020713086,0.571143493004858,-0.39659050553970077,-0.6923434356925181,1.7987382437783976,-0.11243142815821344,0.4504163113892168,-0.5425317016673673,0.4659893506515741,-1.5026700067599008,2.8431895605233013,-0.4549456082399291,0.28817626685117387,2,-1.078011720832383,-0.287505154864113,-0.18447086187924555,0.1201168204844148,-1.09095311408826,-1.0788818988533917,-1.0723190976906996,-2.1894933660546334
0,1.2300933220560848,-1.8322766926736767,-1.0801697299700384,-0.4490241607901176,2.1242612070200515,0.0805205000074074,0.6326412768141345,-1.0259793669895092,-0.827326425163065,1.1431659634491034,-0.0783797819025179,0.5654885541451384,-1.4483271219421212,1.570831902958734,-1.2949659304469479,-2.404869661329188,-0.4201503191095568,4.266273323350238,1,-0.6429194207409977,-0.9335895484360126,1.0288719028398225,-0.012735156604022024,1.0135152101145815,0.7619821830981997,2.0926779819416597,-0.1975267821279304
0,0.08894481328440218,0.43171657621493265,-2.4771247080084473,0.6906779594197163,-0.6532982769703133,0.790280471463923,0.9071602461376278,-0.3446613099227166,-0.5933571220658428,-0.33936697874042326,0.009974443904135766,0.038919198098492924,0.08206846267226761,-0.3690499228005847,-0.18867042575348703,-0.4589972509598512,-0.3263426470978944,0.10505549291452818,1,-1.424962770626439,-0.5490143559299112,-0.8203668329143091,0.08594025069466618,0.5667942672775905,1.087602127374299,0.047928675869493564,1.2211652237435917
0,1.274300404143449,0.30619003069827366,-0.04132245418097667,0.4193496667772323,-0.372082105841726,0.5036043135770203,0.8697054116680212,2.195927394962251,-1.3428891832295748,-0.00044352683156551054,-0.4141546629214915,0.36993494925422515,-1.2217856614364855,-0.5462545716907304,-0.588852521140325,-0.8176989111589297,-0.20632737945574703,-0.40995736841589236,2,-0.5650446997072918,0.1854015111820625,-0.6221320422762461,0.05426458591021617,0.050974948100075884,0.73125589556768,0.09237993191253968,-0.7016268063026931
0,0.3563831305047257,1.1136145455299518,-1.5222029453238495,0.1704928064801262,-0.23208006712707652,-0.435554348531074,-0.38370798545760054,0.8626946712777147,-0.28545939567339196,-0.008861124153078714,-0.549866757493428,0.17649785451649613,1.358637733650211,0.2878574094491454,-0.08956159541480604,-4.720735176579167,-0.07227825771676176,-0.2630642974361718,2,-0.35362845413710325,-0.9097648055931034,-0.7563513244310713,0.05833586791511366,-0.8829907467979184,0.1462076626490395,-0.4323810047198361,1.3042008744234224
0,0.03070336240696009,0.2620089001178832,-0.05985674059022249,0.6650562658351149,-0.7226141990653161,-0.7623387900771459,-1.7068947928814788,0.3189742315475478,-2.4099792513498484,0.21436336602193629,-0.20749108221603732,0.23146298200497728,0.7709425250649555,-0.298836872845354,-0.045639897639696225,-1.7553136460830514,-0.4495183288270711,0.6087278884736897,1,-0.8721268363378541,-4.519106668416292,-0.716689523450609,-0.09180790805395296,-0.21426729979662407,0.8640124626033745,0.4372395235017632,0.2597921840405668
0,-0.12673228755333704,0.19020842754228906,1.3410730609997947,1.3123446379173722,-0.8024159781645666,-0.8001537507072728,-1.1440001709908914,0.6400120892091977,0.4762413135189637,-0.22937027710512636,-1.1157487508795807,0.6584966723815616,0.24427803939495385,-1.108595552926815,0.4560054749426141,0.9901245332872304,1.2369711280946654,-0.2680258529251758,2,0.13552784208498747,0.13171297049574635,-0.4101126388228479,0.16807355073151045,-0.0023635102753243042,-0.3968542263490582,-0.8696082129328744,-1.4780055569426658
0,2.1473274928810544,0.015616870120367832,1.0486750160078686,0.1431380735135399,4.773823955262897,0.22809488041960305,1.8064003502603256,0.8746081715222769,-0.15615493146130438,0.44410037423108595,0.06502848610755099,0.7844342296094182,-1.1492573146328358,-0.09029794061141821,0.45190251038640433,-1.0468174917779964,0.5047358009500698,0.4264804840061328,1,-1.035263839787269,-2.3448964268225723,4.604601794741433,0.10674052189591925,1.2141974281654297,0.23417426717985135,0.0429308227894899,0.6830812052806168
0,-0.7226967617331042,0.41018163324659185,1.0266554604509073,1.0938137891522786,-0.9190285011099986,-1.3866759534316895,1.0382024193674413,-0.5689347273638639,-0.17976035714878852,-0.3770964295185657,-0.20340216050047194,-0.06698428222730801,0.5244020168776827,-0.15304183804588348,0.3775137798743361,0.38823180004254265,0.4276817179501941,-0.18332649987221006,1,-1.2826477672783092,-1.1414474696641177,0.1169748550001663,-0.017568850328112853,-0.23258423976805392,-0.9102044151265214,-0.4596314039333268,0.020406675952409026
0,0.478254945066431,0.5320125365550967,-0.3198301593330378,-2.11512030513882,-0.11775994001910334,-0.8967939108239944,0.6845226276497849,-1.3992468995165406,-0.03132526269689395,0.46160089419196393,-0.05998513491615981,0.7197305213380552,-1.1977788195110954,-0.8191699302895739,-1.1934445667698095,-0.2686462440056102,0.32755785497360995,-0.2540963964179822,1,-0.04192086197149569,-0.3915967055566789,3.67380378218443,-0.006468510582322527,-0.3641449366791798,0.2704837519254163,-0.012475536119798736,-1.0219114677257164
0,0.425716977066951,-0.4318820822964711,-0.09718733376865338,0.5831514625266551,-0.28194950413616127,-0.21200912210140288,0.7225808803953764,0.7922937100473987,0.73157649773766,-0.1615138864811643,-0.23912397577551625,-0.48895461663990236,0.06333351188683756,1.0313764296841759,0.22806673532023158,0.18431191266457758,-0.4335911663943716,1.2590106017123064,1,0.14850378955441806,-0.767350910235311,-0.5377426524575373,0.012439202060941415,-0.7509904440713449,-0.45919197138493845,0.671764141604206,0.46341671003870716
0,0.34384818774028203,1.8095732647924123,0.670626883599666,0.8717590282178516,-0.9088500870315084,-0.8287600365620089,-1.0542955591933807,1.3213974581133132,0.06335476420677022,-0.22007230206230857,-1.015648938137141,0.33090805604507373,0.4289308650770633,-0.5441431472292226,0.46153681386801426,0.954930660631129,-0.4737597585006835,-0.19752402555282791,1,-0.5533617423964309,0.7365529643824202,-0.7778361040902328,-0.13858845242106,-0.13706387714094675,0.05953197171045982,0.05051253093783023,0.18862873051249932
0,0.09691420953008789,0.0764209924350151,0.5277118626385515,0.6246986533571943,-0.1304389794037294,-0.7644507003809369,-1.9248426432196544,-0.037527583537525944,-1.0234398420249793,0.626515276822727,-0.08977165700391453,-0.08985653284653697,-0.03122631437930895,-0.6071375251304811,-0.005980533729305626,0.862634700663415,-0.31110922270707414,-0.47956292593314986,2,-1.3064532458373863,-0.3625443715465569,-0.7918308579981046,-0.13858845242106,-0.806913775869099,-1.0997726823196547,-0.5511550448749906,-0.3282316946758325
0,-1.558902874184232,1.2988160147250298,1.8229853400335265,1.172924385360555,-0.7994426972734137,-0.7554150980037999,-1.4258640317700242,-0.5445071171322189,0.4351042313594161,-0.4093404272643684,-0.6451953879134396,-0.09812707930427422,0.7887304256395746,-0.6336665083667028,0.7157499056472423,-0.6119756646063612,1.4819408789087674,-0.5473746138317146,2,-0.10028141100350024,-0.9048293837398754,-0.525163462066901,0.11624658955420092,-0.6861056735204443,-1.1460939558698713,-0.9361404903668304,-0.37317391472679
0,1.9969421182999212,-1.1885356913785574,0.30750164764000054,-0.20680703454322905,1.848001483834907,0.3150823336763875,1.0348093600866246,1.2719700289218423,-0.7833357346785569,-0.04196557796043837,-0.14501736033737395,-0.5708090471543987,-0.965993247571803,0.8914222641285008,-0.8688495360953885,-0.25172822466941186,-0.01847204208488948,-0.41082828510414265,1,-0.04751267594674416,-0.3356401169627248,-0.7087472915295685,-0.013722778548783718,0.8649681787494385,-1.677082011186827,4.247737709919532,1.022415463632925
0,-0.3849684792098957,-1.158095900487034,-1.6965025702804741,0.7460881266436,0.7334840508278073,0.777030763369202,0.6296156994996438,-0.5658899908300024,-0.8326762253454638,0.11346952706780133,2.4988747779101717,1.160536208788642,1.0513151529564952,1.9034565327987105,-1.0875136168711605,0.39833632893604914,0.15599857609472426,-0.4571403517595475,2,-0.9210616035771133,0.4478659826897693,-0.2856397403311025,-0.001031880683039249,-0.6368130042733874,0.43642511410822377,0.5787385042709059,-1.6161241704160185
0,0.03156320856409377,-0.728991963451292,0.5491570101395196,1.7620614351095134,1.1903035277932348,-0.49157766924645707,1.0371153557204964,0.4144114239226893,-1.791941162229023,1.6235348143738513,-0.052572385241493325,0.043903711792244816,0.08028884902340505,-0.44306117327729255,0.9466788266312222,-0.2905697574062769,0.15019258242078512,-0.4409822935037989,2,-0.5629972457553016,0.5113063322880954,-0.4308318817456285,0.12668708991113958,0.27450539037716926,-2.053163047194966,-0.17707510001507448,0.06886044674477704
0,0.6729096733615337,0.5535197539101082,1.6852686435221151,1.667974911061194,-0.6179174064115394,-0.16583609829287282,-1.1585307183455227,2.049188779535175,-0.7668280955563525,-0.38270402137349346,-0.6954888292001312,1.1630916177079051,1.1478068433874875,-0.012350284485953433,2.852099863454282,-0.9092251876799184,0.6278044865640362,-0.33686670943852376,2,-0.4355658514374502,-3.8094327775644405,-0.2865065910474768,-0.015472603676018964,-0.7314033514816133,0.2857335251804207,-0.5680262985542105,1.6364972028660196
0,-0.0591727649522831,0.16583026251460836,-0.34099551557721425,2.690572639678772,-0.42519167043431805,-0.5078123968905063,0.791234484733423,0.33492862405051455,-1.0680341103787478,0.1042739658542059,1.4385682806421014,-0.12012111545063008,-1.1457936924877619,-0.8134175740873542,0.09334777275711192,0.5307848321094301,0.224950974185313,-0.29014606608286436,2,0.3425801418746067,-0.14336819396194456,0.2987072786452188,-0.09296633525371963,0.3073087864088253,-0.36970402526903545,0.11339147922588622,0.4438119988238703
0,1.3688970899475725,-3.901102969606014,-0.34970748022999,-0.20907667542786507,0.6535224000140755,-0.307622667651797,1.0161693889774517,-0.9006194678342495,-1.8450668049290848,0.5474212359737616,-0.6593299515315139,0.2974850201006502,-1.2820281350948655,0.4086760614548769,0.8341021247053328,-0.8143103454053626,-0.65175997996054,-0.2890457109436796,1,-0.8787127913969113,1.5246023868012921,-0.8206330007931694,0.036341957403449185,0.7009129605730486,0.43743769995590237,0.34369019013963886,-0.4966358363990615
0,-1.0897431995475375,-0.3097446754244706,-0.6328434444092377,0.006431239829835622,-0.0779756588552778,-0.9026076594488588,0.7951748369776307,1.2042168290930517,-0.2072005385308262,-0.7948614446316451,-0.9380454770416734,-0.10904173599931527,-0.17503635435692466,-0.9049673035556811,1.8345439662540564,-1.1168421458082372,-0.65175997996054,0.29510962666915663,1,0.2979137934079306,3.0548371324403747,0.052417434303686616,-0.13858845242106,-0.8603426741073663,-0.57059099729338,-1.11282305521337,0.5950494996860733
0,0.6850839617401808,0.9524878791764844,1.1675745611438855,-0.22226142063103405,-0.9293929616849678,-0.45379407200620253,0.8709808322043993,-0.18867611980674526,-0.7332166630224677,-0.7060395054825841,-0.8846171430587064,-0.07169054514306064,-1.5522308292964273,-0.7011076212787094,0.09212415260411833,1.5522727954723832,-0.4107648167142027,-0.1120544450045402,1,-0.45405408819051984,-1.852367526592544,-0.777108233718967,-0.07166133835859198,1.2518633347721926,1.2410087199563324,-1.0221522710399082,2.0991797944994186
0,0.50329040378761,-0.37915621906469565,0.8531158247127956,1.7251302516881837,0.8872501574350824,-0.41561831251576453,0.9275675566123328,-0.36444740202318665,-0.574441842212203,0.062430808848830566,-0.4706692546786494,0.6580918544755313,-0.9224566699116356,0.28744972019997944,-0.24711941060136322,-0.2528259183358041,-0.3493073384876542,0.9474776424840323,1,-1.3863235821181992,-0.18380715023592442,0.7598556474470994,-0.12647030908991008,-0.3430358431930021,0.893385400521308,-0.33233160688934216,1.0904566100595992
0,-0.08605241830954857,-0.7758231792204002,1.4508855458326728,1.2043503845189845,-0.2638968375445317,-0.9022013885827604,0.9232101504400545,0.22776613966970582,-1.2810144232591776,0.391222365539545,-0.32665124826311254,0.5729406290251859,-1.008730334043504,0.2050005664687395,0.6124308302007162,-0.4169573529691068,-0.024318775876179186,-0.08239721140198444,1,-0.40211714377122787,0.9444313998857811,-0.26134823924843176,0.06362488349361951,-0.15995552501610136,0.41151132223851095,0.7496752679587811,-0.49995882296713756
0,1.0328580371251264,-0.11659782952061257,-0.46520836837179913,-2.262704835774876,0.0831698467793649,0.7857897806456887,0.5043291499620115,2.08495459698585,-0.5188986137880154,1.439739420831856,-0.5439333214158114,0.4741414061287857,-1.5515680590753558,0.42600044523261016,1.2801980007304103,-0.13670209926723845,-0.65175997996054,0.10030809666404414,1,-1.611084932430059,-0.037932109666498626,-0.6124827230523113,0.2273947464466233,1.0783636011678637,0.15997740387532994,3.526242611005377,-0.9634341977556314
0,0.38687796460551477,0.8032511375189397,0.19580862422022835,1.2963010899226468,-0.5328207627229259,-0.5534505207128271,-0.11856451679555746,0.649390055982934,0.6557228862751785,-0.7040598443577353,-0.6318747143181977,0.15793344682650606,0.620594459148773,0.46382034791331483,1.204726613312653,-1.2545492310145727,-0.3660869697239665,-0.39893210752179226,2,-0.432069066258711,-1.5630055855891125,-0.32226472623215074,-0.13858845242106,-0.632030093801047,-0.28294896485768256,-0.7151365244640903,0.7692905226889356
0,-0.01142419436640113,-0.26988971194227085,0.7883786832004139,1.2596008902183702,-0.4814198259444564,-0.5080762409561411,-2.1880071080499364,1.400615754696432,-2.3826284538983122,0.729523255782151,0.43471635389254004,0.3346754546791728,0.5598441005914846,-0.028307384032597027,-0.2591265198400672,-0.6212047414108949,0.4563729314985407,0.06182859626470932,2,-0.3247746218566394,0.8317748770955304,0.02828381499761426,-0.10142885626650179,-0.18085758801300086,-0.390274225498886,0.01971424524469756,0.12050315243668391
0,2.24867707487614,-2.714497392018446,-0.5967745133881014,0.8819854969263085,-0.28099659527109583,-0.4973584592856223,0.8262811079551566,0.7587991524519219,-0.4580696741923118,0.44782252981090964,0.3345058670912032,0.9316429631905874,0.0665928599244181,2.8104642817592618,-1.5169266255280445,0.7644182883060704,-0.65175997996054,0.9401561302451151,1,0.159923058209831,0.4307545374693273,-0.837083612328585,0.23329847221394556,0.5289849524553094,-0.5544759876896146,1.2135513040940413,-0.5663995700396574
0,0.5705235854549151,-3.2942573178190795,-2.4627213779584003,-0.847913058914744,0.43686713097812774,1.153485095694014,0.7538157953857574,-0.560149403568577,-0.6449582169613062,0.4607520493657322,-0.2715289755292931,0.4459834496048161,-1.2341016253061614,-0.6963012862539699,-1.8850850473981962,-1.0112368732985053,-0.33773622663434255,-0.2950803435570105,1,-0.7472192210310489,-0.5596621598089089,-0.8032351146385733,-0.05633107496221294,1.0988082618898045,-0.3875017834654219,0.5407321377550173,0.9720256533251979
0,1.0409500098945588,-0.9641243223830479,-0.1376327952022263,-0.6106030875970543,-0.43444433088759316,-0.8272266888502542,0.8110233755631406,2.9264579189518507,-2.540904956980129,1.6832447078336787,0.1506469795209044,0.4061246899989688,-1.0448235101590913,1.1009749792107972,0.4293442143542887,-0.6577635384294853,-0.3005702945918336,-0.4025848538330452,1,-0.7824224788637948,-0.8758551040219082,-0.702623807398445,0.09308009118531904,-0.6049349434245748,0.19095045658215337,0.08733830809910126,1.8696403965431618
0,-0.43958898796902146,-0.37980436160166237,-0.20627076826890522,1.0335873425695878,-0.18566210589457965,-0.039730239538985676,0.8507647880824073,0.6630805526689181,0.17983978554576607,-1.0076756554861905,-0.1265977076970107,0.09874185481693804,-0.12388105778893704,-0.4339969721336298,-0.154585131178594,-1.3958139720168665,0.22184476213098692,0.29735589321108635,1,-0.7270391088380518,0.3341783797541251,2.4644105019925067,-0.016445546203648347,-0.43839531020605355,0.4537044457828674,0.057889538470341145,-0.41101312713188687
0,0.9494387966383413,0.3025105342119311,0.8569820549300811,0.6509903440066053,-0.25507652457425084,-0.03742716249389577,-1.8980137650522322,-1.0391898973705667,0.1691250688356484,-1.028836129175771,-0.8828548500682956,0.2619029711765194,2.2488430591306616,-0.38219995472851626,0.8133288141144044,0.12985257171081926,1.0983376462741785,-0.2646098857049506,2,1.7174874364146988,0.5162676835527884,-0.7940311305368517,-0.13858845242106,-0.553373359181933,-0.23139477878061276,-0.4397993144568475,-0.22260097103599913
0,-0.37766216738115244,0.12224143108681718,0.3789845638215177,0.9419460328989553,1.9108946155129614,-0.41729279200043234,-0.843070343069286,-0.45360568844089644,1.4639022376597184,-0.5515098081321574,-0.7871056239535031,0.8285676827928128,-1.107721249171637,-0.2666556114549129,1.0294963559196448,-0.20249382903930513,0.11273358605867484,-0.12448765913335189,1,0.6580925695470736,-0.09502843798239426,0.9158078199100375,-0.13858845242106,-0.9631575800611857,-0.4821065414322919,-0.49790492425463295,-0.8208581678108695
0,-0.8583721275231774,-0.32994345169496286,-0.21572583266242842,-2.5213330842076247,-0.24385698743290077,0.42338053016607025,0.6106888297404443,1.1739677843255985,-0.665971289843202,-0.16268185173207167,0.8118609301839266,0.475711899559001,-1.1694804617381729,-0.2363299865303192,-0.7428516074825756,-1.0010335788350408,-0.636717043806733,-0.1171745657114246,1,-0.4755436089164322,-1.5356986898969862,-0.6787241511218955,-0.04421245558787258,1.2584931864126614,0.50160127123591,-0.2529263974044432,-1.8731641815140752
0,-0.20352192952226195,-1.7296205199594983,-0.39741254610625687,-0.15328758234396708,-0.9214888321942477,0.5695139964156335,0.5888032297897497,0.7742923845886875,0.09778084317520845,-0.386720773066946,-0.429806660475483,0.6174238832237925,-0.07855081055055968,-0.828612787888539,-0.0975631394766508,-0.9155559831743078,-0.04181967375074386,0.5829823857961278,1,0.7926380475845476,0.04937658459698539,-0.6651391158218574,0.30213318962647895,-1.09095311408826,-0.13239718254395916,0.8256256936498093,-0.4330986278787182
0,1.7289430585073442,-0.2422682585208144,1.2925651526976025,0.37550052703326114,0.754339373380264,-0.5174838758579229,0.8885504197103893,-0.8514709119661861,-1.9772039390260359,-0.09575317070511713,-0.37895071357302423,-0.14066528174951093,-0.0015323712190522532,-1.0857137692088759,-1.1661625457493034,-0.6900288759403701,-0.65175997996054,-0.2110163785721317,1,-0.36344337907249047,-1.1115025513661994,-0.837083612328585,-0.08562452239517337,0.9391580279471978,-0.8268639569913718,1.1114882942719424,-0.03879084450879905
0,-1.2363130525477195,0.8670363649567948,1.310546721848316,1.7413401287472408,-0.7893015587320602,-0.2697149902341617,0.6644834877977767,1.1445351517051015,0.29286181985656035,0.09757530583206117,0.04656123915748306,0.42849735178228837,0.2488435405011827,-0.511558028814558,-0.19907604752190255,-0.052507855865110864,0.4552777861914903,0.05366895368782448,2,0.10119754222919802,-0.3004928315835854,-0.24300391023459397,-0.0600808651624488,-0.6689985200220233,-0.45748335662760625,-0.8240492907866426,0.16173533416303376
0,0.28062138766095446,0.5135546491869842,0.9523878339048524,0.3522014864990468,-0.36953948354101146,-0.639583786814752,1.060387782201525,2.670834982533574,0.29378525995755145,-0.27487599976312693,-0.1978016625466292,0.5472253509472869,0.04061864101037453,0.06033360052133761,1.434080156967796,0.1753338561477853,-0.3179047909894477,0.027788330603530753,2,-0.328857770191165,-2.849797165756185,1.0904817043761108,0.32521921087115613,0.2684936535086125,0.25745134477432596,0.6618757512654435,-1.5156532874618815
0,-1.0131409814174128,1.0403174617623452,1.1096259877400092,1.1716257964875039,-0.4500390659500129,-0.551962604420632,0.5941149928171855,-0.2543290377121088,0.5709499510857696,-0.6669561405490336,-0.6761327711268148,0.37220689826782094,1.071827412641888,-0.7188152567368711,2.4801800592974383,-1.3231444039938067,0.9413389144001462,-0.28957116005444455,2,0.3079015420988199,0.7718541699798529,2.2587437531890315,-0.08033525729621616,-0.7840176655474536,-0.8992601907908413,-1.21975314077183,-0.047091104870218115
0,2.24867707487614,-0.6071033251289943,-2.2557826890067365,1.8605238247125886,-0.24244763933880267,-0.8598572926717354,0.8005714108596771,0.45106580849579914,-0.27926594980304503,0.6709599321643307,0.005163499292182516,0.260187032900143,-1.78526162662461,-0.521790414745281,1.447194087606267,-0.08184457684343616,-0.65175997996054,-0.21706182955613107,1,-0.38655488384718373,0.6829786522973601,-0.8265617206904846,-0.04246044152190027,0.022725636233944913,0.8839801536739358,0.7420952380184981,-0.08700362847495013
0,0.10925433627273134,0.457694322145861,0.04405580785924368,1.918907858451163,0.16136953952277994,-0.09756886022262917,0.8469994929538212,2.6908178939764147,-0.26077902725263724,-0.5058128240038777,-0.23298065604041523,0.7682065639220772,-0.7969862700332538,0.360111321542045,0.04665162266182686,2.020392476544091,0.05510356603111352,-0.029727971036016904,1,0.11294214806668768,-0.31028535750593333,-0.6952462988151239,0.1523000876667993,-0.04470360255252265,0.42043471638922086,0.2106968034476997,0.18859977759648422
0,0.880044892806107,0.12394523710002714,0.8983178779878942,0.6242093067025609,-0.2181821847732252,-1.012465151368184,0.4528235563089673,-0.6312500613154453,0.8563664092081518,0.33146974307545707,-0.6879253183905862,0.6614636189939529,0.25363802214311576,-0.33669635355124855,0.6786488351094191,-1.0682736863655191,-0.16871458050276822,-0.24719823918174255,1,0.14541993375537088,0.7067227887450663,1.3249736202641071,0.10605106764485855,0.6775155154818846,0.08466920922371413,0.5633066878898264,0.30212811658981076
0,-0.05729315537110191,0.8847790866753731,1.010006143330258,0.4572752938119284,-1.1260522323418356,-1.1248336423689984,-0.8828157588227352,2.6604875828478063,0.7562537944069277,-0.09425079012779647,-0.40036703245053157,0.5396383487858776,-0.3909900234016269,-0.4834078623141621,-0.05263318530494987,-1.5110467249654578,0.28465866830689535,-0.2776754305369713,2,-0.8249196994571462,0.03791672770898735,0.4571441104533569,0.02400685489525843,0.20597028830562478,-0.11937521080681285,0.21453252834636738,-0.871850843411217
0,1.5945729598157772,-1.3947110201885873,0.28005742248838694,0.5328224952129047,0.20971815922220635,-1.2628620873877199,0.8331029705904427,0.2405214114792531,-1.0877297168283993,0.31356503970472194,0.6151062352429235,0.5051432047524241,-1.220873501855877,-0.8696486409072615,-0.3728290156784549,0.01494805794772186,0.0975664816327145,-0.22787236060338675,1,-0.6386284729669678,-1.8483730343697036,0.9590134323665636,0.22158640195562843,-0.14633085408168092,-0.5431522553597544,0.3680271413519113,-0.4696432720896366
0,-0.21554845912163464,-0.5343682153592302,-1.4792693753514414,-1.2509503467174619,2.026653675060562,-0.4639392470736095,0.5025797866738844,0.007054779132338679,-0.8458867825598071,1.060825393770235,-0.5147665419295645,-0.3236656298780019,-0.10106931661926,-0.008432643554067726,0.5052079453765596,0.4083590908180542,-0.38405426178204444,-0.3469242806259424,1,0.006780627561104091,-0.40929720549995774,0.5273270303209685,0.06191755432134206,-0.07721732394009934,-0.10807361084361394,-0.6072451693892671,-0.42306459403395935
0,-0.11715030955903716,-1.3674448945456108,-2.0236409300048717,-2.2717019634410174,-0.061347598636654066,-0.47014115875996787,0.9298690478654414,0.7275754900113472,-0.4428072474856897,0.40717378133481397,1.0670353918316173,-0.4650570437863117,-1.4976115869038678,-0.4209741174953206,1.6561846386496952,-1.078854849111659,-0.04360616684880614,0.8409795940694873,1,0.08300877783948694,1.197839342589678,-0.8188139086050964,-0.10099765669465738,-0.6833050515720426,0.48281504722187896,2.1386066403705124,-1.035625041357027
0,2.24867707487614,-1.9218099303409477,-2.703219416805257,1.308027724809889,-0.33014117135353716,0.5952522543487191,0.661969433716394,0.40573190459420194,-0.2637809250891202,0.836849052804793,-0.4845353243698782,1.5932314778921928,-1.481244720828903,0.6158782442641719,-0.6283819178995584,-0.4259075164779116,-0.65175997996054,0.15078414970351744,1,-0.6157359299854279,-0.7206284137259549,-0.8010106186432342,-0.13858845242106,1.9572760621375682,0.070799703613798,1.330987042271103,0.0744501431319558
0,1.5126779188699468,-0.15388576092829415,-0.665393331506324,-0.4784429195923152,0.2960279838268337,-1.0105875405640719,-0.9533916637967205,-0.9721848313926706,-1.3147787031896876,0.6317341053625487,-0.12214931563579112,0.157772411952087,0.76239158358031,0.6385533435034044,-0.10282020816352391,-2.975171852903978,-0.65175997996054,-0.16312825242535675,1,-0.6975614327817623,-0.33252461519034326,-0.21734787871071823,-0.004953366268236871,-0.05017668655697302,-2.5296927522636405,0.7530518050098509,0.3973151176405337
0,2.24867707487614,-0.4253302259022114,-2.185026493709242,-0.01835626505960558,0.4751533835490602,0.43823505370519067,0.913273769079465,-0.2642548611185628,-0.651969301379302,1.860159605336199,1.3100285521110446,0.11276976696661699,-1.78526162662461,-0.27579009596871407,-0.13676057985161746,-0.99676542452091,-0.65175997996054,2.841754414330076,1,-1.2770477959453346,-0.8074142098818196,-0.7638794836186625,0.03368366969747551,0.6855469387962272,0.5745076307675621,0.9877570557048685,0.49810605547415976
0,0.7316134940277366,-0.10031925525677665,0.9166179386591431,0.08069771710410722,0.44897406029185,-0.7782929642846012,-1.6527000779985574,0.8900600757095357,-1.6566425784909153,1.0321371200896379,1.7638528812064445,0.23687799917426067,-1.045025371501679,1.7994948163213846,1.2139072394960597,-0.8311516172208523,0.3315526470917673,-0.14774596144214394,2,-0.8338777025062745,-1.675769631341827,0.2831409414395907,0.026596931884331015,-0.5901441198105548,0.5235914936644406,-0.6660417951757076,-0.9371037258390218
0,0.2608507005523323,-0.35690804305228546,1.1657803541425442,1.0651769674180511,-0.5218977360655909,-0.4155165623019156,-0.5504454111306234,1.326609211064747,0.7414516890420633,-0.07653745449224164,0.08346671972120617,-0.49757140230117763,0.912929930221303,0.03596034716487079,0.07001502923404496,0.31570699634773647,0.021048430738133506,-0.0955402259204148,2,0.19409078683426284,-0.6907636383318868,0.08639015906910677,-0.014730228307244714,-1.09095311408826,-1.7220315594424405,-1.0015333204145018,-1.848763657917086
0,-0.19524034628766174,-0.211317989444315,-0.8741129840998978,-1.6561485790689727,0.7225733299096261,0.5542789824652539,0.8366506731319098,2.4705262185641157,-1.092740836907084,-0.394858656879052,-0.08873003579001046,0.39010700027125117,-0.4911828536379357,-0.1421005856895523,1.7713941685503178,-4.7239873726681125,-0.4963471089065518,1.4354019181273001,1,-0.7441252126348782,-1.289099302387895,-0.4515988388708829,-0.018912770489391544,0.6798899596504927,-1.595449416042554,1.332102614924924,-0.23807597814928055
0,1.8388545342295073,-1.5054203310586667,-1.5496684271242174,0.6102520258234956,2.8089551575321248,0.8911987379480002,0.4924704351990277,0.8586681889100298,-0.8029800288788851,-0.18977486569306162,0.05787968610281019,0.46635259741631163,0.6150198726166245,-0.03096025910804423,0.24613439045565977,0.8313569933236145,-0.5764472200033663,-0.553554144716512,1,-0.10016009757852676,-0.5777959787427313,-0.18135861779235124,-0.13858845242106,0.6050317046727989,-0.2887754976296196,0.02943199057733631,-0.6945627756687759
0,1.831304682499223,0.7561101797097016,-0.6689508921010074,0.3926340172209933,-0.2922585423147972,-0.20134866081501396,-2.58918649994163,1.997941646113154,-2.3620304251000106,-0.055924306479038954,-0.3455420433447072,1.1086156177886761,-0.9521309740256682,-0.04410068267954664,0.49500558142086315,0.6511165411733286,-0.23733778076725023,-0.6535180237198824,1,-0.4801317874395197,-1.1875805422436847,-0.041284858518951716,-0.05555098920042598,0.624112437963429,-0.26025273835838086,1.2733008056632267,1.245841028615808
0,0.45533059832115574,0.7562426961149304,-2.5447493195212116,-0.8321850980468241,0.031000716539631656,0.012688897970027258,0.5334226542424652,-0.2815901594042524,0.16306762436925543,-0.010377254154692261,0.04157561447033807,-0.20205855208864434,-0.5660998076273481,-0.3564112471077373,1.0910360441710496,1.038405067972699,-0.38131492804293654,-0.44846290134894906,1,-0.1266631046114388,0.17961316247685782,-0.2919999015248169,0.15940512438298554,0.005343382117288686,1.316316179198486,1.7594218356020126,-0.3173127556836639
0,0.3835026606812245,-0.6114557960619529,0.17471472518293535,-1.9338353244934332,2.671792319705573,1.6425466494179457,-0.869532248760171,-2.5305285954066674,-1.2188122541852522,0.07491280678567311,0.18321901966542797,-0.47047791356685753,0.72621393266655,0.054484161536922454,-0.5270623256190226,-1.7043930589025598,-0.49475897799673507,-0.21080903788888317,1,0.6743058951381179,1.177170340105241,-0.5668752830254047,-0.11651151910755493,-1.09095311408826,-0.8791407864736028,-0.549108397936026,0.07769623623536553
0,-0.9534626904118665,0.19550692487127833,0.7248670980344007,0.5165172488812412,0.20194872172743636,0.28776538588994643,-0.46285814708332396,0.013009037919289757,1.0556165916057414,0.3399972798971782,0.3813334370592889,-0.1875366636804443,-0.15806128832335054,-0.49768645205869244,-1.3706993711877085,-0.7901365193446457,-0.4333525233000663,-0.3944454590662165,2,-0.6001323396255691,-3.459428247513733,-0.837083612328585,0.12029600899330474,-0.4845856528126825,0.02257036830271003,-0.6822398386314721,-0.8947864670768696
0,-0.20721540814770997,1.4336476742096425,0.7755099688937332,1.0134455801054727,-0.7394209034817543,-0.7039902819608641,-1.6350326476024697,0.727829743980397,-0.3175129690390843,0.3030073035281404,-0.022439609940740096,0.5575304108048279,-0.05805866800000217,-0.10847959363010728,1.272254615262073,-0.08703067509570084,0.05971760908912302,-0.41050312380440124,2,-0.5204052802351131,-0.5299124135295007,-0.2903059246818677,0.17184492056610506,-0.8910295247414295,-1.160793113858111,-0.8985294647690509,1.0658161403315902
0,1.5578200973785066,-0.0498541650944101,-0.5927118231287534,-2.094649072844877,-0.18645453071650808,-0.7525645696192178,0.5986459176161693,0.232375855317261,-1.1566761687060545,0.47216207810895183,-0.44634595152289763,0.24184310099457723,0.01769067373416061,0.34857989729024097,0.6858824546803844,0.0978527217151902,0.21018739721059138,0.13790953405729645,1,-0.6398936080619756,-1.211098060366542,0.20283781035327508,-0.025677589539198745,-0.07386766397483305,-1.305584390952637,-0.5631505188125415,-0.549724913193785
0,-1.116566964765957,1.0214847012779185,0.6023929269946366,0.8323691169846723,-0.579818535219684,-1.4008352819022565,-1.0229452283577753,-0.6964796925173126,0.2694202713458844,-1.0067970453333057,-0.8541703707285814,0.35458586886778853,0.29253950250876093,-1.2340881680829456,-0.005411938225670987,0.3783584360201196,-0.31669823170794953,-0.4380989189995331,1,-0.3377637658732713,-1.2401133484613074,0.7356722621122765,-0.0741031513360185,-0.6370218306667097,-0.5188040612621422,-1.21975314077183,0.2859238815033798
0,1.3431591854176619,-1.2228479408879862,-2.8017037409094536,0.8999890564547227,-0.5726497125791786,-0.340911136196249,0.5994416999060137,-0.9768629015800636,-0.9083722033086357,-0.17664335586380203,-0.10549596325347341,0.41196532325783625,-0.2058637555012005,-0.24114105343491513,-1.0547521640991788,-1.3095384415955085,-0.2605424113441561,0.06231771107421661,2,0.16462353045516723,-4.5301769168217465,-0.3672090003808935,-0.007234131262209939,0.2239530891459527,-0.3638094332598901,2.973698148585756,1.587106805485928
0,-0.07433825462639859,2.0809124341650413,0.28935956164370213,1.4333340166708686,-0.27354583860136383,-0.25987731221417654,-1.2993410942914072,3.0546082283469613,0.3314273943499888,-0.6955162592701354,-0.8111533480113209,0.608097754156796,0.8922361663782974,-0.2330400947374959,-0.982469441199155,1.0221878574708236,-0.014754946367333849,-0.46866845275926994,1,-0.7524810406658151,-3.0649538442989064,-0.7630589726493586,-0.06275788581720955,-0.19348961278184534,0.15355340584810073,-0.7405373139981778,0.3150048571672657
0,1.0138118620590877,0.5075904184732879,1.524040641834699,1.075845823417206,-0.6736525765738758,-1.207385424997367,0.9722726589603656,-1.7113471648362368,1.4133024454207448,-0.664039027327419,-0.44937463768401714,0.6289239043568682,-1.78526162662461,-1.0400699212635818,0.8007611989086432,-0.08973218199525168,0.9979403200002521,0.2598590392218143,1,-1.5202637612417702,-1.6215385212506424,-0.18144264977752678,-0.08781107521275489,-0.5843779435819563,-0.9885630283929001,-0.5767923642573928,0.3562308242575087
0,-0.9739784196588974,-0.23441199372919258,0.8008876668853673,2.3670437992282727,-0.567881006529578,-0.6356436530383529,-0.3676026211090777,1.623761232438904,-0.12896473933738944,-0.5742593916465761,-0.22555904574044944,0.214874005475137,-0.02587643921990617,-0.4257941316340996,-0.3591274172487,1.7813381422833916,-0.2614849948626004,-0.1259030449209783,2,0.029393099033886982,-0.3452024429948932,0.24017529773758786,-0.13821884246790406,-0.04757920301284166,-3.0856101326499243,-0.3341012570641839,-0.5154977559464883
0,-0.6108937056805765,0.11950248257367946,-0.0020346595903165676,1.1352989995511718,-0.24925415964116238,0.9925588389076173,0.7761675183546015,-1.4035534375604768,-0.21156855723328516,-0.055360504124660564,-0.2236758046290696,-0.17293040874519544,-0.9236980009416547,-0.5050075361529117,-0.6984895748556811,-0.040868729223066114,-0.65175997996054,-0.27903175424772386,2,-0.23740583323960804,-0.5617209786690099,-0.6475186193812111,-0.11919660885343174,-0.39732269227407757,0.3624538609709388,-0.9351499819273418,-2.090770150853066
0,1.71133823073114,-3.97321422704135,-0.18201018900087526,-2.389159033162433,3.1610669280172576,-0.49460355604120154,-1.2858399472499467,-0.72801654239255,-0.6377515038221508,0.7749965609412925,0.5573568588206541,0.8246515056242492,-0.8053952608237469,-0.083983215551092,0.4335356549643598,-0.17797172511619508,-0.6425588906655791,0.025314877556340265,1,-0.890187294887167,-0.22157420160408192,-0.7267532291405597,0.3072592613513997,0.5619716889775288,0.14966141563615715,0.23614101424220327,0.12478683136458035
0,0.9998981290740803,-0.08556609803776369,-0.654077970065923,-1.181139662426713,0.0027780843870181273,-0.48589832445295555,1.0285839277281308,2.888064520755715,-0.8685059319070603,-0.6033445252086794,1.0234557837403893,-0.8889320938976646,-0.5934245526421755,-0.11980848690712562,-0.45260551108812586,-0.41960585958908675,-0.4521267510493025,-0.1225705935988313,1,-1.52362745254065,-0.20075163141276753,-0.6063688820695518,-0.05428462016894299,0.9515571491889967,-0.354006588012161,-0.4329991474737508,2.2977663288968353
0,1.7125922155890845,0.046390900150232534,1.0183452542894795,1.2076005299213648,-0.9210547801999414,-0.6230158867668836,-1.7061309068971382,0.2592201661165591,-0.1277915859318457,0.8673905432470382,0.07875499408423314,0.11283168978471503,0.4167225594180587,0.3943951830416685,0.8236031780468367,1.8194348800004554,-0.4029586641996691,-0.381199352521552,1,-0.06469620357265604,0.9888706813064793,-0.1682663918668228,0.04368655172516839,0.20517041586205098,0.2993233758242816,1.7250662861558634,0.5219223681019604
0,0.9421569065682571,1.3648207631923315,0.18811989306711147,-0.5640981505936841,-0.5283034652959178,-0.4240165883880873,0.9388403867057362,0.613367527291904,-2.090244664492296,-0.23535392092187224,-0.359060886551766,0.21222006158930462,-1.244925209661932,-0.10773993704225991,-0.35548378305005296,0.5761420611916179,-0.2062804800936977,-0.18600007432238946,1,0.1297917211824786,-0.7729807371085627,2.9872928311509837,0.010179097104574916,0.24731379780225707,-0.32312774289272306,0.2739852878613543,-0.41574557765593606
0,1.0145724836663363,-0.3461375363105491,-0.06241762117535793,1.5252201302862778,0.55226051395919,0.21831090138570547,0.6011988305794429,-0.7307969623573582,0.3941391516529927,0.23068809320073005,-0.01900577348307851,-0.11366953339875924,-0.15493754703142915,-0.8120440030275176,-0.9603078141799277,-0.33309225645090956,0.04446768841579643,-0.2568352149368653,1,-0.6355666446509542,-3.736980925096394,-0.7771874016553204,-0.09068182050563968,0.2765996842132986,-0.42440474507115644,-0.5016806369147305,-1.7862535245417739
0,-2.6498497253965905,-1.83430183337112,-0.039438434494720065,0.1407081812271393,-0.5990064723054582,-0.10062797070915686,-2.58918649994163,0.16162286828301084,-0.49587568080425176,-0.5441666008083708,-0.1764715880490405,0.061504711097164655,-0.7674228819460163,-0.5660245656648236,2.0997118118196667,-0.9306189078001464,0.27735846558110544,-0.2966769967667072,2,-0.3957039750505936,-2.4511471248570165,-0.8021104942550994,0.22369049465662139,0.05189427583249362,-2.5840323151568434,-0.23555202174373258,0.36740052431055653
0,1.2831993055543252,1.1338975267033964,-0.7399752696288711,0.11964391908886635,1.5531951807527689,-1.132491668545255,0.3792844385388313,-0.5698129040355155,-0.9589392338394044,0.9367413202915665,-0.4044820625707528,0.841876201440177,-0.9049510912223717,0.44550996753957006,-0.5194178339553642,-0.9375322004254709,-0.5836278173585961,-0.4766390558087719,1,-0.5264136683533125,0.48549660015778173,-0.6480062133825994,-0.02358891637902976,-0.017049970365152045,1.068420390565688,0.5326099352976347,1.5417604671329932
0,-0.8936261710732523,-0.023178983158721023,-5.9262745075172596e-05,0.5283595620823872,0.5077717098476785,-1.3570843071567302,-1.4388454910894948,0.7802126983041274,-0.14019346399909088,0.08476213665049717,-0.3859146144993116,0.9469797453070508,1.4953771398899245,-1.0016254992549434,0.41630059647002227,-2.071155933874945,-0.65175997996054,-0.161830530610784,1,-0.8767597205510249,0.03944195442529348,-0.5623450776347537,0.10726781910336723,-0.5998559236523282,0.32389535778613365,-0.5631877835228664,-0.08995203955455888
0,-0.7868032906285122,0.6441574645081776,1.515958572966523,0.10862523301838756,-0.33152543576198384,-1.2538665865980587,0.4111969835071204,1.5807740297901562,0.17719508396783978,-0.036223940552608136,-0.4337330411950886,0.0012585132350666087,-1.669202291667751,-0.39568669459398154,-0.4038931564953092,0.5098368564591897,-0.1816255853309674,-0.72520850861303,1,-0.6740165625647151,-0.4810974524336612,-0.7189840785228576,-0.08649355717967411,-0.29779838504553696,-0.7229314492639206,-1.0869739801312286,-0.3302559158140866
0,2.0058946642088666,-0.16833543688765418,1.5309237543772762,-0.3456068542528271,-0.37419124077743376,-0.6257788470616426,0.6602696900020232,-0.9943364809540025,-0.12425766561015789,0.5717859059267376,-0.2858528027595663,0.6744190807484625,-1.78526162662461,-0.4056395771989597,-0.3431284909896635,-0.9956624879910625,-0.31890676805651585,-0.325886976883206,1,0.04127963282428798,-0.2291299743457043,-0.6213133653997417,-0.009404662978489263,1.7514102104468638,-0.4164844234205538,3.234804353770226,-0.11036322408068518
0,-1.3386103703280774,-3.419602371396634,-1.2697072705217098,-0.27067746345052734,-0.3909333805014141,-0.4312930077056687,-0.0025443544313751287,-0.32738511763894096,-0.98308258635148,0.1716478380561037,0.31897760787565904,0.02751109124266407,1.4870185962515552,0.1972026959815147,-0.8240847417366773,0.058005903801405405,-0.04463257449938224,-0.055086277163271746,2,-0.4112734215891326,-0.8305687013657315,1.038149109031677,-0.033261044779700606,-0.9420098166539845,-1.0021365644585774,-1.1860017437117159,2.5691860896302137
0,-0.8005589072739041,0.001206116767613008,-2.445782049751038,1.390328286950078,-0.11044179936836179,-0.7022651245567829,-0.8455300953338136,0.49561694071235207,0.03604980043026462,1.3679760518099704,1.5552213641467438,0.21136075459533385,1.2134539327072191,0.3211290504238691,-0.6446717679915914,-0.786594025915869,-0.10802431515476137,-0.021921804358078563,2,0.09456537982825719,-0.878783721314536,-0.026215293581277832,-0.13858845242106,-0.8801937881799708,-0.11045872443574545,-0.8420613608784979,-0.30484898824227846
0,0.05947270955879265,0.23017989380080772,0.6676172555720903,-0.4603704910497718,-0.5109351479446632,-0.6913511173486779,-1.535309263075897,2.204484768152648,-0.784712052978449,0.2618574584378768,-0.8176183790376675,-0.09992815394828455,-0.5070704231292247,-0.44806998826618005,-0.49983745975295335,-0.8426180779470647,-0.65175997996054,-0.23092375826692862,1,-0.46391189123380955,0.9764709624454396,-0.23720461613744906,-0.03764064524212471,1.6002759571389822,0.05847734524488657,-0.32020817328772744,0.9509330077267122
0,1.3044230720463388,0.25017436216408806,-0.40360043784609073,0.268145861276626,0.4900571271444797,0.7906941176007493,0.7424899116702718,3.1930300139259167,-2.347391324253687,0.021783310606629025,0.42568586319272517,0.6727394282812835,-0.9759341460351999,0.3024534871674369,-0.0265135369962457,0.6948597493209,-0.4836659664403497,-0.2509052052784534,1,0.4572955589705078,0.2040698949229983,-0.6199315208809129,-0.007096925069742348,0.5763308805282907,0.09636031340699358,-0.4831946733987494,-0.5947641326107131
0,-0.4936006316153817,0.7360623861424612,0.8994841497335762,1.9847508673115262,-0.7185080661136876,-1.543326290053419,0.7826951394743137,-1.5153138619050273,-0.9270367857592824,0.26161041985079025,-0.5094825641800778,0.7178463406788254,0.7806814086661282,-0.15673927025813306,2.389366746026212,0.20147473101237034,0.049346731017270766,-0.29335922758048383,2,-1.2045713258758568,-1.6259288297896597,-0.7326204291481175,0.04633582103518881,-0.6778250679268953,-0.8766344351169023,-0.055941460988332734,-0.5446263927114121
0,0.9575204472388679,1.005884104496285,2.3493527201906743,1.8365013412524438,-0.7694654147569532,-0.6015270188972558,-0.13462030318394386,1.330961956746927,0.15285131040696148,-0.3112901698134467,-0.4092659422614848,-0.5648297993658236,-1.6393251430228033,-0.7882001237255792,0.2998189053547671,1.5351699747443122,0.03748017509798626,-0.27635080796409156,1,-0.0935639799434837,-0.8062064299853798,0.9148490119490327,-0.005514975009914637,0.31527499567642525,0.4907024324557879,-0.14934499449598498,-0.37471217413989855
0,1.35318880226069,0.14597394429643412,0.07597975120231815,2.489404014330231,-0.2798874792660442,1.7961210616298429,0.8803403904283492,-1.1740683650371069,1.1657990597564696,0.6380148485830348,0.18595806286512362,0.002387011276595824,-1.6470171138146843,-0.3445354352073883,-0.6079991428546266,0.9405452088619993,0.18729479350154257,-0.1057290930471865,1,-0.006210510729404595,0.09702522396713223,-0.2190716892260321,-0.01845161402123508,1.8334721353626384,0.04344680707933091,1.3276917721280643,-1.334904140321954
0,-2.4561732094198714,-0.9196092644801686,0.3922485673008825,0.5506297711419355,-0.314590780013473,-0.7086254451506833,0.6992266847713479,1.2709887663612165,-1.8469005168898334,0.30498229923058756,-0.9443959400505205,0.08811123233486623,-1.4078702762351714,-0.8371949119463096,-0.3587696515365678,-0.4501824053082997,-0.29695251074288986,-0.28168152463321616,1,0.09676564181710673,-0.056042359663726005,0.529322636958621,-0.13858845242106,0.30938605594961066,-0.3513242883763836,-0.6610486531385894,-0.5997540782928986
0,1.5833633480083458,1.2109921662525027,0.9158956504694791,2.032081712636263,-0.008877811840937944,-0.25244186097877136,0.8349498185315591,0.5798973802139387,-0.631370998846237,-0.7820195920449579,0.04510709782036493,0.4308568967086349,0.09846135558391722,0.13300605353629835,-0.5120079983180412,0.8382581206917167,-0.002485074172931312,0.29516481809210215,1,-0.5764864446666641,-0.15240195257803582,0.5221602871836114,0.02756274203915033,0.14101073199079733,-0.08123972579157646,0.22365006140991234,-0.0569565387806214
0,0.7109554917624199,0.8324343672151032,-0.6911112907349644,1.0079388900702773,0.493493905109845,0.13603259695487285,0.9133115921021044,0.205592058933457,0.9530987810750782,-0.8814126059954436,-0.9089458036407945,0.5930201249240474,-0.9879261524012015,-0.5843462221671818,-0.22481857466001354,-0.42184555761311354,-0.5669816112573184,0.5462523170813951,2,-0.13932276912066985,-0.47604899231080666,-0.7939801171497392,-0.10458007738048519,0.986215139950985,-0.6454451668527527,1.2895670997938216,0.6660412133109519
0,0.8345741436358081,-2.0474036123769626,-0.07331316478122304,2.273814488783748,0.11496581833913679,-0.5242130080366603,0.10671818752399875,-0.4349510092367558,-0.5523460513581326,-0.22016629912386396,-0.5157630232281267,0.3553442901045017,-1.012516697977375,-0.3548296690023236,1.4745005786876282,-0.914039102007781,-0.65175997996054,-0.16417441753851408,2,-1.1835692113097336,-1.2018797523221092,0.8483214409146977,-0.04305961583816011,0.026543777029913923,0.6864959871438526,-0.4608388741993101,0.3125500908147331
0,1.6197419368415695,0.3853024532370888,-1.693423917659314,0.11776270763872754,2.9374118068629835,0.28367523895507996,0.38453335715942005,1.0226929886806337,-1.6661944634416448,-0.38753015191533924,0.32475597195196915,0.2696083641046152,-1.1943059792060324,-0.02820554104070397,0.4418385758831645,-0.39081493011200513,0.011385967772194763,-0.16134642500614688,1,-0.1863488694151495,-0.08418868948561448,-0.837083612328585,-0.04201753306597657,0.10413362256853487,0.47546218527003997,0.7604664691925133,0.08186793758024316
0,-1.083193419731618,0.10334843506321656,0.16148898022802083,1.0363501974757832,-0.04278284377638725,-0.3472445179331995,0.4988500134469799,1.5386907257346334,0.11347789276785969,-0.5638414967410098,-0.6200049733475715,0.59813650177519,1.1453650813010205,-0.3595245631415686,0.23618397915214007,3.04449017181632,-0.30114652126767594,-0.19070474428846712,1,0.5261158502881884,0.2384770388692019,-0.6330579086482145,-0.0993506792534826,-0.10830195325803366,-0.4170166577332719,-0.5959025498991222,0.13271736365685516
0,0.4252293379039085,-2.6821877788046207,-0.25487849627279774,-0.9737610563846127,0.09154329484680745,-0.8915451440691555,-1.6497251507659172,0.752316509664368,0.1163213219055933,0.08569529478127189,0.15771660475031907,-0.40580737677127654,-1.4623069051132187,0.46600149338479757,0.09391405983572387,-2.7747349319534544,-0.058526907859531976,0.2048449240152275,2,-0.088200621352809,-1.3505907980492928,-0.45804427648670254,0.005946507571411783,-0.1619422776073232,0.1424473441723112,-0.6134210569050182,0.18205424382234173
0,-0.5278478626883925,-0.2765970139285141,0.3612845925508099,1.9216003304276676,-0.8417419333838371,-0.6738973551479326,0.023669371021527885,0.5361361742810459,0.5944306138516536,-0.846821067548668,-0.5462400909400829,0.14005716699989754,2.3391507611775646,-0.8049815518935244,0.9501953166530304,-0.5187266263930295,0.8827743956352497,-0.06291719902281628,2,0.034910843141693015,0.3397038157858974,-0.7102962756106999,0.06806327108585904,-1.09095311408826,-0.5472712450730862,-1.1860688253628346,0.1452548485831231
0,-2.6555419738503185,0.5305616787309668,1.685549637872324,1.9035964660233597,-0.43330836071196804,-1.2609627013338764,-0.9801090308183548,0.8868863372249274,-1.020505412091048,-0.970019748812653,-0.6666672926362114,0.4029263916403933,0.3835141628766065,-1.0363066100270508,0.9591265234365982,-0.3999152939337237,0.5977566995995045,-0.527627215223436,2,-0.9224910957793662,-0.9464737394311147,-0.1429364226039861,0.06709218776793771,-0.6570298117246389,-1.8800712839436422,-0.8928970907639437,-0.7181255260385198
0,1.0707122559481153,0.48424760256656296,1.2070207428227542,0.9841235111915105,-0.477347313502451,-1.3884104105074209,-1.5142713535164833,1.716359499176602,-1.669463730500518,-0.6132885403551731,-0.5674220066764406,0.7535543821759176,-0.41679786347990033,-0.5056254756293728,0.12403461963466123,-0.7273240505870175,-0.3906518090441383,-0.11968835246820705,2,-0.16843178166063313,-0.8793662142056617,0.8557227848246166,0.02424475068745663,0.9708883944855424,-0.4986083739329965,-0.76163272189032,-0.7677297624038041
0,0.9391293278284066,-0.051458543098789056,-0.18423957356580298,1.2909730683300737,-0.28235768108394066,0.9809501442793221,1.1459039965099214,2.4173408033962587,-1.3734845175000698,0.9597385261806692,0.36165578294605727,0.23994655273043453,-1.1129413701531772,-0.9975681933200153,1.4345468332469804,0.03682149093282838,-0.65175997996054,-0.5078826770343479,1,-0.3326945672048959,-2.0978275412741025,-0.792504725695639,0.0396825533091361,0.34878170272079506,-1.1157305167631497,1.0806405129663685,0.3491630985041063
0,0.6705931651074664,0.3122777175418768,1.3091776766134415,1.5477055123519967,1.7914998958686201,-0.8209117108380095,-0.8492204850821797,-0.5257697158355272,-1.6617795856831876,0.5605438427194069,-0.06298073162701719,0.18842113544579558,-0.20358068136854884,0.12639695903480253,0.722627180848017,-0.2432017838196947,0.6694052727814626,-0.4922843254569337,2,-0.46261348448716055,0.1387232612554181,-0.6684669104423667,-0.035033809815158204,-0.9280626905469875,-2.2406561846434503,-1.0933084263743718,-1.1247915625835185
0,0.6616447169794952,-0.00689316920725036,-0.4979326192492174,-1.1242651333169054,-0.40673498474276526,-0.051638289520783864,0.9508738210329629,0.9390946162001,-1.9360370631125319,1.9532032388512988,-0.6454822463815404,0.030553386492839396,0.45566054270677026,-0.5280653430696038,0.4220664443391222,-0.3997056223423672,-0.65175997996054,-0.43288887232968304,1,-0.3618802761556946,-0.3196138395849095,-0.837083612328585,-0.0789319660117473,0.14154108099714932,0.2368999052715215,-0.7314213204006308,0.42510951671676117
0,5.6891075791876133e-05,-0.0002897010199296446,-0.5164879525703205,-0.03558187562185736,-0.7256966258958031,-0.22036370530734162,-0.9736443513379623,0.9729229001600677,-0.5852423031685474,0.11156514659976724,-0.568314139135587,-0.2118937981770698,0.417178671375239,-0.3717901280392465,0.40747189659379957,1.1851961367416766,-0.2907289644449636,-0.5468552048828565,2,1.7014380714004251,1.8495999906074658,0.07233341433235996,-0.13858845242106,-0.24485740363038158,-2.8562851599598957,-0.5502971086855877,-0.973651774660571
0,0.43600946832887777,0.11776024750977071,-2.3266636136920065,0.6307397879864293,-0.6209134780293416,-1.2305859652917635,-1.1723057138950832,0.28971709993599626,0.776572630589986,-1.2558690393578797,-0.41783633814589677,-0.4279880811963576,0.05997590808916614,-0.7925945454182285,2.8889241894029896,0.44018332983687936,-0.5757635391304445,-0.287215802741695,2,0.5683092960883086,0.5520820495678638,-0.7340779728776899,-0.13858845242106,-0.8573290366380486,-0.4182255030234977,-0.6627341440863826,-0.3810615350527901
0,0.23099412316280124,1.153780094183368,0.5851942791881981,0.7173701991800029,-0.3206557785109695,-1.164624459958996,-2.122115533766972,0.3689892000395964,0.6547821124597825,-0.5579023396702791,-1.0336213407295307,0.43355621433824937,1.3188713424008838,-0.3674536560872407,0.29343549658339474,-0.11003809669692977,0.02646415159546614,-0.5063774937493822,2,0.3158159558568635,-1.3574535099184772,1.7163519580587319,0.007175591530210017,0.20570627684477832,-0.4379499576482966,-0.41419834634501485,1.696367734554776
0,1.2169047947634386,-1.5844125523070107,0.27900282787878167,-0.035307972537972576,-0.374802937641367,-0.49347934877748884,-0.04627565521714455,2.5570028769642845,-2.6580944981522796,2.1648684782186027,-0.014271128375304268,0.2558916479467715,-1.1044095498768904,1.261773354387369,0.2632096174718054,0.037641009855854834,-0.6049116059404837,0.9164796225158538,1,-0.2528643815487251,-1.0044703904423828,0.9768082323110343,0.019861430532245483,1.0304435455116903,-0.5691179364329704,9.372610963617703,0.5529959000303047
0,0.4644266259505019,-1.2701146816731987,0.5875960020536171,-1.3906025223470801,-0.524286516932623,-0.6305915889051434,0.9505698085698738,4.353157536232219,-2.687146877425593,0.4702359929244134,-0.4568492377013851,0.39498963573781914,0.8967820154808877,-0.5191243921054224,0.6336797226472964,-1.7783243224060588,-0.3796780334243667,-0.3217050000159011,1,-0.7232573049798989,-0.9516925543472537,0.36888670624447106,0.1011306265561614,10.046170232656564,0.6562970075470871,0.9566468192553352,-0.7282499094462864
0,1.7545189753885935,0.16079395398363755,-1.3087533597684577,0.11429131348549465,-0.5193911859955005,-0.9088054488465573,0.6554785093043698,0.2841849486440593,-1.3116358887414963,0.12509057089829875,0.47926660743663585,-0.09492563553039074,-0.3385361345840525,0.9590301533569006,0.3664642779378141,0.4807680561657579,-0.4312070603178515,-0.3098435018031125,1,-0.9810741178371307,-3.116161275917865,0.9074643683711066,-0.13858845242106,-0.012735303110572582,-0.33531090758675697,1.3982790935647085,-0.11812693271542073
0,0.535436261103929,-1.8392267894444532,1.3011171851350036,0.43109856221923976,1.89287066078729,-0.31100371339141597,0.961937716396644,4.1818200094313696,0.7500628856870714,-0.2923660491494138,-0.5060374798154942,0.5789081356947607,0.24519565738029336,-0.4986915169975012,0.05481990075257709,0.31941105583927965,0.3656241031715026,-0.19138565898124213,1,-0.1265324305743192,-0.22092545845962952,1.4424253642388642,-0.04830740619602929,0.6853380490094498,-0.4725083856853442,1.872300051262557,-0.3993128815904635
0,0.8020285861550032,-0.8481645422716961,-1.1942858501731521,2.177035377107556,-0.12024241966786525,-0.31533483386382055,1.10361239093472,1.2650521010535458,-0.8006918876728802,-0.139208010337834,-0.7602308033000107,-0.6086770043116918,-1.2551758537824005,-0.7158660104829204,1.1882007010921585,0.723891202104054,-0.65175997996054,-0.2496246909541682,1,-0.9751064894006194,-0.21661814484363784,-0.4527330178236527,0.062090604815647765,0.09065509410971878,-0.7090334850811488,-0.47074630003852075,-0.5123608348501788
0,-0.27994584638834097,0.4658557088813881,0.44633871300589456,1.7177700173526942,-0.302454735800823,0.04067391844606082,0.7344639538807088,0.00045776585139462034,-0.32118071968035905,-0.6274179387646048,-0.32238207760096976,-0.15291283322201954,0.6588775327766336,-0.9430800852286776,1.4816010829420843,-0.748873253047837,1.2590941180508128,0.03943406859122017,2,0.27350364875195254,-0.7439185655215155,1.060206157319754,-0.06771990694769194,-0.6402450690139239,-1.1159112228014294,0.023197964185618675,-0.6277318303929873
0,1.012784610771854,2.143608953340081,0.03466286870155544,0.6185902611592831,-0.11338926232490176,-0.3317857045298343,-0.03732765169898167,-1.2906011435470641,-1.1793808100543806,0.04249359723029361,-0.6814738982025353,0.5168757144936247,0.9356018755659697,-0.32179466440919724,-0.14515853215991237,-1.1241179127394498,1.2120118723088922,-0.3447584665621942,2,-1.0119581771365327,-2.3994773354843097,3.4966309696053575,-0.012044995325781141,-0.6805780527318609,-1.0744935787817533,-0.16857720899195042,0.49845651592441104
0,-0.3616002431475115,-0.25853718228430655,-1.888213662724713,0.6349945068495413,-0.23885122691402227,-0.502726897331617,-1.9336903817950943,0.8214557682785908,-0.4121065321687176,0.1320617672417562,-0.42744379351286377,-0.0035305047329330375,0.9963661352096445,-0.8884270069109579,2.9436362134676397,0.4119864126587155,-0.65175997996054,-0.5405547808096302,2,-0.049909141510046245,-1.0644236963897973,0.18066894069801473,0.007015019781349878,-0.6426038333285542,-0.44875329734379266,-0.7116200036937992,0.5823140629712354
0,-0.06379633036020849,-0.3676331689316294,0.3378973268080796,0.12180518909457139,-0.38751383350919144,-0.6921060605708467,-0.23203125849850592,0.46641804544550625,1.3038900816949444,-0.35427596219373725,-0.5065226898213637,0.4371094238359145,1.4919576611990142,-0.5136656675080666,0.2939742118015274,-0.7829217129083731,-0.14534745974989327,-0.34826625798270794,1,-1.0900040563707978,1.0135669155139402,0.10708577997205437,-0.05426056709620418,-0.394160089946904,-3.1590108130781056,-0.8506196344741916,0.09059337772421294
0,-0.16575751573370423,-0.4882316615505163,-0.24001078947359783,1.2085042678369904,2.757904610620664,-0.4434545532712718,1.0884301767479296,-0.22988377063322368,0.4262319133714131,-0.4972424569544207,-0.47891582006405925,-0.12014999737955973,-1.0746227893394726,-0.3903659646347378,0.01202583794526485,-0.1153865641679106,-0.65175997996054,0.037445629279529706,1,-0.2701060647117589,-0.3960428928508551,-0.6571230836220227,-0.13858845242106,-0.7112766982712859,-0.595058521350083,-1.21975314077183,1.4148000871998734
0,0.47752760936654104,-0.7067810240968881,1.6655554124840184,2.6776809744804733,-0.560043585046166,-0.9752109505610037,-0.8679930679797179,-0.2986930043143533,-0.49608121345752737,-0.4260324237641203,-0.5467947721626877,0.612567702049603,-0.06327084146285289,-0.21873802415548022,2.2222479805851054,1.3434841641321353,0.22116157719990204,-0.1653067944549998,2,1.2781814134324083,-3.266982512004441,-0.31374000187937195,-0.06681500505318033,0.363484838976169,-0.3560027314645448,-1.0754783752547994,0.06989453305212406
0,1.2014902618614227,1.0452233933678186,1.4248430876293208,0.6466110174153002,-0.8979515286984935,-0.8363626319937677,0.9858056482951916,1.014228079796386,0.23849302366550346,-0.7453285585346958,-0.7487841031908489,0.23941278085535017,0.25785044194054985,-0.4942714652138632,0.7976487191703975,-0.5188613098799473,0.17378236126506458,-0.4761863539942436,2,-0.9837180168131319,-2.2842829056600715,-0.308629052640767,-0.13097765275774978,-0.7206708695348252,-0.34802910132302917,-0.39601227172658293,0.11833432450915468
0,0.051654441620169966,-1.528892593219529,-0.4823147880594115,0.9970065185427461,1.4814300724562348,-0.12004602837176809,1.7033948676880053,1.2273888634745305,0.5004895474564542,0.7418548077614431,0.4837995040403543,0.052826428299086944,0.4462685819528298,0.04301653573521069,-0.873404347837875,-0.5599089892081441,-0.29909707446322076,0.30625934278830935,2,0.06066440209273399,-0.13665202746900731,1.2666894200120844,0.018055099616751627,0.002790861572683573,-1.5040407394410138,-0.23622014930889879,0.6214209340379099
0,0.9849510719427175,-0.6301330779510956,-0.4796761642077155,1.6927620120211608,-0.11034322539080199,0.10881108056675204,0.8286591004594173,1.1367074108811779,0.42726617071456646,0.18429658502328175,0.20226702657716727,0.4105561375805293,-0.11991130316260445,0.6808661474388014,0.5465592927156975,2.763497553683878,-0.5742479043636178,-0.21200754980175918,1,0.22767885396266027,-0.5498252986494401,1.0294141452476748,-0.09667253209031505,0.9854778818800061,-0.8282053421742726,0.7055544321944037,-0.3191605224682904
0,0.7220065631025829,0.507079371226534,-0.7436050228678895,1.962190705938855,0.07845916525203744,-0.2662942914240648,0.5537236017928994,0.11567951273944654,-1.2087632310332288,-0.006657303531114878,-0.5869399403567671,1.4993550701752834,-0.11734131107447732,-0.10118413482016439,0.2862160442587267,0.36597151447267057,-0.41470431925573004,-0.45672818154524697,1,-1.3042644731882218,-1.5989763576597573,-0.837083612328585,0.021390716324055717,0.5598016127432615,-0.343613950928523,2.7440687745526553,0.2981836675164553
0,-0.48101424109968527,1.34225068762392,0.31553036788950173,1.567778520126839,-0.9841698426874194,-2.07607465658366,-1.2165993204771615,0.9342409753672368,0.5883307767245554,-0.1638352551883444,-0.49981876942647685,0.3439387240915617,0.1626658015077394,-1.0948734123742752,-0.12079752201677807,-1.7705697152893247,-0.3568965372115146,-0.5184554340045555,2,-0.11968597094341535,-0.2566151011851585,-0.057662843078678416,-0.033932469104943755,-0.6827787882666013,-0.7050425750853173,-0.43730625302719456,1.228488350699721
0,1.192391742411654,-0.16184042378771157,1.7856071333395365,1.1369430842156683,0.6855945571820736,-0.5539790898205454,0.6665774857419628,-0.5666720053530073,-1.6854367098300032,0.2577856323833717,-0.10323219139605636,-0.2583086714073263,-1.7132694314204289,0.6902979285119227,2.2884367114763817,-0.12875228287575236,-0.5563028185345247,-0.34941623644758213,1,-0.003275122236475775,0.03323033716238068,-0.6896295140091334,-0.09940126137955718,2.284913626227906,1.39236621232916,0.7970780197817863,-0.15295678806018848
0,1.1497636102503095,-0.4179517629354101,1.2078858337648697,0.37389905386813027,-0.7399469392554144,-0.49437562486967873,0.6152698413906201,0.23788563813456287,0.08167465489562198,0.40900667733090945,-0.8829395703447371,0.3712506748742607,1.0162304211023216,-0.6779013102592656,0.40615212433474457,0.1928710259656703,0.4495860969262862,-0.136862030442136,1,-0.589367777658777,-1.5339520192940181,-0.6047871415420385,0.09903872575954598,0.4014064603836973,0.6049723921925132,0.3840452027036432,0.2862706828100309
0,2.24867707487614,-0.6573761323989465,0.3101119019637258,-1.9248939109374665,-0.9564006150963053,-0.1200734523088196,0.7031540105549612,3.20568631726813,-1.3129477121884743,0.11986840930318432,0.3007394647473787,0.07138332852278755,-0.45039039027478306,0.2510238969438855,0.189497324429014,0.5937045050965273,-0.503574043605984,-0.2876226895008948,1,0.07572520030840968,-0.3033274045528259,0.7436091300385055,-0.0553869444297076,0.23573920839307116,-0.5396023434649805,1.4964354154483033,-1.540065431755953
0,0.28157582139832615,0.7481527799764155,-0.09179253008098032,-0.20189499149095336,0.20334442718420564,-0.5093745998979393,0.5760492889226309,0.10696928259339689,-1.1718580798198914,-0.46417487012338743,-0.6507113216247032,0.10470682254473135,0.46554853048712536,0.24369354031888885,1.085931486742794,0.20310824310186226,-0.369954590761626,-0.5202352012142386,1,-0.22221035929301772,-0.2934809119257358,-0.837083612328585,-0.10462154563751955,0.07688137836844727,-0.20370805603778758,-0.8015826844351182,1.8263101359292273
0,0.05453931650932087,-0.4243494721966607,-0.09595941754698595,0.7677992049117371,-0.433726679519081,-0.9519240459198685,0.8986115200635795,2.3734023811365805,-2.0922970624317174,-0.6140911081468426,-0.450762078051956,0.27891810810703715,-1.2691866703051373,0.17909832142334609,0.3907422061895982,0.9911863097627825,-0.18009480737685457,-0.2983647970045997,1,-0.7190816822592312,-0.049784687076635414,0.7746322409481354,0.04358014731031794,0.9914968797687058,0.5341010240509911,0.04029291951535227,1.5645957326012279
0,0.6616575769412156,0.4826158297502535,0.06970742643813979,0.07257606076981205,-0.43717543477999565,-1.0932009949704153,-0.8887163524456924,0.736685490449425,-1.1948491358721536,0.18185561905984926,-0.20964946612548624,2.3993103621232015,-1.122215189739241,-1.1377308546155271,-0.9965403452391957,0.43068218939042047,-0.65175997996054,-0.43360253690226447,1,0.18648568182086178,0.6353031877123841,0.14380350821678275,-0.01895324568329959,0.7734898662150265,0.15938053922917683,-0.14897927316586473,-0.8602617074983351
0,1.1759189737281168,-1.026205292882277,-0.8627210446016771,1.3729647886828995,3.088751462974064,1.547352603842513,0.5618912763428275,0.9539583962174255,-0.3366316462989576,-0.12962729199611456,-0.026846528532384353,0.6159032635416859,-0.43325054796886997,-0.2444774050349289,0.005593648868186973,0.680508908775514,0.08808861647837059,-0.10032128167191953,1,-1.6701898922593605,-1.6086539564710196,-0.837083612328585,-0.09295166216528622,0.7232270791023513,0.18556905737993368,0.9264606297159965,0.306043418127519
0,1.08616339819892,0.3262528843207887,2.214656259299082,0.8866770248747796,-0.2724347539361995,-0.1333428038169383,-0.7623233429699281,1.074255634581958,-2.4969829203666607,0.10258860091741306,0.38761552061725923,-0.991996630846474,1.1049722415154999,-0.1340265136831737,1.9703183024182618,-1.217042075553628,-0.24132621528931333,-0.4545688169172208,2,-0.13389936474433473,0.46822009204557824,1.0694532130591736,-0.040426008475778485,-0.1964075587082821,-0.19332923199684215,-0.23369269778566304,-0.37327046730428326
0,1.5813477022644569,0.19920325465072103,1.4533966626470982,0.6191124223137773,0.13689217384443164,-1.0226423925062937,-1.573179780968142,0.2844277806587241,-0.40441453632400687,0.8117030028979129,0.30348813136978614,0.28583568760048245,-1.78526162662461,-0.6978427164714778,-0.6175265968883299,-0.595533327483607,0.14003884054684898,-0.025777724110226073,1,0.2657410719577917,1.2294021052184259,0.08428125176510187,-0.026183496237380036,0.17440319401360904,-2.4733572105614225,0.5455617301510397,-0.10953600715913459
0,-1.5554424405077496,1.5680187034939603,-0.6664964109875908,-0.9281595032865799,-0.18128150831023848,-0.6310098224128976,-1.6525301701745012,-0.01658077327480717,-0.04719349963654901,-1.147355471795573,-0.33822614812500645,-0.4610403745865095,-0.19635858616236845,-0.9515906393493269,-0.11350723017148046,-1.5603169615553907,-0.044928607778929486,-0.24272504728940264,2,-0.07702118583340609,-1.4771804306079108,1.1642370986543287,-0.13470131996769885,-0.10020733553295022,-1.5310437154651773,-0.5434439538604807,-1.4849573589553966
0,1.8688085884672134,-2.109946792743413,0.26244097040656705,-0.5841634178622946,1.077763703555517,-0.42243412594565677,0.8193930770716401,-0.0956962984112425,-1.3456977612477545,1.1813940145147077,0.9234693327831904,-0.4117775720009719,0.840435785808769,0.6158174939378589,-0.5306405092872394,-0.6839991994164605,-0.6157096956239316,0.4794696878735977,1,-1.2680327778967648,-0.09355821769431993,0.8810219291788934,0.2706478734123877,0.6529856161766999,-0.2825188990413594,0.3968056136797443,-0.9127949543628872
0,0.4096982959189467,0.16212622182328207,-0.6283242201622782,0.4957119910627538,-0.8454826401846051,-1.2625130708569237,0.6110241762414028,-1.299029667548215,0.4439893628286127,0.37427225174850476,-0.5108679946306595,0.5486865583054965,0.04107022200028865,-0.8769175141481758,0.800690883099928,-1.6830084002501504,-0.5019503470985587,-0.23793633676830317,1,-0.5438292089025706,-0.10205773572489951,0.9825380300681832,0.0197119656499804,0.9248659618347836,-0.20515399518530747,0.012472343578514122,0.7559355126887262
0,0.23819892983748894,-1.4580218067228876,-1.054476277062646,-2.4161549756560636,0.8275478561830759,-0.638743451013879,0.6587795951583615,-0.11278377709999332,-2.1187716321541674,0.4832673039301566,1.2293596214195839,-0.4515224236882043,-0.14027353914232066,0.21249762849104964,-0.05015656162201956,-0.9986486943676134,-0.4180934319221377,-0.3122334674895585,1,-0.326268169470079,-0.7354943548324058,-0.5754865201586432,-0.005525464828365509,0.3247872243657769,0.02446014704978583,0.23663700220347025,0.488415826358076
0,1.1399581521236484,-1.4044018671747456,0.1526721994275605,0.8251407608623706,1.1064583786061977,0.9319692656201533,0.9948264303781348,1.8344917796780436,-2.475010314176081,0.5826469893509335,0.7719910142380357,-0.6977309815859587,-0.20901392028870608,0.600862973134608,2.6397236101852517,-0.626591524810981,-0.41828755422736286,-0.17500131543352748,2,1.362423518396182,-0.5274265825348083,0.22443810586279012,0.049805758044971116,-0.20954126904302114,-0.12009142815386516,1.0008468946751738,-1.718526441681961
0,0.24416964661727322,0.40818609652567306,1.6003413574572511,2.01061468696276,-0.49764793863711965,-1.0751225306648529,-1.499627113557412,0.265615502512358,0.18389356359162928,0.10054149621561437,-0.42494750935244885,0.7174669120799466,-0.15317587153282902,-0.3033764148123349,-0.40327596955736594,-0.3459471247681838,-0.10001442220703913,-0.4227374245231394,1,-0.38472443045662486,-0.23653872711680335,0.5743485944954573,0.04268674387064671,-0.4338703217738512,-0.07319384514801408,-0.17477553471927726,1.8890196812032116
0,-1.1560287657389359,0.4819849360716435,2.1327318644745636,-0.8593849593852523,-0.6778382903325708,-1.1021575180189918,-1.9708841551985254,1.3808293926377657,1.6992568775014907,-1.0914229600426486,-1.1986731789510703,-0.059000675155286925,0.05428824159251572,-1.0921214484109076,2.014457654839149,-0.8826884723549022,0.8335600707001924,-0.26098107235465656,2,-0.6622614541074185,-0.5553822581279059,0.029774561856611037,0.02549926335849355,-0.35923940744215255,0.5674989003894617,-0.4313006357650129,-0.0246769329001596
0,-0.4793408607537198,0.022631554575855084,-1.010786307108631,0.1163086720269065,-0.11112659264614455,0.24474254823527197,0.6298507841326642,-0.20071041889425106,1.4352272059305082,0.7122431128629161,-0.22162768852573933,-0.9213699655705525,-0.5748764863814773,-1.085950383967309,1.0070793998235257,-1.2556741765180761,-0.28948964047062686,1.8952181379935813,1,-0.5023746424350475,-0.2487329165150447,-0.7581576880407267,-0.1188750856337766,-0.24030247887332393,-0.5672512805966077,0.23734505032368716,0.5067095522546582
0,1.7143052036902102,0.2035283455648208,-1.9604758847017223,0.44921091534378466,-0.4993899053511052,0.5759032348208093,0.9261165631918427,0.20825591259909293,1.1737553326388819,-0.05777316075690596,0.13541734879253528,0.27997566598982704,-1.1336847231293736,0.39253848126036206,-0.7990786917266036,0.8552601692858512,-0.23394908492644584,-0.1190505625228507,1,-0.5131925882178565,-0.3197863502610654,0.745775290059276,-0.06599809264185252,0.5687267982356792,0.8049834054078112,2.972424160632418,-1.0228216082236803
0,0.1414893432248121,0.07926831114163635,-0.9462265376544869,-0.33844951398957696,-0.4684129607404428,-0.154332406642303,0.6677488621081387,0.18893555246249394,-0.4095667707058534,0.018090399159555126,-0.21880944032452987,-0.010425912622741396,-0.8306136824999639,-0.5320480175641529,0.14032239497573196,-0.8576339082485491,-0.37780267073688556,0.03639248650156388,1,-0.5586983971087552,-0.14761374666785598,1.0670439726241867,0.1387056189871827,0.18983689880303245,-0.47996517799745103,-0.10698637323299776,0.4807893080410919
1,2.0890112834307875,-3.616255132001755,-2.418582516738971,-2.1088314271834925,3.077162393702433,1.6786185247871712,1.1191835243137078,1.7217619128179171,-2.430137929771611,2.1808599467618173,-0.12399901712792345,0.48785913381346774,5.125630976518435,0.5012954491730413,2.3011167965526953,-0.553162992017995,-0.6399147964657823,0.4474489739504496,2,-0.43662223433748504,0.05035071784707745,-0.1527297687085475,0.06697038038613606,1.2378787569987728,-2.1051024520239294,-0.7102355369030904,-1.4536763393892993
0,0.6756992378219078,-3.5012559780670265,-0.8112172819920594,-1.2148071693078315,-0.4249642719584129,-0.46655538618165027,0.5545725224850553,-0.689077968597416,-0.5503391494678066,0.11472473375908479,-0.0047956694288301405,-0.03989850153656779,-0.17354700549008112,-0.6341901950336574,-0.10398520918007714,-1.0312015015318057,-0.10659755992413768,-0.12607587540628165,1,-0.2260022595590186,0.8618819619026747,5.371702273546431,-0.037694879027473004,-0.8759676873228661,-0.9187059212030755,-0.7611292864780429,0.6551405061518797
0,0.23185160498060192,-3.20724156366352,-0.897978536197702,0.94261930004463,-0.4629584714413001,-0.8398490337858653,0.8688799440361658,-1.2463439223873438,-0.9984158421891733,-0.1834481894263047,-0.03777862104645417,0.964088307727762,2.615374071091916,0.3405558926179294,0.5856122725267906,-0.8697480860315815,-0.5985048732208398,0.0765393639317026,1,-0.03934877844790313,-0.254693526418148,0.890019156205294,-0.08029167906266617,-0.4818190542589118,0.30062832600859607,-0.6136842394551228,0.06727522201660635
0,-0.10842712474807999,0.753816834574313,0.9205702535843099,1.7066772231151472,-0.9426684373697066,-1.047564155793685,-1.32671056526851,0.49879358936867346,1.223264710353401,-0.2432709999166447,-0.7831219580494664,0.34970898019231117,0.638847636843081,-0.5078783809229768,0.9265733237295517,0.8340574138864678,0.5194252517919623,-0.27909669176503793,2,0.3903062212746686,-1.0456312820298301,-0.7701520789193625,0.041478523541083986,-0.33930948291162777,-2.878208074526071,0.5405781298915584,0.5219233388349916
0,2.24867707487614,-0.7832887354395317,-2.505772307116593,-2.4647734238814056,1.045873269499514,-0.6819523522542015,0.5844999572675893,1.40513382640208,-1.0807359482230856,0.3862072326474853,1.3610424825146874,0.7943974933022673,-1.5696864341294163,-0.008071168044241211,-1.2632139138205025,-1.5128539221483766,-0.65175997996054,1.374561268918599,1,0.933727967377366,-0.21974688643047768,-0.7608353801641308,-0.05836608560099659,1.922462096106972,0.8825391882479883,3.987981326261077,1.9081843752987027
0,0.5199630158024013,-0.023999967091824143,-0.5887125277852376,-2.045271675493579,0.047439247871509105,-0.40004926990711437,-2.4248859716446822,2.8101206472074693,-0.8970178172948146,0.9049321379044539,0.3280050622825461,0.3066693560862701,-0.8395164918824947,0.24878599495278272,-0.06020069857721744,-0.27704151793683096,-0.49327136516215464,-0.04525255583852794,1,-0.18254513958539864,-0.3210417895477159,-0.6951328550061432,-0.01239599846484147,1.0697221949554463,-0.9136583704660175,2.721758239351986,0.9091887439016074
0,1.6438078768131597,-1.5103176687018702,0.16925400867402407,1.4893676244078167,0.07330113394309318,-0.5551220263734415,0.6836417876417787,-0.3315321834107887,-4.205250074589804,-0.3195383068330301,0.23736425235149472,-0.0016646304600704508,0.2498549172712653,-0.5371397630612541,1.3230883831124138,-0.33020171011460364,-0.65175997996054,-0.14370328962306256,2,0.7349708387787613,-0.09778049538092565,0.19739763785241107,-0.021523365120345105,0.06240300756155798,-0.2758116988479035,-0.08770416867159783,0.15663705593498958
0,-0.9641233226930546,0.6678161143468715,0.3725081345878418,0.6311445435176645,0.1186201087999409,-0.32900016782078,-1.367867074567646,0.48134668085966564,0.9648695532846839,-1.0646252589606093,-0.706692590231087,0.969193014998105,0.9590217810375454,-0.7683309590644316,0.1736226927198392,-1.0602942872477181,0.5447052515552963,-0.2168860217162615,2,0.19079860392540823,-5.510307018406975,0.777933737730158,-0.041028511623092345,0.3531267447890515,-0.16849951658193313,-0.5148150797575546,0.8686092685537887
0,-0.11506094656290983,1.4250513784270908,0.47976641135258713,2.1435907837798993,-0.37301808235603157,-0.1839769946107681,-0.9714570969072461,0.33965944954386446,-0.24630895700650485,-0.2895230786885109,-0.2852071507964383,-0.034268217733691625,0.5120788532409913,-0.9880357183118154,-0.5325603951504146,0.5001622993800585,-0.46816979240250334,-0.1889275154732411,2,-1.0564170910724442,0.21550240659783837,-0.2667521499404211,-0.13858845242106,-0.9437488148527525,-1.9808752910027176,-0.8777969742397912,0.40865966595208814
0,0.11742220008153637,0.8117301483044757,0.22696667476650562,0.7452006902865203,-0.8606560446528155,-0.5568197275672286,0.439154960949669,1.337790814137401,-0.9911644208722201,-0.5581935079071786,0.1714441283541892,0.3152703630950708,-0.031078952541827132,0.04603588808291406,-0.01928522408229738,-1.301858523564254,0.5485058869314781,-0.4411778814122217,1,0.06775909507831407,0.7664493570650157,1.008554104436453,0.004995620559499633,-0.8067636030256918,-0.33952411568265506,-0.21718556261613825,0.8400967523210541
0,1.6133087691522765,-0.40119517880648253,1.1018783600008364,-1.3183581565466258,-0.24548218227135948,0.44479220705948175,0.9468067969291347,1.232421851801336,-0.6995321330253363,1.3303963165862351,-0.7755381109563292,-0.03186500041402821,-1.7751112256034003,0.8270984107400792,0.1351977580532917,-0.026520192331541126,-0.35835251120476497,-0.11204045711006169,1,-0.7982386669333463,-2.044919647632577,-0.7728575210052612,0.18600190932348803,-0.42056709422979016,0.18447896828138172,-0.41327176127002435,-0.5614066587387796
0,1.0767742400982676,-0.47334836102819494,-0.7703234502677774,1.3781593227801985,-0.7583161927574291,-1.2025863936564571,0.6987867739234188,-1.6036749678645226,0.08348321589265434,-0.01860001695088226,-0.46348492867957536,-0.5718335475031981,-1.0228937293160587,-0.2156034644482105,-0.7226704791857065,-0.37182451353742096,-0.65175997996054,-0.5911809262911456,1,-0.8027845834002207,-0.6000776528697709,-0.837083612328585,-0.13858845242106,0.25321606125111373,-0.5420203663675084,-0.5327986716747969,-1.1919497943990065
0,0.5660892435642461,-3.068890407808241,-0.5229361667615936,0.6709157212463269,0.1969003166627291,-0.3000130008949989,0.7181063969798849,0.5911037881863664,0.9601461423153332,-0.0520512472397322,0.44812230193633357,0.35749624659305707,-0.8508999287594159,-1.213136869636531,-0.44540352367381264,1.2089465844272518,-0.41771908290262527,-0.21571992415959673,1,-1.1063760081272411,0.6460534256380241,-0.4790578822879411,-0.13858845242106,-0.19163717502031213,0.5743205062588203,0.11292126511903564,1.529830037515778
0,1.347410378323835,0.717413949451007,0.43256318280718303,0.29788172259504786,-0.16916674857833716,-0.9701638845393812,0.7707283693265584,1.0844715615806946,-0.48807145953966585,0.18095318055751328,0.006037668776017802,-0.002280931163581662,-0.9973179717864827,0.4894088932262372,-0.7329082463446778,0.3702121911267391,-0.65175997996054,-0.17477221720855118,1,-0.2951707937911295,0.7357216302027646,-0.5186751372850024,0.009040146475717797,1.6869778464764993,-0.817965281123333,1.0156890770485123,1.0604950590854165
0,0.38865390164009106,-0.6030054875419675,0.08867358037077983,0.2948476548034822,0.09554912192083115,0.33715147285494484,-1.430401256713717,2.0723736251840563,-1.2089653414913086,0.19679768152079757,0.8658026865577506,0.8383494882496765,0.8322453322998349,-0.3798529396311412,2.5360204006943947,0.027548061280645575,-0.39170369478392236,0.8872494053468059,2,-1.190189671644118,-0.009050505058691094,-0.38551591230360904,0.13564781493841416,-0.05325751102842469,0.9299395657604037,1.2871375807932859,-0.3485192222007431
0,-1.9531197001150078,0.3573173284485086,0.3778509609392627,-0.9770945447112316,-0.1430101508491,-0.8224476890961911,0.50310200888297,0.3240833207279581,0.07615890553685341,-0.8159845462158337,-0.2469209552015366,1.198843405807774,0.1143869972038496,-0.28371658705100644,1.8945350903449039,-1.0149280865407362,-0.07397597095511926,-0.39542195940370645,2,-0.13781425497615296,-1.5516422740206215,1.0315761636722178,0.08424691453180473,-0.78259889279173,-2.9421515562075475,-0.24138693714332873,-0.5978942400717882
0,0.4709408120527751,-0.7445941872318367,0.3483652166727919,0.30929798713628626,-0.5865139309010508,-0.8211740747536298,-1.1813758890854122,0.5408319605847987,-1.646339578352775,0.2469881996562654,0.2683012464734168,-0.7914626129676828,1.0926636737925266,0.219612933381577,0.689072060702681,-1.5514848359190498,0.6595321315656458,-0.26931521638401046,2,-1.1593331033627432,0.507446931005617,0.6858627234307761,0.0673148633815846,-0.5129722689299828,-3.0719243852854357,-1.0288509832682706,-0.903193666435941
0,1.0016076019646982,0.3236692241542513,1.1836742436027106,-1.3614005583106001,-0.79848859571063,-0.7586283852510852,0.8684698684116893,0.5947504254767282,0.8130878239214485,-0.17517113743821808,-0.3079584159872599,0.9028441879895606,-1.232399157105583,-0.42222124447653975,-0.8335511257752161,0.5738018621716716,0.5743043017906282,-0.5009499384094984,1,-0.2805332043575252,-0.5021932071881322,-0.7687588147424179,-0.12735744055551598,0.637769089618822,1.0552670970957485,0.27890846854722995,0.8693290406747483
0,0.2189706940868431,-0.14793587054430796,-1.6447521822268132,0.8481326646402195,-0.5061844457410045,-1.100992335652505,0.7034984689659194,-0.07107274434576033,-1.4931133082217338,-0.18619558555318452,0.9798368222390013,-0.7838708217820759,0.10067488154649673,-0.2360185413265629,-1.1424965757486059,-0.7513781106356336,0.1941253683618805,-0.27058746378482,1,-0.7273083422276923,0.5704255241033972,-0.8274724356942997,0.0320334573051425,0.28337619649871437,0.26540667152379405,0.2913592059465321,-0.1897273307158273
0,1.1273862568603277,-1.2180663607004345,-0.37705048798875773,1.914039201541493,0.6923621613272937,-0.17389425143502846,0.7540335306908669,-0.6735525302525222,-2.2878344060192797,0.3828976030130295,-0.5402427459508796,0.49059000917394446,-0.5163796392045807,0.13640574089336732,-0.3648182583594549,0.5001230473679448,0.07469593177524435,-0.3942434666972161,1,-0.6917024370311731,-3.202338268279036,-0.6280841104814148,-0.09795229627002106,0.8196216397292986,0.1702289421346001,0.49411942736357695,2.0113312224065387
0,0.08055151632492824,-0.6347380781016041,-0.1820956240090862,-1.3729762050145786,0.8736150865301988,-0.6690939340014035,-2.478503901086866,1.4544287467918227,-0.6313257657684487,0.10176279440463143,-0.12758205701722417,0.5630637380952208,0.03248391078765844,0.29356807564889986,-0.24585481363691875,0.6657153825458829,0.27479559010871585,-0.4129908249773709,2,0.1081350043968512,-1.9108622994141267,-0.1859145846598163,-0.024823193035287384,-0.5382015546267676,0.012128694437530063,-0.587890861354552,-0.18842167174856117
0,-0.3340071874875893,0.40506153056279887,0.25783050065620144,-0.24520044132916458,0.04306909182503409,-0.6715687398901264,-2.341702778314439,0.18439125038375603,-2.2481559372594893,-0.601570665500883,0.11206041012764695,-0.3194216240643097,-0.017284358090979612,-0.8259733450919546,-0.6712654639677977,-0.5710880672807325,-0.32773473181467544,-0.5657394225277397,2,1.1298398128481806,0.009338522762387919,0.2348833637136513,-0.05070426682835996,0.48242420268315833,0.06490636119704027,0.06617902641029527,0.7907866503168509
0,1.5604400524207276,0.6392176129113626,0.37623905281684805,0.5105545874000933,-0.28123543871979817,0.011855308652714447,-1.0706730116127743,1.3345833394757742,-1.201846191209461,-0.20466923524108738,-0.0008795117510968509,1.4001521408902775,-0.35067757662983534,-0.1849357278376438,-0.314077149794628,-0.16739931331626312,-0.5132585505694118,-0.24477232363037993,1,-1.3251077072057669,-3.022921823180259,-0.11151761236044422,0.09155154645671718,0.26064270937047174,0.6822933215357175,-0.3955944359626786,1.6556184280909467
0,-0.4498607826655049,0.7370417825995935,0.27804246714515296,1.3601413079589901,0.10335554591354917,-0.5611542985515378,0.6955163123745876,-0.14787989645739189,-1.9807191659853163,-0.3992167002041628,-0.4422692975358387,-0.5346005271699488,1.160496397632115,-0.5068672682841714,-0.9194018080007893,0.677936501665896,-0.45853540273088805,-0.3053328276253422,2,-0.7396268861957287,0.24667293903287385,-0.5165159113581897,-0.05011008546000002,0.33768751527376895,0.2841700984329229,0.40427325267902847,-0.08028645384816306
0,0.4586040136668283,-1.2194819383840088,2.3720788197347433,0.34232506962355586,0.9062607653085308,-1.1931073230514628,-0.7171238246970044,0.6953313648163404,-0.33217811664248137,0.5161315120447415,-0.02121059905715955,0.29515385579429815,-1.4893074934662716,0.3451280681101728,1.2631279238688142,-0.7816667000327105,-0.08424183579843368,-0.5705619813425935,2,-0.18312394496004936,1.034292615295357,0.35414284703586707,-0.08939411064444645,-0.5000088144629087,-0.3727863459228963,-0.6506235102556828,1.4132224423660844
0,1.5340705263304204,-1.133645782282348,-0.42327517265493364,0.2913373601745883,0.5953335834343341,-0.4137488489333214,-0.9543710800750118,-0.7218169221874168,-2.360121745183407,0.4575077514018112,-0.07862783449667642,0.726422216645253,-0.17589800831568173,0.4587042720148684,0.5290014073745823,-1.1912759931029808,-0.6208271723952363,-0.5875549581809307,1,-0.22040402296221118,-1.3290809529801737,-0.6726811995458457,-0.13858845242106,0.5512843552641968,0.17649376324096705,2.1999200151739426,-0.6818036125356153
0,2.24867707487614,-0.4152286925151064,0.2666190895069262,0.810476428711724,0.5391287820872309,-0.9612379669350388,1.0294453757225481,1.3339964251274503,-2.829612702209592,0.6043901213722943,0.430163785812109,-0.05556314654525335,-1.4327669237537155,0.30543935747014006,0.7875714241042753,-0.8902534969257276,-0.65175997996054,-0.5425590351592879,1,3.91548766482515,-0.30584805069915966,-0.837083612328585,-0.13858845242106,0.4836446717085561,0.27559889376731295,-0.43755494751947455,-1.724035537077925
0,1.117219192282768,-0.6284241792831813,1.3581856061680622,0.08049328152732715,0.04870278441432074,-0.5483844831987119,1.096645901524754,-1.060218709192864,-1.2889073796236719,0.03470223620272406,0.18493258687837877,-1.072734781119979,-1.2966475514115547,0.5079410437413611,-0.6993646306194802,0.6626454891996483,-0.22909832416459922,-0.2069594451347278,1,-0.6214660569656713,0.6611410498071503,1.216736329874477,-0.0801610420596719,1.651696273971925,1.1655065957834596,1.1447008648776948,0.5418334642290779
0,1.0004867511909115,-0.06299741679745724,0.04074628734516439,2.0416527762125947,0.7957271943531369,-0.637042268899745,0.4775170275291355,0.37928808280695003,-0.6846564649383127,0.0948319217592111,1.2301297620962777,-0.48597124046312096,-1.305634530085423,0.5744623768713293,-0.6932998906011525,1.6049442690346365,-0.44182046922582696,0.17728557593368668,1,-0.9817412268169243,-1.75689274980589,-0.3668100157382055,0.011236363216541853,0.17382687938932756,0.26178279205996824,1.2848663514444347,-1.400852936787258
0,-1.3635379038229845,0.033498004301715234,0.316039760684236,0.46878454867213426,-0.07506979036481787,-1.2043589635734406,-0.2522141432846784,-0.6034422773092323,-0.24634499085777622,-0.2733720916040906,0.11560602400512915,-0.057207756081464445,0.9383382112578638,0.6717793790663682,-1.9994638108332896,0.33751166915423536,-0.3936058638468034,-0.20471938160491654,2,-0.8932333338782401,0.3733134874298428,0.04276438934048809,-0.0851576022801045,-0.16722987446270643,-0.3997940661234205,-0.9549267001506798,0.5488216413492009
0,-0.3365214076076848,0.5799817180176889,1.3765739676029207,0.3986194747643085,-0.42559360835350557,-0.04158893401207166,0.9649669084988463,-0.34288118824986086,3.6188873422010404,0.6034894327398647,0.7855524733056044,-0.21621327716062647,0.23612641658122643,0.2853874264328507,-1.0658833540042285,-0.4532795572226527,-0.06623810228184318,-0.23871968235268803,2,-0.3638627937110055,-1.7692826753410524,-0.2032035666146656,0.08255104745856884,-0.6998550735967763,-0.20986952546155463,1.3350297049802347,0.4188460199532271
0,-0.21645424692347182,0.23890249082746956,-1.029103807778618,0.5892813398530824,4.675369027154974,-0.1772307666908738,-1.305851141345547,-1.0473192004450809,-1.2034263391953495,-0.4408822430973097,0.05037804492643999,-0.06067850121981411,-0.25855258917708085,0.5455492271515391,0.16273912811482805,-0.6922482912925907,-0.06074423308653994,-0.3370551013238258,2,-0.6161199552979445,-0.43615898326971725,0.4135328960003643,-0.028027967056882482,-0.8555926596595788,0.9786334738996283,-0.5269767735341998,-1.0324332563575176
0,0.26935384332833145,-0.1922269149751322,1.216956259217457,0.46283635687271685,-0.07647875861482811,-1.1932916041061419,0.6750831253098016,1.5149172063480667,-1.1254727490872238,0.13931288347128662,-0.3466992128693192,0.19615445453172303,-0.7231068771557028,-0.1349553041039408,1.7194721102075488,1.0304298736680646,-0.4315531831902017,-0.3018565570348547,1,-0.013293535477587437,0.36025679297714014,-0.6899426615706781,0.007904284251930987,-0.05842434315564418,0.19264155383459092,-0.8387048651671902,0.10978340148794027
0,0.5514017121702238,0.13997255144971027,1.2555312376122436,0.994890151011784,0.32009873228344965,-0.40437054604750855,0.5083170895639573,0.7195182406387977,-0.3269895899296736,-0.08807239373020855,-0.7413084771721234,-0.009272851034461516,0.18354027990357052,-0.008076724888258724,0.23300515875614358,0.43434598462586527,0.029176387732434722,-0.21407307379077592,2,-0.19060432733924193,-0.03290720373223752,1.3443316681842992,0.13097707978629586,0.2027625840470154,-2.540848419454104,-0.6443646924304225,-0.07066793694741673
0,0.997967549239847,-0.5931059381328976,0.04858766722776675,0.332891343769504,-0.1342247414909596,0.06524883136811621,0.8200891882027577,2.2170640316275882,1.0692446485662175,0.3792644365442498,-0.7460354554028337,0.5456889863051839,-1.618626051396023,0.343657562535907,-0.2692344561375224,-0.7334944283359848,1.240472466560407,-0.2694938980302034,1,0.37497277917122046,-0.319240143938076,-0.3517096590330069,0.04513261512625219,0.020769036423958942,-0.6327722238787693,0.8090201102033237,0.10213538905894431
0,1.283787098222669,-1.051695036607016,-0.11284106671505037,2.2674961735524874,-0.317493610462604,0.1222387137084393,-0.05087416836121317,3.9041732841886243,-1.5031147405980376,-0.0887425732909366,0.03245905139455667,0.019872045522445037,0.6309962120388107,0.1959425553086326,0.5414542513244107,1.4527254712781674,-0.2760557677854114,-0.2900995595346891,2,-1.6050751974641562,-0.9164248814760552,-0.7880662358592689,-0.10179478480209092,-0.5458420085314027,-0.4471192236312681,1.1420161385155192,-0.43965368143883204
0,-0.4044436135615497,0.4484658453287823,-0.14801142024592856,0.9253036132396659,1.7422924938657087,-0.2768160674430172,0.9130696481889877,-0.3224750608943565,-0.187447280416786,0.5302271977129916,-0.06814607796087177,0.04033553538863585,-0.6303146679259235,0.6841780979534887,-0.8812062099715198,0.036711277391724195,0.3067455857527232,-0.12836604574458582,1,-1.0788755811756316,-0.3718008817728422,-0.489067768908384,-0.09572809402259683,-0.4987553069116889,0.1284559336207487,-0.3651385936942941,-1.10452831100049
0,2.24867707487614,-1.2771726250937445,-1.983054343219629,-1.575173491100888,2.6610917878253666,-0.3646597255249751,0.6404606974260076,-1.0176719121774525,-1.642472722710824,0.7488502775648882,0.5824572993856212,1.0501545495536795,-1.6630983048016836,0.5689055070601152,-0.4655176763428338,-1.3011968334605168,-0.5454794550433697,0.13606633281013153,1,-0.17152822136641838,0.08539378814581444,-0.2727559104134485,0.012400621107024293,0.6744030722004813,-0.3821168774846229,2.3776197340016925,-1.26813334463468
0,2.232826867606125,-2.482029355246807,-2.1168555471723622,-2.4808322439396036,-0.5085991106502508,-0.7992191250884727,0.6767895299317725,0.05961122985009434,-2.213967157813755,0.8802209190829964,0.7587131921838556,-0.30700164387573603,-1.5377872990375079,0.9254438073914277,-1.4472555258931659,-0.14341884708702599,-0.6344635433856604,-0.10002689968022177,1,1.2764046204430597,-1.05759414595955,0.5936711762875764,-0.02145426522124652,2.061672987625501,0.0712746372786037,10.635342778530042,0.29553401517251526
0,0.023496714144226827,0.3410176927886055,0.7659961327937768,0.45073657098489733,-0.20673121314631493,-0.17651274459589955,0.8978545482505784,0.04728218129544287,-0.08988877957150054,-0.8463857666263747,-0.620107587735576,-0.006445746392838736,-0.42428492784564653,-0.6495790747426544,0.7441116741171045,-1.200318798434634,0.2872600832982063,-0.14262003628257577,2,-0.6798534292834666,-0.7190971581709079,0.43930179272302194,-0.0377107733132319,-0.04937181443454586,-0.7080085234396181,-0.17773839945743306,-1.126377584118867
0,0.35708969672770696,-2.0044060170311804,-1.489334946697559,0.13015693871068246,1.9590207329081548,0.7537717990315849,0.7470707217795018,-0.3000523575421289,-1.0205088316547657,0.45926427476229437,0.12598433751615123,-0.055048957883830074,-1.2953610339038042,-0.11155881873061105,1.2769656105072626,0.4044743660871013,-0.12588866912705426,-0.10169874293644166,1,-0.5696482901442003,0.24486809850516683,-0.837083612328585,-0.04406656325614477,0.7192224008684809,0.10561295521345024,0.9160043288083883,0.4616616471226739
0,0.2707893027979491,-1.484568823072669,0.4976058812361566,-0.012162511130280551,-0.23386494888092652,-0.2543582192497157,0.9353452572840825,0.19420781836809842,-2.0583331868535493,-0.23089933375963226,0.3993605726909383,0.6017321374092428,-1.78526162662461,0.42698752767481807,-0.07678532469847321,0.595236912105726,2.211477232919158,0.27767508919400635,1,-1.163395114957932,0.4456145486556713,-0.5546588671255865,0.1021824436583629,0.05398570938815918,0.07458429218078022,1.349724993535284,-0.4741975757302741
0,1.5346827555868112,-1.923766411485649,-1.8804125859403178,0.39442221215592366,-0.3251240661945024,7.884912201673044,0.8131560914963458,2.0049740312600353,2.5236792146204015,-0.12673365881401558,-0.3092794343346149,0.4820405290140215,1.0913042066873035,-0.33584482456524933,-0.34772106281629434,0.8567377483108283,-0.6083436759866703,-0.3932414924378786,1,-1.2347814383475826,-0.0029636167121429025,-0.837083612328585,-0.13858845242106,0.14550831319886837,-0.4526714695738092,0.12918374128025012,1.539068534467544
0,-0.7467471278295885,-0.3736036119751123,0.9254831055321758,-0.3566037119287324,-0.3443906640154444,-1.0605841055660823,-1.5991755454817702,2.040958383530904,0.12794658966135608,-0.07495132437813368,0.08867813870498209,-0.003947106050510629,0.459268759621703,-0.25915625065955883,-0.18136140313366067,1.2016241107663153,-0.05323359275245121,-0.5441111993563825,2,0.6831961149812202,3.8301054078568573,1.0610786785983022,0.042852720328379876,-0.48172896574204827,0.6585507324141878,-0.5207120012807681,1.3288951106089395
0,0.5340010093256542,0.18397027303383073,0.4713109296719242,-0.17381875659187762,0.06887973745327791,-0.48745029460030287,-1.6745303246500047,0.6526989516553452,1.8356114026596861,-0.3064075517819125,0.08512205586150623,0.6105831881830535,-0.2105952043928241,-0.4615811279523044,0.18828666806229008,-0.3737154532482306,-0.45619722484480246,0.43510728989386593,1,-0.751562604177664,0.059727870834133695,-0.14786970236661373,0.10321356658191361,-0.4229320561985761,-1.2553346306408935,0.3726005242801538,-0.30962011646040133
0,-0.08971023739522782,0.710203051648259,0.8734188233911857,1.624979948103348,-0.6513769773469463,-0.7579404707089371,-1.0197468754968317,0.44547497828191174,0.34999389381970425,0.13102515292640338,0.043419335704208306,0.5716417650692482,0.9434681264429965,-0.2169831830263778,-0.3845116650682627,-0.8491457105018821,-0.38608645162183775,-0.3038973087142781,2,0.8130129528892578,-0.36609225648005983,-0.33594208124233077,-0.04547807987202874,-0.49973596577333823,-3.1381331507881995,0.23531641618123386,0.4660195633096841
0,1.6852277168517666,-0.08058553766735782,0.9258355903300735,-1.0573840167352673,-0.13111961790032545,-0.13952968224000828,0.3744857637690932,-0.6653124954272738,-1.0201158899041904,0.24087595123526895,-0.6756445764098593,-0.23290707504452124,-1.1788507067219813,0.2416194903866528,2.773497913572962,-3.242110447957871,-0.6144829437501502,0.1470764211764352,1,-0.49716151407950954,0.33609294223619823,-0.42464659921266196,-0.09886333146486824,1.1263021696378182,-0.3799050645962172,-0.296569532930003,-1.2301243901407
0,0.45966455059200917,0.06463390705769212,-0.5979071416148599,0.37271878637258926,-0.26088987799521257,-0.6360422647924368,1.0335809397280078,1.7016468926031856,-1.11292461652236,-0.0701257719755996,-0.26416399753279196,0.5584769220351422,1.544082440813047,-1.2985571844315489,0.3844790426771955,-1.4340751380230987,-0.2137898516117311,-0.1194859643179351,2,-1.379212749431204,-0.22951122686805422,-0.7747319861067603,-0.039719379180648384,-0.5623430850055746,-0.08445190906316538,-0.05019333612215965,-0.6344760831128888
0,1.6983982266264894,2.031883201153993,-0.5637597258225058,-1.8815743936848237,-0.6715205787535119,0.7549884414541571,0.6883011211617955,-0.029873539636740887,0.12028503008551272,0.5327902131839515,0.16302899414140892,0.033732006576014884,0.7974514729524249,0.27097173211255476,0.2952857087709253,-0.546763509314521,0.4391728855621446,-0.4182903901748435,2,-0.45528394704263725,-1.3341911979280277,-0.2206392645734291,0.15433264441054667,0.29494384106947996,0.49066678190064683,0.149568770752587,0.16951223925296358
0,0.12210194777626934,-0.3610217745700357,-0.22296932158090982,-1.0092845099162884,-0.03637812505329513,-0.5091204990883972,0.43313430137175496,-0.11676829292236368,-1.6777077326205991,-0.2304714213292126,-1.1537626978075841,0.17071609261064297,0.5829378231099651,-0.005169724355598593,1.0284384314309019,0.1465830583628725,-0.65175997996054,-0.0038367158275622315,1,0.1220916193121964,-0.9458282185754792,0.09376263691286768,-0.13858845242106,1.7642486392446206,-1.0710149517046001,-1.21975314077183,-1.9012108449024323
0,2.2076719313557565,-1.0457145019493657,0.03682358292421306,0.4173642627642633,-0.1146232699719466,-0.8466348160953912,0.7421779543887035,1.5544619116389042,-2.097145390638048,1.3353038299977578,0.8126822241158989,0.5892824518421151,-1.585174717082898,0.01286293209788772,-0.0846576978127172,0.8868981793072533,-0.65175997996054,-0.014024107769594174,1,-0.7460804927484778,0.549846114131665,-0.8068165016257016,-0.05361890688917099,0.19545988969642947,0.05203915912861368,0.7473126739123093,0.8928268114803737
0,0.4445213705498017,-0.28990153118480444,-1.1898612501862322,-0.24302946647396229,-0.3813647833921545,-0.7100801368736898,0.9057947380382358,0.6854383594339011,0.39986564086109166,-0.5255659609257524,-0.5898259340781008,0.7870353046654598,-1.5723829739742663,0.04908651003628617,0.09007976729011657,-0.9707171370271911,-0.65175997996054,1.3914284464697015,1,0.03033155750764646,-1.1950419708985374,0.7558101178949245,-0.01712324543386528,0.8413713398806317,-0.653939083141504,1.6724037897897293,-0.4259168830589054
0,-0.41347974579045954,1.2070943688673847,0.8307713503476504,1.5857413879634252,-0.5007267878608216,-0.838111511103376,-1.3441065365683076,0.8431331262454925,0.5306252161620069,-0.008501518199631686,-0.3766083761076011,0.5789273783048945,-1.120149148252147,-0.4420069967076544,-1.5228262540009534,0.12722298480554067,0.10863894173315303,-0.4679998522610604,2,0.25776098037192074,-1.6646270458935808,0.5744224310264824,-0.061122020780241364,-0.10135890826314894,-0.42564562973708003,-0.49046198272100255,-0.5790794399946274
0,-1.8634622741580196,1.3349747679963526,-2.018142069951161,-0.9420085863267714,0.22090144932599298,-0.06318107993335476,0.5313581519983418,0.2249063198854413,-1.7815245025457074,0.9882977199859604,0.3615449770760272,-1.4765076416691314,0.158592217788801,-0.7198139584743094,-0.7001260444588918,-0.7610233761185392,-0.2084406313505031,-0.3241698424291292,2,-0.021550303941461568,-5.041111064098366,0.8492346394458955,0.06529920836258417,0.05507363201662169,-1.4122268415271355,-0.6237903293560761,-2.310184777316461
0,-0.14650967660118033,-3.037125850210722,0.022752867609805667,-0.827320618134329,-0.166086116940839,-0.8505844038364683,-1.2458754637180025,0.5614280915178547,-0.5677895477693766,0.8765980906908047,-0.1925825257909925,0.9408603643764036,1.770229676675923,-0.4958443032695892,1.6352011760784324,-2.860283573227307,0.736019928855487,-0.08249694828243848,2,-1.6907175341619571,0.7396230285692593,-0.25638435138023546,-0.045582893410189534,-0.6009767201160838,-1.2753176959940098,-0.640972347240142,-0.6114231817349968
0,0.8008598269770679,-0.2397729705759638,1.5236439526476142,1.9809672639592495,-0.48766853452968184,-0.6202837780402997,-0.9481690189538701,1.19975517023427,-1.8274475688574032,-0.07175182040229014,-0.3771926812186727,-0.37825985163413417,-0.04089391512003082,-0.3071884955536611,0.30859196107660425,-1.5722326529722022,-0.5930315379589433,-0.2626977539437822,1,-0.06177248024741633,-0.04672805127645008,-0.3836427469685095,-0.045034010890941584,-0.19629574216114745,-1.6531786411396914,0.4393927878424295,-0.028177361078338098
0,0.40950761818952774,0.03139165358337537,-2.2213010109766755,1.2370253216495353,-0.05245117577745545,-0.487666427140841,0.9062261673598762,0.21146571863648733,-1.036342155786562,-0.021102299622953014,2.058431189256755,-0.20434433210990963,-1.100563003775803,-0.118195899007534,0.27285963660265666,-0.7679419322186203,-0.35091136112960314,-0.0049462526424976505,2,-0.8532065280060899,-0.06221483741879785,-0.6722702429080394,-0.09514317035411785,-0.07092542987924458,-0.5942243094282249,-0.19986544999394218,-0.5950609975358614
0,0.8775225099954456,0.2803371723499961,0.12379691718544095,1.3409864864113685,-0.10074162924329419,-0.6401837956422277,0.8832911857199898,-0.324533061462698,-1.4549164634641372,-0.0754681007623462,-0.7056744027148523,-0.1617633033708406,0.08178981622216408,-0.1510913296659965,0.06941360265892682,0.2028586880327985,-0.5923984695114533,-0.015485850441483429,1,1.3013077797741794,-0.22774804827547898,-0.837083612328585,-0.0048603981510315225,0.2544847884203457,-0.4549534777979215,0.5392278337430462,0.31544722145036974
0,0.5360119511711416,-0.39938864947828284,-0.27245229465285326,0.48503321808929556,-0.04878537841226166,1.77985742178689,0.5449323675461891,0.06452467040979037,-2.0101451131969954,-0.03785467411640148,-0.38905126858574085,-0.31707224129232847,-1.0738731500633227,1.9758802800828068,-0.2154039091460384,-0.8410630476839389,-0.13212319844669368,-0.21535476646384716,1,0.5571505726603501,-0.6695725207744291,0.05252829943820092,-0.0031616356611388827,0.2849685448755124,0.863436075280282,-0.10180233304686168,0.549387656287001
0,0.23315616009091386,-0.017904411453186636,-2.02259773308541,-0.727907038402901,-0.7191831607512186,-1.1458640761374692,0.7474603541539175,3.3463680107858194,-1.4577251474690593,0.839668810440172,-0.5422121358721241,0.6305001948944313,-1.3273934593458847,0.056153064385570606,-0.9136835037859505,0.13325323230920427,-0.65175997996054,-0.43547044562426324,1,-0.5126931571751219,-0.10760897164375771,-0.8279231124472146,-0.13099420230541137,1.0899270650345778,-0.0844038371931119,1.7180324392017745,1.1615759750849095
0,0.8599976018299509,-2.682134797541926,-0.9579349644069954,0.07380041670718107,1.580381997094383,0.44925045256963514,0.5477661495146432,1.1285369579100528,-0.02437439694367849,1.553168436953172,-0.06429138890748314,0.0752563375371938,3.2563854999979815,0.6903620702399473,-0.61121648718745,-0.1662193308609093,-0.65175997996054,-0.35315832138587966,1,-0.3714626259667675,-0.6183988849231322,-0.837083612328585,0.030024928609690887,-0.5762185397615741,0.7181830899538737,0.3654114694328056,-2.137891394832861
0,2.0965643944245183,-0.6133101204321036,0.5225916544167746,0.8886499163655968,3.3437501142244273,-0.3863185079194825,-0.917090444330079,-0.11689674134970873,0.5445763859857733,0.17671958886056546,-0.6071683378973761,-0.39374153268607437,-0.007173061242038772,-0.3603539230194352,-0.4472444937211871,-0.4270084504427518,-0.65175997996054,-0.2353443000063539,1,0.8840819948394159,-0.23089717952767916,-0.5973818829593651,-0.13207073852465573,-0.0896539416114232,-2.1125307341332893,-0.39456170957023695,-0.6476871031524896
0,1.0966710810079165,0.19976506865487942,0.3746820180581467,1.5559711490464543,-0.6312671913160458,-0.8975919648546025,-0.08899679150572859,0.754161354771171,-2.570085368238371,0.044300390414698465,0.5557987515475845,0.12418726441004752,0.4462842345570286,0.3906295783726279,-0.39798485397013195,0.5377780930228816,-0.1010506991619477,0.012003727957692889,2,-0.8118863704736058,-1.1350662132368585,-0.20564056930191343,-0.0020915729199667207,-0.7997824267870915,-2.814002185239427,-0.228589613052441,1.5110255525262954
0,-1.2261395153734629,-1.17423228763254,-0.07382565731783769,1.4001309992159272,-0.4653031072719542,-0.2894249467228145,-0.5268644002979563,0.46551411802746684,0.8798037913365968,1.0339560910486338,0.41989874956740536,-0.5236149919389428,1.237266018580451,1.1086079998177651,0.81180231472802,0.3308031021712464,0.9133157917692478,-0.11580048509651147,2,-0.38475294763629364,0.4939072274845223,-0.355653075251792,0.05484463541814163,-1.09095311408826,-0.4138535212608546,-1.0163562974953626,-0.74838973986461
0,0.48860623899992417,-0.29810156784849595,-0.2267088616751132,0.3452784651093447,0.6976544353682423,-2.07607465658366,0.7168470710653781,1.1100962866482935,-2.100931802342448,0.5287599843788372,-0.4048709910732123,0.6381471317922824,-1.7253971992103598,-1.1722348659570867,-0.5814455274675001,-0.51700082836585,-0.65175997996054,-0.35391664729737643,1,-0.30410820206859634,0.8723483661739992,-0.6430295279326301,-0.03273616938869765,1.8337098648755288,0.5293145275470782,0.23034583184780372,0.45539870002242366
0,1.592812207479256,-0.3029493568445955,-2.265649396509848,-0.3037823922122444,0.23982627810441715,-0.11566696045932633,0.7130064891661456,1.5027846916086998,-1.389401129547007,0.22501596602751886,-0.6500559528455829,0.6011019197242833,-1.0085683320997252,-0.4729002295618877,-0.34564783012621436,-1.0030464176058675,-0.613916097546243,0.22786572804333316,1,-0.6079127846663898,-0.8392400324646446,-0.2832156368928839,-0.056670160815785575,1.0876248421983377,0.2916792739539227,2.683463737677621,1.7517916846331043
0,-2.0703675530253074,0.14165649785193096,-0.005196705807847852,1.3964789667802333,1.3040235045709427,-0.7222565386434893,0.9170634948830473,1.079743252342433,-0.14297429260267747,-0.17541457420286238,-0.29026988628050654,0.04654924272874805,1.33125591655733,0.14197159435962886,-0.6372354011598942,-0.2550053558357327,-0.3004144232265714,-0.1496674165507682,2,-0.28160025557635004,-0.21220887316412382,0.945087292813022,-0.09582030000143246,-0.05469889959845958,-0.5387390181850544,-0.2636135639696907,-1.3199066057795954
0,-0.8693717021320939,0.3111306586289777,1.2507189343697784,1.0790920443098693,-1.04755576654907,-1.4640420805795815,-1.9014473067892101,-0.24726467400545438,0.1938877738723077,-0.6904827632475576,-0.23304121224003652,0.7173938943424645,0.3049468903455839,-0.48214413317156135,0.39933766830378514,0.3896916183568134,0.11818157978799268,-0.4867891183808648,2,-0.13917475279556354,-0.4543506688280743,1.1051281868773222,-0.011086831149978438,0.0731694834009259,-0.3879230016845117,-0.8187549593337522,0.15128847696240152
0,0.8173217653646913,-0.515556144263873,0.09613601249462389,0.28695184009714875,0.7346453676322943,-0.6480967914945981,0.998454107893579,-0.8150335271791452,0.47001787479409524,1.0062633301003296,0.30124123388943497,2.4929487873179736,-0.521091924682463,-0.13195791611432045,0.3196191915625835,0.5905072760453349,-0.47295802457324104,0.3926288692232339,1,-0.22696985251531937,0.9271855012441642,1.186275996568921,-0.07986698697548066,0.5166057786972429,-0.4185660144653601,0.9597812759321953,0.5289981458717112
0,-0.45222878083467943,0.7493089470978895,1.6168913264189246,0.06838463700224895,-0.68870217818047,-1.3149989300181053,0.1913484465177525,0.21248102804857183,0.20562432624879246,-0.13406553132592028,-0.0806993746859557,0.8185440029631679,0.9296567957133073,0.01134587712733115,0.02265005902796896,0.8498353244468753,1.4844137598578135,-0.2859481737963105,1,-0.9085339457167858,-1.430745655511752,0.5752819946786504,0.1361329768186634,-0.5439078030033209,-2.457633551429627,-0.12815824580826646,1.0293587738748253
0,-0.9113444729016835,-0.43949816408200754,1.811506553843873,0.7297797848903489,-0.12573083977538912,-0.9386573037598156,0.010507298055753067,0.8155543563016968,0.7668059963066924,-0.5868034375538986,-0.4856219179935215,-0.4095393025444777,-0.22649092002365478,-0.849628828072404,0.8242772445902435,0.6664701155740788,-0.0396787110043923,-0.627521562653402,2,0.5320775658538043,0.16122076510175365,2.470043487569816,-0.047784287817813055,-0.44279332425755324,0.014601878342722321,-1.0771914279187726,-0.624874551068862
0,1.5337468792171538,-0.9759962792954815,0.026270697691915035,0.601406835504775,-0.05747501369791497,-0.490318195092436,-1.5303860335891348,0.5727619648881634,-1.6617394520366977,-1.0832314062685533,-0.5729743396393174,-0.32456336018658677,-1.2733904860095855,0.39779228295410507,1.6731387128904922,0.37474286513695765,-0.6362982438075617,-0.4480098397332647,1,0.3914805595515787,0.14324505399548582,-0.05604637545767504,-0.13858845242106,1.8960741201761482,-0.1310468823455143,0.5946000603615691,1.2263842245136276
0,0.31120248402974204,1.7545909376234734,0.0024894520263271103,0.4554734313150769,0.059602584375737976,-0.28598122639288387,-1.1778223104415015,0.22091899564504136,0.6271979745991201,-0.07385854206797467,-0.33906888075881175,-0.28925825311624936,1.6013108350924186,-0.5155902762821708,-0.5678552770956982,-0.5559366464205229,0.29444614012946857,-0.48384009815567974,2,-0.9031888103681673,-0.10531341394557142,2.82898047876205,-0.04145576244128249,-0.6172015050330137,-0.8869077676332809,-0.23652679402965562,1.3149681239630302
0,1.0007733698347367,0.5196080308490245,0.7407216942090562,1.1790128438927163,-1.1487889047822637,-0.9361265907627694,0.47155286469490254,-1.2864720456436953,-0.12345939310999483,-0.28207760724521425,-0.6574568744068296,0.5985479031621872,0.3370562155656066,-0.6105952520228786,2.437534745233779,-0.9485273932351206,-0.4385517896050583,-0.12154950490307917,1,-1.0415181828913997,-1.020534527145664,0.15946769321020127,-0.07138507641139902,0.4912005853794863,-0.0698243831525448,0.4006414587676568,0.8396491912240089
0,2.1846192717836352,-0.9298507915140735,-0.7211182807044083,0.15005230360476332,-0.24736975699662073,1.2001509665283154,0.6587969373228211,0.10807219067747492,-0.05988847493872379,0.19664440687381704,0.16355218941375238,0.5535029400431015,-1.093076721808939,-0.21775841510656815,1.922534088866345,-1.462966993274847,0.14335675413341892,0.6684882987257736,1,0.7195877818982434,-0.9737751102172931,1.3253054438474399,0.04409779058063627,0.045987133521879164,-0.1225763924072572,1.4827263132194932,0.4153602167214695
0,-0.5304506133971193,0.21205014853088322,1.5553632033604348,1.5616119525800243,-0.5458078573814913,-0.3399062737206402,-0.22067602416508492,0.666981146608117,0.5264212215116305,-0.2305355042463293,-0.6792875917545407,0.6056126832588331,-1.326196491644492,-0.259414462851748,0.06480106061993784,0.27888418143253,-0.03934189927260805,-0.2876598963135651,2,-0.49900388188161626,0.885228915885333,-0.8118312188697725,0.04129141132006199,-0.2169657142318504,0.31004271654261134,-0.7445946339126761,0.4217621031659069
0,0.8903285643353017,-0.908798741793686,-0.7432201982847405,0.1739069027202269,-0.43625152783077403,-0.3677736550755777,1.037189185555364,1.7469025975511627,-0.3390139442421134,-0.22095166185135856,-0.627494206033266,0.7576606080780242,-0.8191342456842698,-0.44611120591134135,0.2403110861685358,-2.615807551719068,-0.34056412951258086,-0.06336446783988842,1,-1.8110412175693997,0.6404708773897618,-0.6083294623430479,-0.13858845242106,-0.4340195040362086,-0.4671197890152232,0.49439831723137706,-0.8054966188052144
0,1.2345229660632397,-0.5587232181397552,-0.12132366935338154,1.0149755177540034,-0.20504809495260756,-0.8467331009639127,0.849522050516874,-1.1137264102841282,-2.7683539195220943,1.6759849351168172,0.572291176802299,0.7128987702059493,-0.737185473097335,0.12672850992617524,-0.8574147962717074,-0.39445877119981576,-0.46436836469758863,-0.46096440839621955,1,0.9052018917044558,0.22241940510468006,-0.837083612328585,-0.040470064131097445,-0.13266242018370697,0.49839087208309496,0.3866654434777389,2.00992940868244
0,0.8282655840922253,0.007828083022119126,-1.0480545498998721,0.3896776984056094,-0.28989836666350793,0.5009859688048218,0.5005964320056056,1.1991380005216892,-1.4031703162080966,1.1191448355633542,-0.39268532126218825,0.6799555468714561,1.4057817411025726,-0.04042333843319054,0.014956451621649824,-0.2890980876997911,-0.65175997996054,-0.47389561087033744,1,0.5055139299189273,-0.06329800259150802,1.505890734044724,-0.03346841409268443,0.45239413184696,-0.6082435332877572,-0.18599876925770387,0.5945007287553128
0,0.3337016467800079,-1.313129027910087,0.9315979537047534,1.069812987181741,-0.42194911696699006,-1.309151558806232,0.8288055258113975,2.438645720761471,-1.0693125293050778,-0.8136455405319817,-0.26084123287859756,0.7668176776445363,-0.6491891696887717,-0.43814934672453476,0.21949958328963892,0.1710971089517616,-0.3077453997536507,0.3866903696183631,1,-1.8498847401046463,-0.8622905699071042,-0.837083612328585,-0.015023576159332253,0.7368246190828431,1.0745188554873042,3.942913812222434,-0.7149310236669569
0,-0.2601612004130293,1.041256229345269,-1.8103629993579387,1.4013806764327719,-0.20347075255414698,-0.6892802690159573,0.6110707364704375,-0.17704242415293714,-1.4776705439771125,-0.3491648348820165,0.8100445502272403,-0.21392717504845818,1.2263282591455893,-0.008940896576592583,1.1383662123170875,-1.0489778004427268,1.4681173045295397,-0.47897936443817013,2,-1.0196327694080738,-1.2335211272932456,-0.7539695469875164,0.04663501027637447,-0.6644061338748453,0.875596796576789,0.07256641092520333,-0.8975995743802438
0,-0.728767197066313,1.7727542838429304,2.306452270346752,1.762598699363247,-0.8967314440330383,-0.5834954902956287,-0.5993488896135605,0.6093822271690397,0.654276084417419,-0.24958747080974208,-0.3953386212193095,-0.23961226030985483,-0.5403966235146487,-0.9265121746251864,1.894433652723917,-0.31251849281378963,0.25473783949744877,-0.2718802309547626,2,0.8744332012602418,0.40475036923991614,-0.04981949675328888,-0.032453812904449986,-0.18922703054565104,-3.2151943759368526,-0.39361253230596727,0.6579572869949575
0,-0.5348200294738964,1.3251026917000623,1.817468443834854,1.5141525178690318,-0.7308531086028703,-0.3277221618155661,-1.0776588445417943,1.3753807343207733,0.34552332885634746,-0.4404642609416279,-0.5979954841114595,0.07324637129604006,0.6516192615217746,-0.2765779507866414,-0.11517265066518495,2.304191005865696,1.36599911544719,-0.5228530136839538,2,-0.05502008648052645,-0.021202672047888255,1.3605068447212945,-0.11957384360963173,-0.4502127421026878,-0.05262785025560546,-0.47821522941427996,1.0557518354793882
0,0.5427402458642321,-0.24866877102942841,-0.3943779616172207,0.3210690121345261,-0.10576760320198181,0.6196873656947669,-0.27215831176114996,0.9978479860703464,-1.0879997584519256,-0.16777768417608657,0.8773344404308463,0.3600556117453154,-0.19245819997610436,-0.18267953690705577,2.8683581211151337,0.08454119883363176,-0.2639759880955822,0.18220385936262434,1,-1.7723971866780996,-1.0845436723980706,-0.6467592561692711,-0.11495829817644984,0.012878400581944421,-2.870145390438852,0.5482094569462476,0.3992799668022179
0,-0.3531703375968123,-0.45817195323776055,0.7368364143357674,0.5800535123076509,-0.49425445705910337,0.9772829201068882,0.749675696915652,0.04678891967413534,0.23637107034782967,1.409081664771397,0.05522962433748324,-0.30686893633061263,-0.13934740565293163,-0.19463612455327944,-0.22257754744919556,0.17789292896779574,-0.15673936808553585,-0.31988808416879805,1,-0.7831895660507252,0.1773270282211445,-0.837083612328585,-0.007848409321434768,-0.4809233317442405,0.2923506715356007,-0.6319558615685317,-1.457975171301019
0,-0.4326524233082075,-1.5108440418420432,-0.49236779844412837,0.7019077664830032,-0.8099649860037931,0.09876592854211368,0.02334776179280318,2.261557322876696,-0.40738248302784646,-0.6584924633063871,-0.08400767185875782,0.6108833974330738,-0.6494092929001315,-0.4340759538497124,2.321146089240238,-0.31709387986153936,-0.08242892645096483,-0.3895719254225808,1,-0.19938717668553466,1.025476614197929,-0.04965804564927201,-0.062178814613051796,-0.5616019095110935,-2.1029119459162366,-0.6380773597672085,1.0503385175099165
0,0.4563648254100748,-0.8039642829218729,2.25021495161596,1.5289751969042347,0.17522668446990608,-1.0284493556222043,0.7014420559113699,1.26098222308736,-0.4907980348865844,0.4835964997922676,0.11136798869670356,0.47727434087338194,-0.2922411127299132,0.45008043171258194,-0.06291107172571775,-1.3676886295750141,0.4943190346317657,-0.2429445754672454,2,-1.2598115618366168,-0.669435413030919,1.6037268631514703,0.02501294723771119,-0.5727801615880722,-0.2882479298716607,-1.0208074009463735,0.6305008935185323
0,-0.1693155281876244,0.32837137721803417,1.5939564853150765,2.1527268921462444,-0.37720235917890804,-1.0004405695450056,-0.4969783835054914,1.3406184995747275,0.23296982471157884,-0.38782499696197376,-0.13273292864528308,0.39392602298873375,-0.1904389694388191,-0.6051215983861963,0.5633796764209247,-3.1883629839779317,-0.08025154780370547,-0.574341764447015,2,0.2172972265275644,-0.04562445124914871,0.10848211567121602,-0.0922150111046802,0.1655402432883526,-0.5238658983652121,-0.8369472492577781,0.060850616780928596
0,0.7985957188125844,-3.288717148074034,-0.6115364982650996,-2.175211781423566,0.2834984325826812,-1.0180784985400866,0.5305900184262122,-0.6523322965073726,-1.7948697878975306,0.49672390186916104,-0.222293468568453,0.2657826771386504,-1.3034423570732858,-0.23417815949175044,-0.5062876340604378,0.3879857928416863,0.09326107054038131,-0.23263616890389419,1,-1.5303150636682177,0.18872775115278984,-0.7824755734175106,-0.13858845242106,0.18313064909059046,0.10234539323409708,-0.1651630392743746,-1.2440324013211213
0,-0.6341561495316925,-0.2577251781866993,-0.0166569636608086,0.8772465918272545,0.1278901528983778,0.0019303231051913672,-0.866145626896548,1.9187934645455555,0.42513205320757064,0.4805406145901222,-0.5416908945608466,0.3725036607971598,0.3572815499503498,0.4527003756058456,3.1590604352898524,-1.0710482754698323,-0.3112476046209951,-0.2691342276183149,2,-0.7915555009389297,-0.8955458071952984,-0.837083612328585,-0.13654403457325248,-0.518561079290257,-0.4621548734563946,-0.5695421847074122,0.38997446605334196
0,-0.11585675347515575,0.6351399628406453,-0.33670704556707953,0.29468925270749347,-0.02183785079748557,0.22830183863943948,-1.2840156243005518,2.251792687935932,-2.822378188482822,0.3236925078891718,0.07843735983565045,-1.4336592911743509,1.6674185917692381,0.22453099292090084,0.7946796398349417,0.8955365051011492,0.6353186471679507,-0.6347492482759145,1,-0.7120489832463794,-0.5114796709863031,-0.6645552713098138,0.06410761133202625,-0.7294704713917166,0.521911878117936,-0.5793784726463241,0.24153839963366425
0,0.9067412616103445,-0.47069162117661556,-0.0513715097313605,0.6695500322624784,0.9165238010524035,0.03140394423340098,1.1310270114708643,2.0603225966032532,0.5224473156678329,-1.1201092938791335,-0.07430029184960757,-1.2265266158549237,-0.3269886496048684,-0.7679526165431232,-0.364369091995831,-0.1215109634365753,0.25867056529287125,-0.05451308955046069,2,0.42422216153516645,-0.44855555339312414,0.23983879273639572,0.07391981599012243,-0.6717632338652435,-0.06303872716832319,-0.4733380690124708,-0.24524497228451658
0,-0.9426941816760182,1.3356977380589536,0.18263748960731563,0.3337064603406476,-0.5803312930929994,-0.9072132006399993,-2.4938503499651614,-0.7458861558331652,-2.006197177697039,-0.6441982504137777,-0.23121460853191866,0.8587624792537223,-0.46602064361328266,-0.6502762272365157,-0.3002176180221155,-1.6705250440254171,1.149117506449503,-0.24474937218609213,2,-0.7328647331672897,-0.026327652024340953,-0.42406207112898014,-0.09680050154671685,-0.06527764132614378,0.07286712466875148,0.3948915720752451,0.8329258929171544
0,-0.2441626727727502,1.435475914876494,1.2388234189342269,2.430646736769139,0.2257848878828066,-0.26600416542890537,0.851633112990032,0.1963005837564623,0.847687477831103,-0.3763554395410153,-0.6918046485081483,0.37655859676853015,0.31330529756784953,-0.6873160633978403,-0.8670456392005842,0.7618410352524364,-0.4171640125760311,0.005662286552677975,1,-0.8241645940600484,0.2514228186654688,1.1593778188765267,-0.036534486638619704,0.2229792928414377,0.19567197836836608,-0.4051132531578462,1.2761201623046543
0,1.0638277757269505,-0.22262628618198677,-1.1302504221113048,1.9748744159824716,-0.4396120653076048,-0.6548976190472193,0.6498418121278955,0.1059881559232907,0.27342464677762857,0.8623903688702578,-0.35359649699375,0.23908178870586486,-1.5189540667648513,-0.26554561447943614,0.11203769114681533,0.5139161971117038,-0.6387640992580831,0.1490431928162722,1,-0.3585655196020253,-1.612587858932617,-0.548781705947559,-0.09386302645247696,0.8459533915209758,0.2731570488141854,0.24227130976114022,0.09390614428380828
0,-0.5218381827923494,0.14437526312215487,0.9715601121341946,2.068390214635674,-0.9680815304096364,-0.7898225420248322,0.00439571784448145,-0.34149842062166624,-0.9321258688356344,-0.7950583246858813,-0.5987946626944641,-0.17796571002828854,-1.1485114115050068,-0.7634275056654848,1.043778120336655,0.9091145480603062,-0.055824927280121034,-0.6365316672228163,1,0.30542356983919106,-1.1742931662908322,0.18269956009710742,-0.10405581374849894,-0.27601412553966276,-0.5240316299477892,-0.43558303583698577,-0.6614419028013775
0,2.0407603240876133,-1.7670727528582537,0.20518136729226089,1.5627975978961004,-0.24473451232068844,-0.6248931869366531,0.7545060804268638,0.7073159140025603,-1.8926015056470966,0.8929977387839396,-0.4195924852169339,0.2891587053615884,-0.2334948609745034,0.12962361924269733,0.0771833796669007,0.7257117585592726,-0.65175997996054,-0.41755168242137974,2,-1.689774762824152,-0.8554829343861732,-0.306056724490261,0.002615795605766462,-0.3207169682930977,1.1771497451331125,-0.7572379179694296,-0.7017009454370728
0,-1.809923196317626,2.053446268655236,0.22318546031510145,2.1868661387690125,-0.6154126792913235,3.17120846479434,-0.7094892439108224,-0.3499470399889199,2.1637138973479195,-0.5790079527912548,-0.489660276837785,0.03595737108025565,1.006777995568671,-1.2193416612792674,-1.4031592810609719,-0.14943527715844293,0.31049468056300955,-0.2792367117580464,2,1.3644868304915465,0.3638984483016158,0.16044717332759162,-0.04963953679947336,-0.8048856772346709,-0.14465283574875376,-1.21975314077183,1.0194095894903925
0,-1.582953286432109,1.4967286945181848,1.6348273767529515,0.7185802431241521,-0.9945551235771053,-1.0318903278737903,-1.3719389846714058,-0.4703896645374989,-1.4756560198925783,0.04254084259249147,-0.4112005953216452,0.8373531742639067,0.4920895268615089,0.19290575124762288,-0.5217396200324712,-1.3513436751160501,0.7733052123503816,-0.2426525406101891,2,0.4489788641595667,-2.430467694431784,0.5879693058488752,-0.006305426339993314,-0.8655147857590224,-0.5018821325395377,-1.184308357579185,1.0212848415940141
0,1.1585545767303285,-0.4611302209585191,-0.4572425849222752,0.8071554722225457,0.06994064169082759,0.6023178242387717,1.044968931667965,-0.3008153931702879,-0.6338207061133959,1.7184889666302505,0.5446252506703249,-0.12958251750979843,-0.8361080136517594,0.19809742738546354,-0.8413982855279734,1.9310274618847387,-0.3118850068789214,-0.3093512353539632,1,-0.09667755634152993,0.21035696526810355,-0.837083612328585,-0.00531763352036093,0.8193902885967721,0.48184145551941526,0.23112408878384225,0.18669475478837036
0,-0.9864783680760931,-0.37534130525992604,0.29868900134084375,1.3230064168956972,0.14440434801950852,0.6195811142443707,0.47897472919095835,-0.7913301191853701,-2.0618707416865814,-0.8072661054439043,0.18497885373803225,-0.3935135207131402,-0.35631298536218425,-1.0013191055299036,-0.6250590105051272,0.596608778105006,-0.5134698947082587,-0.0046064204506187645,1,-1.4088265301872283,-2.654366389909444,0.9402488666558195,-0.0554669355746515,0.5577392896116755,0.9475852961584019,-1.020450278294868,-0.9400931862915768
0,-2.651583902031358,2.2169994841903624,1.9420075412166122,2.0471161684902923,-0.6928165124115269,-1.0750664846843359,-1.0181067282942524,-0.6148257106401298,1.6388803471191846,-0.32003622065890186,-0.6060416884208608,0.4432715596126513,0.28723539023877864,-0.8191222973622211,0.013068681933479084,-0.6592019149317834,0.29094921979112587,-0.3990749126006241,2,-0.07662354753625811,-1.0107883504249717,0.2966389245049533,-0.022011019850856815,-0.74209801469935,-1.386651413012232,-0.7971997560212336,0.799097940431793
0,0.019440355029416018,-0.5530684817813412,0.7958931627259763,0.8192179111093189,1.5837726952932794,-0.07876458983128642,-1.8393712252293488,-0.5675530541231357,0.5207959823167922,0.2626561789469323,0.4075806784225283,0.6053967872795266,0.1404357350457041,0.33712872983805353,-0.08025173043135411,-0.11434681547502978,0.35932222132027647,0.15255640552849642,2,0.021996646952976373,0.2710442699464194,-0.16841203482307038,-0.0003177905029904185,-0.6811789724313952,0.10353379741025553,-0.33153725316263016,-0.07231394784640893
0,0.949376074222064,-0.667502481233285,-0.623490635470272,0.23034517252203007,0.384005415765781,-0.3385567364381753,-0.2565886563156488,-0.6912808127810426,-1.4860471014420393,0.3386202963675018,-0.26329696666827135,0.48561615933419194,-0.9166836529479472,0.04505972497706029,-0.9525360635427714,0.3559204644226894,-0.46495339019534787,-0.342797217445712,1,0.2938414929776866,0.6072667724701845,0.41807058320793966,-0.005923422729239264,0.3692056327100308,-0.38745131196408766,-0.2083413540716576,0.7017816243248813
0,0.30541812077292085,1.0963671968531141,0.179814765043113,0.6915416379113839,-0.13406988076193815,-0.5051785238093329,0.6437188995545639,1.0649927738745508,-0.4388985925450294,-0.029498571205263058,-0.18378664389173183,-0.3299444134836698,-0.6154509626686151,-0.9187306356153795,-0.123708601536345,-0.04945052358784019,0.21511745184081438,-0.02723204752450221,2,-0.9988979365446636,0.24288801293889972,0.02632393320706592,0.00260648608966315,-0.5309021308226141,-0.10581584794747123,-0.10447254994028722,0.5178294319002197
0,-0.062380725211428456,0.07550250486325094,0.07940767911125673,-2.078596392132764,0.05944134885297362,1.5353406291805545,0.7747826006085101,2.482789025968871,-1.4172778556109682,0.16738771086873808,-0.22863672299149185,-0.04867304975878201,-0.4405113720489675,-0.6315270735403595,-0.7266939874841456,-0.9310025827602328,-0.3429937219353509,-0.14240025174640933,2,-0.27764346738901524,-1.0160085479184382,-0.13235878755326524,-0.01644065728373685,-0.7191396736160065,-1.4906179762576912,-0.4556936389376669,0.9572208243944289
0,-0.4985862651470567,-0.06632410662522636,-0.8594750214807751,-1.4622939077774382,1.6768748129033577,0.11577084235620672,0.5556157932784062,0.9137588318520007,1.542509925390786,0.015051108952102182,0.030502135827636084,0.16000853851316837,-0.8539093912931814,0.39410549256339006,-1.2314152047352631,-0.33829975229042913,-0.3638946527953454,-0.40504115336012153,2,-0.26987376445559486,-1.167871094532261,-0.3150870232060463,-0.13858845242106,0.18995344229013766,-0.2641725478246439,2.6438199717904776,-1.276639010845773
0,0.8327185806820072,0.2389320348725386,0.396103691583006,0.49727763915111095,0.6482967518959758,0.31603718660952973,-0.15380616518108037,-1.141527062770756,-1.3242989231198776,0.802182478777328,0.5674180677677514,-0.9546812571528678,0.2217320613512357,0.15024119137022657,-0.9283688071817996,-0.29428505216166556,-0.3481456666756396,-0.13736015715261427,1,-1.1055055603444182,-1.3087145990580349,0.767710125028019,-0.11843039327584635,-0.24139556433469977,0.7686137049520543,-0.48112303642426646,0.0028898833191844386
0,-2.8271090705878024,0.6057404210873985,1.083473676541917,2.1071741718746013,-0.2359747783807148,-0.548088864929826,-1.3645604516607752,1.6365398764564283,1.3947251640718579,-0.8107681389690193,-0.36698801927553615,0.19494427498232858,0.39869510790519935,-0.7313365515590565,2.248464077345891,-0.07026365454326539,0.24335534065229503,-0.5604979292368518,2,0.7523069091526424,0.8944492486627846,0.1500048788110279,-0.05799439102738078,-0.25412573615637357,0.38541117710326955,-0.8569959705994243,0.8644811755576263
0,1.9923475110628868,-3.8523349523749113,-1.2364527311231435,-0.2722360412568512,0.9936051233140069,-1.0732335100719788,0.49247527360193505,-0.6650714342616435,-4.540232990783094,0.7826308509104284,0.2952633865501294,0.8826480508314536,-1.734221459649584,0.7811164780921094,1.0039511669463408,0.563108076569622,-0.65175997996054,-0.21576759942586046,1,3.311461557162028,0.6350239184370718,0.1522551083683502,-0.010216961950139603,0.6979051726800884,0.22645109101986183,1.2703428723736643,0.617216009916692
0,-0.06454665228047896,-2.220080505356725,0.17181487334354534,0.4017952253290703,1.785990221095004,0.32141184420771074,0.6714895061478436,-0.698181462491942,-0.12264960434247713,0.6722158274056946,1.3022737680342504,0.09114220686460467,-0.8895148125347225,0.4711916044070734,0.15356138128095556,1.7320034422948616,0.006585722054527787,-0.1565066209490469,1,-0.18194243959538262,0.5546497285031387,-0.7671116526449265,0.12070108467890375,0.6743056609258464,0.1451269958705369,0.1687632722205264,0.19745118220484903
0,1.2027723793352783,-0.05296722418280819,0.684902894975196,1.2819551350698988,0.0675940325898906,-0.8184080672697039,0.41552612380280624,2.142786070532835,0.018304856698939498,0.07517162377424139,-0.3662106830740012,0.3629471573648954,-1.5636473605200845,-0.6262875961813252,-0.042410017171929354,-0.6182146713623775,-0.04528362763233837,-0.25882535633522835,1,0.01947211712314123,-2.589303437813017,1.1282160894892388,-0.06231940665943867,0.5741956677304173,0.13850061603926495,-0.09944749678274994,-0.7694704760185932
0,-1.2613095019822813,-0.7502061232264127,0.5499078648820703,0.8233212689085971,0.6921417955229403,-0.5382098333185029,0.36998325472814364,0.8915880951589442,-1.1568988334753443,-0.5122376584613737,-0.11472062186769755,0.7087676391465272,0.38757951815331393,-0.5696632408522893,-0.4582442059662063,-0.19152744411645894,-0.48868876767992686,-0.5550429479300281,1,-0.7428484860563334,-0.36761786439979516,0.2845447668006302,0.191654061269875,0.4990157206415363,-0.35102670342759157,-0.5163756715736958,-0.6680147194872699
0,1.5094399791996225,0.38332591297389007,0.043443691561071196,0.21029947910290214,-0.5020931920500544,-0.2175824077723264,0.5518292767009872,1.3566105084329987,-1.8742202955547342,0.6612497564022138,-0.7754718862540037,0.695680897468989,-1.7583226088331845,1.6351423900815343,-0.7871851609813431,-0.3321261456336857,-0.65175997996054,-0.23970818655624637,1,-0.5098964200847047,-0.9037649585083489,-0.837083612328585,-0.13858845242106,1.0823339612745642,-0.15976273587687112,3.3112086548398114,1.1457580040871933
0,-0.7386910497511063,-0.6431885638657129,2.3510823389565596,1.705176431727897,-0.36311375493988773,-0.9621771115279472,0.7926065964328048,-0.34146689182118406,0.23613543934610653,-0.01292409909131148,-0.5673898966824633,0.18990991270183402,1.021243962812438,-1.067837954731001,2.3939658033298237,-0.0967817423076649,-0.2928809406023557,-0.07490717676654607,1,0.11857557328342988,0.47977948524843306,-0.26263593822290665,0.10414398722661472,-0.7959641724805988,-0.5401299759731518,-0.6956678508821013,-0.6459950577346089
0,0.19205079711742917,-0.044866889135114746,-0.6283209378733918,0.6855315854001979,-0.6050155304315021,-0.44982828706019806,-0.3232979295935056,2.191071857890162,0.9905475992533413,-0.8342520553222463,-0.1957914265700751,-0.0891735890284294,1.5912461475341821,-0.01745925955775915,-0.6256567272169808,0.7719108242774946,-0.30835143048429714,-0.4800449335518376,2,0.4455778417176931,-0.0793364873161152,-0.49576903904802005,-0.10146726830456369,-0.49163800362667387,-0.5140886958454048,-0.9589678942544766,-0.4504442707763825
0,1.4349247221086145,0.08394276995245709,0.7954798432293397,1.0291851731642847,-0.1114379882742309,-0.06401691146484068,-1.3473334696160735,0.45775605888097026,-0.7141693160222424,0.2629966840417737,-0.5883550267544235,1.2064341555468294,1.6505325470322094,-0.13552741409916233,-0.5521417445153642,0.08237398397694862,-0.4978270261898902,0.0063465820675181125,1,-0.3035822582616249,0.2336369188667936,-0.837083612328585,-0.04983956641152834,-0.04973653112825621,-1.2192506994762653,-0.6582790890181363,-0.35409945165488427
0,0.09753080827870628,0.5858286656054983,0.5266123534666602,0.28617110023028564,-0.6663488077042108,-1.4343884972162566,0.8017576078554699,0.7947992244311458,0.9194920818141257,-0.3240519118914382,-0.45947152507282707,0.8375531234307256,0.41498530297884156,-0.9474756090570284,0.829625689805032,-1.1332698948735875,-0.5968757493246438,0.06327902668493396,2,-0.8769551305080756,0.0026568991449009427,0.2483537412291262,-0.021983065987751217,-0.6732353545695658,0.7316727763656632,-0.23493954468554645,0.3421764388237082
0,-1.2660811226556574,0.7190181992802572,1.1376880567386103,1.819736336004523,-0.17804820622647174,-0.7931369282199636,-1.33036152151889,-0.5110875015622394,0.3411856088206576,-0.2866849421965103,-0.4578956467569981,0.8362702033382314,1.1496494404987603,-0.4083618320613245,2.5309598854321447,-1.7494337587105717,1.1025501247136174,0.030882386674715212,2,-0.8072059918264897,-1.6514528497513399,0.5863951908306967,0.07441689962517108,-0.8365753891502139,-0.08982382868037087,-1.0779302133531412,-0.040209136468711715
0,1.1653873640605945,1.0265187109771619,1.4243440245088115,0.15916020482832063,-0.02940876524908781,-0.5459467866822435,0.5795891711794636,0.21727467126418354,-0.4523195925120613,0.38089684138918656,-0.10282444420195862,-0.14851003855767775,0.569101268170942,-0.10801596170284467,0.8405802298431633,-0.38153999801260347,0.20667837985683857,-0.4191388282858703,2,-0.42246258243565415,-0.3493881922807288,0.7433681967814127,0.056540107577138524,0.7705293460834567,-0.524579059356798,0.43843248785085953,-0.11386318666723845
0,-0.637612582970054,-0.14757735569319086,0.45451088387225735,0.6146827907892374,0.0010009896441804944,-0.24110975506844773,0.41406356306163933,0.8174979938058555,0.08405600088877674,-0.05596741970042535,1.4307982988590286,-1.08190269037611,0.5749427982760192,0.46135256658207313,-0.9114719576258679,-1.149070679485553,1.4839557793939235,-0.18402396818483957,2,-0.12302155328796868,0.03911269421068542,1.1512921615633553,0.21187371289611598,0.339944003364677,0.8026233668024416,-0.4141798374402168,-0.853808922236744
0,-0.9054853477088871,0.8408412510272889,1.2084957407703554,1.3772296542999392,-0.6775984510413426,0.06947110308160663,0.3667521205353036,1.773541663740538,-1.8815095690984576,0.6057840534826331,-0.3005333196178143,-0.10655528053021879,1.3600778203960113,-0.18757653208376218,0.3502678242826304,0.06360131095705618,0.15320539606822733,0.7320247025260963,2,0.07037938004579619,-0.2222789309190153,1.944634381158532,0.10316406631094877,-0.45397958907072916,0.3407387492763697,-0.2814340445897002,0.2054165114194861
0,-0.704675652545281,-0.7434458055357722,0.07977757155950438,0.11811589865518124,0.30094899641968736,0.6321256632122714,0.35295834519782726,1.4680688001883302,-2.2114938511909887,0.9561377092824634,0.1132040051480129,0.5286752827362936,-0.5455113096461042,-0.30505088185381835,-0.9263236678707018,0.39765644854298143,-0.6234088597247505,-0.07858707907005111,1,-0.2084677623693858,-0.9031111413924258,0.3437362210132908,-0.13306282614741902,0.148937185882956,-0.538636340902996,0.4399760463427822,-1.8317467911891983
0,-0.11033944673726875,0.44833321098497086,1.8992373101658617,1.2462087675109157,-0.11540135493215203,-0.8105137882217763,0.6655228141195347,0.2014740542532898,0.8755003445011176,-0.06957243228893195,-0.6553327905284583,0.9474063090358851,-0.11762808795047797,-0.7043178498226205,-1.4466796902267394,1.2139870362850507,-0.4026688472380947,-0.3902498717558185,2,-0.10044181204079303,-0.3222520293724449,-0.16397712078780702,-0.09725162702709374,0.4105485513487062,-0.40100544002526234,0.47958783359063406,-0.6417254794603895
0,0.46713930087540684,-0.24355260678820512,-0.9082610681867089,1.684014904633003,-0.29029028842743543,0.7914618293724786,0.7190569538996675,-0.47317965290025993,-0.06197337699446431,-0.2549508433124954,0.8464025673761824,-0.5100993877473798,-0.3629959151748308,-0.20172204773354224,0.12159011651384613,1.1594052328911317,-0.1683122088276075,-0.3199274374202398,2,0.7267326397553883,-0.2920145036485302,0.6850906205416996,-0.1196800012052245,0.04217882037547632,-0.8489116914436993,-0.23704507202742253,-0.013990492620832073
0,-1.1325742172785571,-0.24168279552937394,1.2995975787835774,0.23086107425878932,0.08440616362646969,-0.29929885461533623,0.7815142963317838,-0.18596344548109872,-0.9045282873124386,-0.2514827144697317,-0.7289578109545687,0.10607673185233162,1.036905024190768,-0.17637759345303045,-0.4755296097036131,2.2325031929958272,-0.2543943625516799,0.5144035550278012,2,-0.17563324116621273,-4.721045029192818,-0.6957897591050567,-0.13858845242106,-0.12247294246610754,-0.40926097258864125,-0.7610937763649861,-0.29620332237657937
0,0.562556976714141,-0.03329145526207711,-2.785738228861894,1.59003815250472,-0.3270614994773139,-0.9742292772214334,-0.766387391240426,0.4931386701140384,-0.8399207136490101,0.3076383577556031,0.11852063675231128,0.3592805920217447,0.11533555814884722,0.22216228993139242,1.9688344803809137,-0.4084885433402181,0.21837649199757336,-0.5472297219061777,2,-0.7009340644909423,0.8152137902863542,-0.5555901991354096,-0.030344826202939996,-0.07665096144911909,-0.5338834300571303,0.49814412423068,-0.17125966863814562
0,0.718693407059844,0.09548405767735613,-0.5015477952091479,0.43197647166129477,1.4335651579847586,-0.24617779590923994,0.847329223308994,1.4868050594974793,1.2356280673364899,-0.4394225743546332,-0.6873753008080674,0.6697318262967764,0.009113737812900702,-0.7684138258924943,1.880912497757808,0.10998073202518599,-0.65175997996054,-0.14312714003189722,2,-0.7402362986122619,-0.6246805510276883,0.3675718673499415,-0.1285929040762611,0.24266229194373715,-0.23851499215501915,-0.8481601300485777,0.5348440915620216
0,2.19623719695614,-2.0697254044968725,-0.7005872150600077,0.13456306134962748,3.3053554336183817,0.44256637161918244,0.39674555785152915,-0.6799082925941291,-2.7543946176421077,1.8204700234930296,-0.2159001883199253,0.504561309652315,-1.0728560424209972,0.6410133228011266,-0.035799042862198927,-0.5450103050115823,-0.14996628412695637,-0.5022571139994461,1,-0.6327956587714928,-1.3039688791434818,5.048523185461128,-0.01550210807035863,-0.47642571961873315,0.7518321611911143,0.3905609011128911,-1.0505853321419536
0,0.31666208471196333,-0.13594234724500176,-0.01719793434325656,0.17592336143709042,-0.20758335126594335,-0.3844536599598323,0.6751444180028994,0.03410446829450348,0.6791217967452139,0.12743582183360824,-0.6635039400608078,0.7379986102559662,-0.2970455265874894,-0.041491552650801566,-0.4762974135843988,0.0699944488452875,-0.65175997996054,-0.19086642993296216,1,-0.7594971617097762,-1.936540989329968,-0.752688710195329,-0.13858845242106,0.5223689337630324,-0.7621359350834755,-0.18573308298941246,0.12092732738831088
0,0.2938685198760913,0.22616631771944123,-0.3412355454396634,0.8695204121208924,3.3570920791979617,-0.10793781160940259,0.7264512302918267,1.684857422556243,0.49179464478713353,0.8706810290821472,-0.030925332250881635,0.7198110673131375,-0.7389750460390505,1.2243387310263842,1.9401249725907856,-0.8682269814760808,-0.4717226107743076,-0.44335184665005606,1,0.45186247704857563,-2.5839446278769858,3.9091334392311237,0.053272840818111636,0.9999809260040848,0.9949600809610808,0.6759313704541011,-0.05121758947861747
0,1.1434669836027809,0.8950960035706067,-0.2180704461734519,2.404912928861788,-0.6388544513326114,-0.43793429977492615,0.83443680962286,0.6793045749961306,-0.4494921182671563,-0.6629170039757675,-0.49954611098999724,-0.18712129326798788,-0.18585198228047284,-0.5743428918624026,-0.30358789920227136,-0.9159482546419588,-0.65175997996054,-0.220922325054881,1,-1.3495179985999828,0.01337074609174671,-0.7491455443268258,-0.1304231764597487,0.34871866497448945,-0.3357848718653396,-0.4298155321847007,-0.6907898809335508
0,1.0088462890878087,0.9132199140164057,0.5280004555797231,1.0413889123412854,-0.5342414629650192,-1.2991646769438006,-0.8708862538053868,0.872688693992211,0.8932508579913032,-0.3408753838327765,-0.2495982713647159,0.6026059483354043,-1.6296499162827631,-1.1341307972297927,0.09438413968359938,0.09948535526623681,-0.3623014792743201,-0.2590326782588525,1,-0.1758991906677062,0.059499972336072404,0.09971127697828647,0.0409011331153991,-0.40636367413481134,0.045853093020520264,1.0052497141635348,-0.40836377527695256
0,0.4658182409505288,0.019658830382361714,0.7185491834194542,-1.5275771151632374,-0.5692857541761677,-1.3832879119882757,0.6034263861990192,0.9782643524523215,-0.31884809126816177,-0.5113948891448851,0.24928757352235337,-0.05824958803611094,0.037267861437359884,-0.801597926406188,1.8521290864946192,-0.4540202291441867,1.4236214641437273,-0.2594175598042247,2,-0.2309064492952524,-0.5034773555828664,0.3112851986665511,0.08508748872434055,-0.5988732673212039,-0.6808480111400215,0.13638517116338633,-1.2713437579662497
0,0.3268965890724376,-0.3574975294145984,0.589890974728694,1.4734649615902182,-0.36161476355897154,-0.09495923073865592,0.8003066629260344,3.39153600010199,-1.0680305623182553,-0.3901445196030249,-0.5776550020552487,-0.009447692657214318,-0.9002504665846376,-0.05478030472543588,0.1832536493273551,2.206590946393736,0.47218495970706015,0.6041371851567235,1,0.3554390061164305,-0.8851360459076476,1.0865547552192703,-0.1331630347660321,-0.6816980968497383,-0.47561264097661476,-0.7257100806624479,0.10487210662353796
0,-0.5523099646981682,2.8251464316904022,0.22064911113182897,1.0426461356912429,-1.0509280659310036,-0.812232728287408,-1.1610130734429642,2.055819372419374,-0.5854801247647909,-0.6937245557007796,-0.07531824995169184,-0.33560760771426623,1.1996866979682042,0.13527144254856943,2.181664791439952,-0.5636740495316247,-0.13905690758455552,-0.4973062921528344,2,-1.015515332585291,0.3875169810470608,-0.0873701642548938,-0.013127596059364227,-0.5760887214481307,-1.2782703266312494,-0.1410828113593529,0.4999706686724986
0,-0.7540892295230155,-0.34334135412914457,-0.009684907805542209,1.2834926014541463,-0.1423163228260826,-0.5335429819256863,-1.4780881884413994,0.616738916072361,-0.04419263723316402,0.7491407285286633,-0.5400872596129822,0.6092260862558716,0.517240718770756,-0.7086087913054134,-0.2101001271590341,-0.3454239895376546,0.4440279941504269,-0.20972760681131541,2,-0.43769086802093604,-1.221443016716608,-0.08428757964457267,-0.009594644191205336,-0.9227121508597296,-0.13761904988959972,-0.7067874107372291,-0.5454381881750167
0,1.1097190613849852,-1.5571983789631143,-2.0735650864494635,-1.5218042664535105,0.9515088768480087,-0.6327180693062967,0.6988279296039971,-0.33961430666001946,-1.0995373339238248,0.9337140429934405,-0.7575588992478859,0.9437217908919036,-0.7586395613512477,0.12598189455259567,-0.504189073940121,1.8677191403230884,-0.65175997996054,-0.21284535129111057,1,-0.1612190206404126,-1.3705485022556307,-0.837083612328585,-0.09794195834034412,2.806457327471615,-0.33922556367941253,-0.19259838223603534,-0.7868318427483628
0,1.7543019446174732,-0.7164392745345485,-1.6390723887067802,0.747713868396732,0.08348834319763565,0.315443648619859,0.8115435831893189,2.4585871479372106,-1.8075771037173873,-0.07298818308170013,-0.03710022439219904,0.32797685528815895,-1.669652596481825,-0.43680963355399943,0.06282418712350302,-0.6519069230892113,0.6046818332606808,-0.2724519913934662,1,-0.7350791379360058,-4.6845851813650405,-0.6682988415216502,0.07253184371637533,0.9277247636190853,-0.2067785319333454,3.086748881957721,0.26670784142135284
0,0.9034311473175554,-1.552949595093581,-0.6142215310268753,0.90123871260555,-0.18095211189688065,-0.31758681174642983,0.8069394853888442,-0.2789357838738799,0.7920891085832735,1.099295587274082,-0.5246410563583886,0.28863691311859535,-0.47275807322095276,-0.7050000484606277,-1.0672807463902578,0.454683847826274,-0.20006808840456575,0.8349056153693775,1,-0.9643784422877563,0.41690441392917355,-0.6762562033726334,-0.035062724101492276,0.8453932498859836,-0.39493810473107127,3.3767734635761473,-0.05877253877985045
0,-0.7362201601763303,-0.06309012454721719,-0.07729294392736435,-0.6241249493573324,-0.24479725039981762,-0.3577529342197885,-1.2127401716487354,1.1557653331771194,-0.8265887902894777,-0.15509599677789565,0.11742824024030785,1.156774433957116,1.243871521195848,-0.3023801530215866,0.01277422355375979,0.42074651444555283,0.7432122266524613,-0.2711648349430743,2,-1.2726529439351553,-0.38347277102214217,0.4680186040479839,0.0726436465113999,-0.3616536907055756,-1.2356457355406645,-0.2214672526529937,-0.11583576089434344
0,0.02203134600358525,1.1709598406470034,-0.7099438131328524,2.745481155919549,-0.44686262539832156,-0.3126359640972506,-0.7848006559700236,0.9422307734570726,-0.4493711041194099,-0.03470823926871491,-0.2305020751496884,-0.12609235104513256,0.5061834084086092,-0.5706836149411992,0.8278328119856164,-2.5745070754862294,0.6742957525874913,-0.05538954717651401,2,-0.43021397610610124,0.18183615278139537,-0.5227858922695038,-0.10640265035913998,-0.4969708370067545,-0.1941126219487464,-0.903395892739458,-0.7210137890138054
0,-0.24866412944251515,0.004324263303365217,-0.5735376764232266,0.28763202991560866,0.2608234195326907,-0.6924222368843908,0.5017966649575853,-0.17250961710369184,-2.4842667723182634,0.5865236862239378,0.1793377256847904,0.3191304929234328,0.6082761307323157,1.3755193826842618,0.7415356486579591,-0.2925188668837206,-0.65175997996054,1.543902840135456,2,0.3628729714669446,0.12741899271875984,0.6767641608417756,-0.07663747074424282,0.44041301084651446,-2.2388130098345087,-0.21754598834059186,-2.0497700134353787
0,1.4838140984763404,-2.0126631112213573,0.06376150214285528,-2.9214853900294067,0.06928728239886106,-0.12800534499617194,0.42853876003829,0.45012224340102724,-0.82805388988501,0.6066710802901105,-0.22254367017309273,0.08283669509052421,1.2220449119545782,0.5353998331446739,-0.4696526631198823,0.0880295142088417,-0.4728841848730729,-0.2645933269811225,2,0.7779588104068649,-1.1374985863596567,1.5634388282807465,0.05043117316258851,-0.006061515690049729,0.7527788850421516,-0.6654370156707782,0.2730073733843261
0,-0.3991277425789577,-1.7617400883650318,0.6600083019119255,1.089036744960138,-0.5923867029260554,-1.0806458588274581,0.7661871875665989,0.5850715075563274,0.824167800754095,0.17882524330106367,-0.4417749262446368,0.7545145291410627,-0.07517934248704955,-0.14771999870747238,0.5254739855823537,-0.5809223576625916,-0.33957107286668853,-0.3987106589052791,2,-1.0039307735257712,-1.566091334909765,0.4500621644077335,-0.009548931723134368,-0.35959123962287637,-3.454384770946815,-0.021551227501243386,0.22815898168397097
0,1.4859897810488922,0.37736950859986507,1.6404602418399894,0.9869058447330236,1.639667800710843,0.18528038429128812,1.0530229255526455,1.2548546205629134,-0.8011854396687622,0.6183424714372102,0.3185712321645014,0.3810330433403195,-0.6736653893276768,0.5017057129903624,2.384321585881323,-2.08380346518559,-0.008699457596878568,-0.023779468473512255,1,-0.944206802856083,-0.10750959186243883,0.9728964647830793,0.04449093568590745,-0.6528871736528473,0.13424436985044874,0.5958980005165587,-0.6252927093061784
0,-0.4509123999032997,2.2881440833468565,1.1459647511493867,1.0610669610800312,-0.9891378287236947,-0.9320854667810632,0.8104605398916335,-0.33681706965094654,0.3980772856018909,-0.053583796101738024,-0.7585484677382722,0.693576654676993,1.9814853867789433,-1.0384468197925592,-0.04891218977166545,0.8464666536446894,0.8750560706797716,-0.3230084372069745,2,-0.10082827968268979,-1.6010372009559077,0.5239251747299802,-0.13806599177936288,-0.41431147319147477,-0.7182965764587028,-1.1652393734527653,0.30787165716655873
0,-1.7448276636865723,0.24324920240729703,-1.6932528786917207,0.3259225705679145,1.1701355745952355,-0.47523812458331416,0.5827441931602462,-0.2437454345837472,1.1210926010195426,0.5918564356735826,-0.25018759474247276,-0.17854124009500866,0.9442538935062572,0.06767227574832646,3.2173836038637216,-1.6739577863266537,-0.0902791042838009,-0.0014821013220707238,2,0.0034493242152473513,-0.9887084747170186,-0.34230815749669957,-0.047838372192462314,-0.6204944378116857,1.218501629003729,0.10188284120464941,-0.1542048869293337
0,-0.806623430900659,-0.38671329417678196,-2.6640704831582775,1.6645846890547045,-0.7312175520623247,-0.20794635457661104,-1.5477615016851978,-0.09518315493769569,-1.3086697520553896,-0.5909299738501217,-0.36968053257387506,0.6045088914942942,2.193743770268403,0.035485414745541774,2.8802664146186823,1.385001344833673,0.47927437465526956,-0.34490037663565043,1,0.655959317928437,0.07328916109977796,0.08803464329472507,0.25028360328530375,0.6297990316141553,0.6260125924525655,-0.18164976375279274,0.0686236715578886
0,-1.4527467187963008,0.17322434089680683,0.72941717844822,0.18623940523753013,-0.3350958523403258,0.5860899476143469,0.6811581375376787,0.09645222875392001,-0.27131725864018263,0.6192303636238935,-0.3447013940244511,-0.001426920312633806,0.9385124547548302,-0.3618198296235933,0.7283781822138657,-0.963511415490341,-0.10750578586310447,-0.4039703041644892,2,0.17366883269619882,-1.138466739373092,0.26015799077007984,-0.13353748489470968,-0.7782340770776086,-0.28918868619538973,0.19648682144120272,0.5916523894048407
0,-0.4875489023080593,-0.06782411732254806,1.4126723185952423,1.1585488466888998,-0.29807504923709083,-0.17824823744197155,0.01499205399332526,1.4834109434877025,-0.9308383883426651,-0.29852461658185564,-0.06290866428011116,0.3139883525017291,0.27120627458105495,-0.17584195550206183,0.4584538964836349,1.6319268309632704,-0.3295717587301607,-0.418168534518322,1,-1.3876118286037378,0.24802594274428325,-0.4278536960752884,-0.05158762108524224,0.17566553023542836,-0.5778815739547863,-0.2797382152398161,-0.6265212547314277
0,-1.8705715578736841,2.275143052247383,0.459682419324525,0.8987846703841539,-0.75175300601562,-0.4513498640065686,-0.12633970740882083,3.1337009117761445,0.9494919015540345,-0.2617266194557686,-0.4007895778502861,-0.9787452618328345,0.20709387827417924,-0.9181524276729374,0.1279218475262499,-1.1026644878367013,0.6607889442187278,-0.46064420335740264,2,-0.6636308536643736,-1.2298158553778282,-0.7432887847729515,0.0023623818438297806,-0.27292759761677027,-2.3668775324421407,-0.6158543890314269,-0.23648269337045275
0,-1.380353027973966,-0.24310939442136936,-1.0959642495082398,1.064239388920818,-0.3162464620239679,-0.558205095114593,-0.8012951219206567,0.9833752713652913,0.48890142840728684,-0.33687501443209844,-0.5372880043522361,-0.0749807795881541,-0.6212175252642116,-0.30422242156144774,-0.002797953262556163,-0.14171352944635032,-0.2573219560170371,-0.005810027277800611,2,1.0032709313264012,1.3420999358915569,-0.4597635270850197,-0.12042730663045319,-0.02387720075388261,-0.4895667447764135,-0.22895310321299536,-0.015536020863321232
0,0.13074577637471596,0.5781479113453981,0.7913609469451401,2.3443425441452463,-0.7427761423038834,-0.42517109610499426,-0.7979188334465174,0.09069456948589016,-1.8671085851335971,0.26314677297875844,-0.2635220452721959,0.1513177774362235,-1.0238244245412667,-0.854857691481947,0.46181096291144696,-2.119986596301659,-0.43720924494633184,-0.38328191759282165,1,0.06577356437949983,0.37789473244734784,-0.6457186642180418,-0.13797939562059194,-0.46833642833067257,-0.5488879445002295,-1.0713355837510918,-0.49618291279208837
0,0.42903015997962024,-0.1104666140381701,2.062487008355844,0.8887774999184483,-0.520005534238954,-0.8350012165715102,-1.8515503076906397,-0.8915554488732522,-0.12081848990820099,-0.22220331655723224,0.02361314403841186,-0.12832719929250452,1.5212572480485786,-0.13746004525274735,0.5470975637464459,-1.268286430057677,0.3423491184708469,-0.432636435838606,2,-0.022829537077080686,0.4634002659482839,-0.700651709646843,-0.047375065444036815,-0.9678345274899707,-0.07860398852644843,-0.9921215419536793,-0.3083607270652383
0,0.280493955633659,0.5011564565844863,1.9665449441672804,0.9857769964286367,-0.7980176054933994,-0.6413335893747742,-1.8246769585843965,0.44531390785304725,0.8412149047403268,-0.2682885522400687,-0.899918090931503,0.3284943423869552,1.728600416609519,-0.4050312511598443,2.722408571013826,1.40055846631734,0.4570087868508097,-0.30763979618011894,2,0.1305107372882175,-0.23972012536990536,-0.6595511664616778,0.01985766784922601,-0.7724432253948437,-0.07361688441712394,-1.017413287436963,-0.28588222320109286
0,1.1877984759401583,-0.002493317528886374,0.008934384732925071,-0.664000996785351,-0.2881169639652402,-0.4956447762596079,0.7763482026367032,0.7120874768635804,-2.2139128926016003,0.7307415222195356,-0.5274231279289694,0.3325217005022917,-1.78526162662461,-0.0017176933715769838,-0.7803914399738917,-0.06090000593817663,-0.2506571891909586,2.0010755696763867,1,-0.008204713883952941,-0.6132344673398712,-0.6753251866483602,-0.038486684699119394,0.6163618125455479,1.4677627220980296,0.9582588188034831,2.1215543914378054
0,-0.38730342691891345,0.0395462516415821,-0.02630004785751479,-0.9965156835789789,0.1630674760941545,0.3969764110603359,-1.3285685808517074,1.212843100193146,-0.9177217742273955,-0.11832069319241312,-0.7284665879877144,0.28372472334866183,1.0429303009945405,-0.761470973702993,1.0720907082716902,0.3184660211486381,0.993462148584262,-0.2543954665120177,2,0.1618181255041818,-1.101661346571166,2.443730111115148,0.2939810061960669,-0.6736009572686048,-0.4419825673590534,-0.6981128687872881,1.878997444137195
0,-0.05852116054823392,-0.86934865109428,1.1294388917684048,1.1739909944609874,-0.7570114947235486,-0.5902847071744626,-1.0564200600150568,1.272049641251023,0.8803596751571178,-0.3974671503122592,-0.037322764969403094,-0.07955431740392954,0.38669883308867115,-0.3988749148656016,0.452504633351373,-0.7227841140888429,0.7828936905911932,-0.16037468518316098,2,-0.30836040818663696,0.20269573693450024,-0.130572458915876,-0.002287604368845113,-0.4169789411534779,0.19873833868118662,-0.6191589812802205,-0.4714454557503277
0,0.375831290245331,1.6271181941616253,1.0025132878640841,1.39174591490545,0.593891800464117,-0.09901399070878159,1.2259483391449302,2.5514421070200615,-0.9810540125860879,-0.6176687376019416,-0.027910465117679487,-0.23586624912392828,-1.513995156970969,-0.6741890072406732,-1.0809693663004736,-0.8965530059297981,-0.016345222564625977,-0.3000660942833581,1,-1.87737378862638,-2.7224185104719014,1.3201050239382135,-0.13809247390140542,1.6233442574692178,-0.3301381720437173,0.16270206149225627,1.4897430862949854
0,0.03801942718431717,0.46783740206975605,0.6589136401420868,0.8079639263819641,-0.8931014580825464,-0.8202428974912244,-1.3698262949149331,1.1138110213895862,2.288670264029771,-0.4106697195937841,-1.202967789891622,0.910487970535151,2.4648621720098767,-0.5449332659723674,0.5261884886022841,1.140127780140106,0.08385334577143666,-0.3207221931987856,2,0.6492382864468275,-0.5048146912844154,-0.7225203284123267,-0.13858845242106,-0.27130777472147316,-2.781909069412441,-0.8680235073347455,-0.2164848353496287
0,0.9912472511386482,-0.5926983773743724,0.8041742039165928,1.1126188270230906,-0.2542746115559267,-0.9595209941437508,0.7724361228815046,-0.4630815591518371,0.7934302102141114,-0.09094869767282182,-0.21027505991466583,0.05278085110213249,-0.12041012652834812,-0.5041330699444448,1.7990999564084083,-1.0917826614727015,-0.630848619155675,-0.24780723636969704,2,0.32580948079788,0.3197139577212602,-0.7015560457351672,-0.10529956446703165,-0.42712350843482016,-0.6362295447405499,-0.8062921355251116,-0.2853636182561265
0,-0.14620786544310332,0.8954510320875824,0.7739280145797871,-0.2489837500126505,-0.3381849486392937,0.2179349939830202,-2.277042361095181,0.3953005955528323,0.8044841478311406,0.10096931144719395,-0.13790064160226065,0.6033887686673083,-0.14144599968230054,-0.2931874285642695,1.9568753502113112,0.1845052106549782,-0.2476053310448048,-0.23440253622172225,2,-0.5958587788775762,-0.4129456749025203,1.0722413065195155,0.02419469067904248,0.33494899082465746,-1.6779860156405644,0.4656154243141731,-0.039379725883600364
0,1.2494843359538474,-3.3501795321681715,-1.5341324263381415,-0.7320270973308479,0.7525521646720235,-0.4811539073712753,0.5603828166142806,-0.07390701043330328,-0.9112919895366809,0.8350393824770588,0.026092347447165376,0.30674876137500895,-0.6893605071502792,-0.17882099164869528,-0.3388565447307886,-1.999484149376587,-0.65175997996054,0.8365818604223711,1,0.9971420656161385,-1.6366831050899089,0.6441826815021459,-0.10119601710473633,1.0535785698536981,0.3507450046362902,1.1980822565965725,0.9351560536165765
0,0.1854419098492946,1.5060578031850325,1.624270575324161,2.0668725997778563,-0.9594793560762543,-1.0926515706252447,-0.06804862781152898,0.16290189827937407,1.5930060569245188,-1.0798549488871578,-0.19218494541660366,-0.10636572400124689,-0.34704619860379693,0.24678055426974616,-0.3516546926954557,-0.2916756723613893,0.5332295869771037,-0.16958925575452344,2,-0.7082459033463431,-2.416339852834196,-0.2845725710567887,0.05180605356787935,-0.24869668462141722,-0.6264529615746991,-0.8221242346671073,-0.028234750182543067
0,1.5333637157724327,1.2894418093926063,-0.14246226932863587,0.9316077154750402,-0.1322994748059641,-0.808865740399734,0.33061715856371343,1.2024045198693876,-0.19956072474305087,0.1799174109271111,-0.7529202321416235,0.21875607995745283,-0.29867839730447515,-0.018019746646383006,0.12514989912734797,-0.43749182520704766,-0.65175997996054,-0.3866541629228266,1,-0.8372615138181831,-1.1644822637604277,-0.4934273899638657,-0.11339078967338792,0.5097171053929176,0.27119557805449424,0.2892681573811219,-0.20610742819786088
0,0.2067702502479364,-0.21896609716457405,0.7673623069930124,1.0636351274178384,-0.0651758783828918,-0.12463356277269921,-1.0038827365091314,1.097105958102231,-0.15809643438759174,0.08310127858028016,1.5804714264389184,0.2857547441672422,0.9500038083472508,0.44877722276138854,0.2655017749428692,-0.8139739515828996,0.712705140372885,-0.23902097984075515,2,-1.148316634820472,0.051469223216917714,-0.5544182328776608,0.056244785170989645,-0.5404204216117193,-1.1057138883820596,-0.28823387633443887,0.41816094233975815
0,0.37272173200573266,0.6769350308322107,-0.9974732547109959,0.6512332215407269,-0.1104086397678677,2.7100036993935026,0.9329814506174504,0.9880216004694314,0.21798323780812323,1.616765184667134,0.5565152086113698,0.4293806669996272,-1.4797366042670266,-0.5276650279169877,-1.2752477196002938,-1.2108209073546892,-0.06107067733268762,-0.07041568898542158,1,-1.87737378862638,-1.1340146117411836,0.1030697202049678,-0.029773017180786693,0.26505395877332516,-0.0837964143872072,1.7463392676227487,0.8338221824712531
0,0.2499930439110207,0.17987648040178283,1.222000534984387,1.4168258749872404,0.25780894824984674,-0.6562667625599026,-1.3184599743729764,1.3827944139602635,-1.1575986710268864,-0.6413978487524695,-0.48251433833131835,0.4427762663335271,-1.182589074389023,-0.6629503745038141,0.10962700900225197,-0.48163977992587326,0.29747868281837375,-0.3424874376453913,1,-0.9543982800747306,-0.7117967835897064,0.4220073348561253,0.16454897551248493,0.14726449707925562,0.20250462910403044,0.4434148869923711,-0.29909096587845363
0,0.7911738495031551,-2.135365569543225,-0.404731607661665,0.5097243768311511,-0.7940531669929045,-0.5889209524199828,0.39846153977321774,0.19641267505613091,2.1193566409838427,-0.17118046295984823,-0.5690518048960419,0.6079475191187621,-0.806928509755685,-0.5795205982126798,-0.46188888852487725,-0.5528851110384821,-0.28267525048152414,0.7239113748256214,1,-0.44308676766579813,-0.4997412680380995,-0.7913926679581798,-0.08275800783751296,0.6584400898677024,-0.9888214931667916,0.7261032484938115,0.05535581732142719
0,-0.5696500810930567,-0.3593223878701904,-1.8376446574973493,0.6804355155577501,0.013728457609413599,-0.2508327068831147,0.7127624821790668,-1.6342091317362193,2.099843653905908,4.085439607804857,0.6405222548987345,-0.3725294258844547,-0.07891077159973255,0.4571902846039132,-1.0242422404759337,1.0703921526264306,0.0773901746048127,-0.1237414945009292,2,0.029906825742789647,-0.5754514531651423,-0.8132050024966438,-0.08414006594212439,-0.1868089275574664,-1.2386631327869213,0.32989045938712874,1.506867210984092
0,1.8429256692216351,-2.742525203701479,-0.36509613694550735,-0.1277785054882571,-0.1018446100806606,-0.44188193191423153,0.9060981862417796,1.0879989798438767,-0.1587036891430652,1.6026973140138272,1.4236327656866388,0.883048088432895,-1.5931815531053157,0.4394434648338197,0.6197928212546835,-0.3002605176739467,0.028305733981126374,2.026728434120537,1,-0.6627032027973505,0.0959453493058518,-0.7375674774855517,0.04390639173936334,0.16723756714180962,-2.2572372484331042,5.8437694367281665,-0.5177529222290035
0,1.100722623451182,0.5752099860010573,-0.11676944870513511,1.9490661418259339,-0.6839344053008753,-0.1440199442983654,0.2743994123715485,-1.2214444964921272,0.5955411140072566,0.2746051846016546,-0.7707590101519725,0.3198863895551326,0.11873496847744364,-0.46645976873214456,0.5233682879737769,-1.3729667404383636,-0.13192929068276243,-0.23675905389320004,1,-0.256334354272028,-1.1903146892768954,-0.833170141013961,-0.06445076847596107,-0.06032756760913022,0.24091874316550346,0.7178072885093879,-0.9721956311276772
0,2.24867707487614,-2.1780030867757363,-1.783003277242338,0.13109133472485301,-0.2871800773804191,0.19693455504977342,1.1294846080040513,-0.6078764263040355,-1.5749663395137175,2.4511440037720496,0.41461924163826647,0.34711134100166824,-1.35477225201228,2.178373282494321,1.1583767914414294,-0.02773268149861724,-0.5323073202067659,0.6238974231015875,1,-0.013875169362259188,0.5513136646368703,-0.8036841272726013,0.2877429895918555,-0.12354475145164301,-1.2025360763865982,3.4487089070654466,-1.4181327182916683
0,-0.7132706677546388,0.1610574752842737,0.9984930069921656,1.1382024148618024,2.784501629763957,-0.8554761774044907,-1.9517867748133015,1.6585241926875087,-0.8778593027399882,0.597669952080655,0.3941657520043744,0.075654911316482,0.8301973956377009,-0.6184515594481117,-0.07992336719502491,0.4278248188008831,-0.15746139352105687,-0.1760437017076213,2,-0.825317074911323,0.07310850669394742,0.8140862984601617,0.042852701342283125,-0.38635776921457854,0.9373636656264601,-0.4559740632826001,0.2745184938836134
0,0.6743248531732139,0.47715576305313817,-0.05906044810632316,1.2107534110556426,0.15467566988623527,0.06358614422267328,0.7011035310421918,0.6289028305546185,-2.1703148221310125,0.17994892380056987,0.9764946860022143,-0.15352527296282625,-0.9565003854996967,0.7574495613529807,1.419052019920421,0.8767204355148007,-0.2941396780959777,-0.37143766831231656,2,-0.12532610266773012,-1.971358231926624,-0.8303884945191911,-0.006865275703372829,-0.22654926623102623,-0.848908871827984,1.6198534599204502,-0.05562912061209491
0,-0.1883344594601586,1.033326215300894,-0.8898718299217375,0.8926236241998718,-0.5546888806912414,-0.5522742701838738,0.8594700961802495,-1.29105989316614,0.3630943110439756,0.19649987484143283,-0.33510183222032003,0.379915202495642,-1.2452119475790562,-0.7644667039054971,0.12419219098260526,-1.9439084478597066,-0.5681362514782262,-0.21285452172307512,2,0.8950553483719907,1.0842815256579115,0.5750910302584822,-0.08890807922520633,-0.5800955531509697,-0.30070734916035435,-0.3874736220413234,2.2646394531883307
0,1.0849023696532822,-0.10592326289779364,-2.3413557353302705,-0.01606299462230454,-0.16224679963179087,-0.8549316755822931,0.7433850711418243,2.775908481254057,-1.1266363227587624,0.7397417430914279,-0.18710597701905635,0.05356499309133292,0.027407910089375875,-0.32429931770665854,0.5140664644104593,0.1607163476150857,-0.07608283360732325,-0.6729550578509618,1,-0.5346978668282223,0.4680332073219692,-0.837083612328585,0.1167609848087007,-0.06855093539383741,-0.9939523540879093,1.394272595976147,-0.284132162331482
0,-0.6292709014571549,0.3903314483286603,1.398722638399057,1.493468761970261,0.007313107523459913,-0.37573999943287084,-1.1277259147608862,1.6119099678990731,0.11273036649615631,-0.18865686048827057,-0.19172207242215272,0.14059275087978362,0.41856339610638105,-0.20580668318969547,-0.5647299579328511,0.2741445528468265,0.33753725583801686,0.17157826228273093,2,-0.1228789679996696,-1.4884326107363162,1.1470382681541156,0.05694618221429214,-0.06270220870993301,-0.14504638591509983,0.29613506009384716,-0.44893671561381443
0,-0.20841085578002405,-0.2544333852090527,0.7001956832310792,2.2432650750854286,6.964990237400189,-0.13840070568394192,0.8227671463711816,0.1523150782698237,-2.3112933702865517,1.28900662962804,0.17445902795278573,-0.4413661875558109,-1.1874487937686766,1.3014210890432822,0.5675842727348805,-0.3564809087796753,-0.24658533838144603,0.12110259386496913,1,-1.26135154492039,-0.20470997724378195,1.0834282085697389,-0.13858845242106,0.4647551615498835,-0.7270362301575453,0.6825369582841083,-0.7799550708786588
0,-0.3990658737177525,0.8100222389018371,0.7160971616793855,0.1637223075313437,0.7382780652215404,-0.3291416823129175,0.519543650374654,0.2866507871521344,-0.08348637771840811,-0.17749402134286776,-0.3501797989222264,-0.4263638698436514,-0.00866711979292728,0.6139225113684155,-1.8725870479406304,-0.5464565013855949,-0.1318945588238794,-0.03874351772277906,1,-1.87737378862638,-0.3560523383682478,-0.7426199847843122,-0.0479523044898588,0.17013583113696173,0.4494656887605438,0.19274870578731004,0.6423214980306817
1,-2.870546468290792,-1.4934116577405476,-2.561902712593742,-0.8566947896804263,-0.3485246346902565,-0.772170082330244,1.3068607061324644,1.759569918133137,0.31849213053368236,0.40166730384372773,5.353669049603086,-0.0008395173172328057,-0.8789653794982398,0.8553151429763594,-1.0392487498182241,-1.1486957185814608,0.08350134871841211,-0.21539776270199382,2,-0.31590056445139303,0.48596896430671965,-0.47620787943634435,0.28080878094440265,-1.09095311408826,0.2341458999023292,-1.0140083434888592,-1.695790920687818
0,0.6600555273695289,-0.43213405953576445,0.8663860333137523,1.4255477909676169,-0.5790505241447402,0.020632772157261753,-0.5543918664078998,0.07939640564869316,1.0275556505529815,-0.7030700239783771,-0.27570446335788285,-0.3125547466216163,0.12624363549191875,-0.4827829545710819,0.7329360801306817,-1.386709275309177,-0.21536257525560976,-0.32798021005875216,2,-0.9664801206702098,-0.6897624594234639,0.4026413092204892,0.1289351738012817,-1.0462049365666726,-1.2343758773054216,-0.7300040049003622,-0.6155444612538628
0,0.981998470107039,-0.4048038200298241,-0.48944784392720025,1.9555951405710297,-1.0216610123752603,-0.945650202733791,0.9074166492015903,2.004474457723976,-1.3751217477046975,-0.3006168558407678,-0.3608465677684442,0.5545169582488891,-1.194211847691226,-0.20051214162603928,-0.19430261735052812,-0.5733594367859269,-0.015091121695397086,0.3969097152496345,1,-0.7973080127680154,-1.1224302279094085,0.7549686593863716,0.08083075520481839,-0.3401376502117192,-0.4318346935660757,0.22706707355401787,0.9446236379773829
0,0.18061873519434246,0.2987697091378799,1.0045311460945854,-0.6316691369938437,-0.369624781422289,-0.34990797285518643,0.4967586383420163,1.3580801651178156,-0.028860127735140406,-0.6045563577787687,-0.37263714927173625,0.18993909612614246,-1.0156105125762482,-0.33080753917247685,2.185072961609059,1.6138164042550263,-0.1697947298198932,-0.013417123219356286,1,0.10916832322461406,-0.051459137036733105,-0.7935819480626374,-0.12275778039005064,1.072421257491036,-0.49420164077607764,1.476464796498685,0.21507312669066195
0,1.17872271312796,0.44545846607645245,-0.10654388863757694,-0.1194429238542043,-0.6662319333161757,-0.8184943348571856,0.845467678170036,-0.3307971515354585,-1.1801364720972427,-0.4588896842267116,-0.13287169462840492,0.6605111431145461,-1.7190191530584746,0.35816259060384714,1.7628812979632913,-0.03990392598249129,-0.33670887054353227,0.5363082931810501,1,-0.6846366508907897,-0.47571578467974746,-0.1805476008522252,0.04983724914186863,0.21813819109330201,-0.5818312527794754,0.3760692318667407,0.7753332733651324
0,-0.46523224997026913,0.3890311616074506,-0.4513690582423369,1.86357554164516,-0.5826247328625556,-0.6113682347470855,0.88020820381333,2.244332912200433,0.10501142215527848,1.0463451484082138,0.4249610362356835,-0.13289367271353408,-0.7610561945285708,-1.8095360014119497,-0.6741764785300873,0.8046176307306339,-0.42519695000886276,-0.2529611045865461,1,0.557081368085276,-0.17937594554229808,-0.7609415420751175,0.02841668597022265,-0.4539287914572967,-0.6287106222669163,1.064582240859108,0.2052040060740986
0,0.8398771149778355,-0.27198180823841156,-0.11461746052924476,-0.6387690219401453,-0.7314731270148529,-0.16634260638248766,-0.474133063000185,1.7569470757839998,-2.154486903323083,0.004320793022670938,0.18033103587750732,0.2226967758610458,-0.9415166414354105,-0.7352480311639691,0.69324380495266,0.19739087273045597,-0.0802566366011753,-0.10342737919477912,1,-1.0533990176134165,-0.09325151698443346,-0.778148370404141,-0.0022465975642282435,-0.3397544401666928,-0.13755236887153616,2.5067395656592635,-0.4641225680992339
0,0.8648190377091043,-3.97321422704135,-0.7282140683063787,-1.6666493914761644,1.0912459457931858,-0.6803535618352426,0.863944215912831,1.6488643983817561,-1.147603257859658,1.0914848356964872,-0.7918528382519785,0.18488055202329193,-1.6419814125218808,-0.260824929157796,-0.555190505551639,0.3147771761497795,0.022281788604691655,-0.42726203200067725,1,-1.2962321509285046,-0.7241664902472339,-0.7916540944651683,0.08635668397685925,0.7613249738757316,-0.854589332305909,2.6640233071313597,-0.7104376134706291
0,1.1943406337349336,-2.390962419173071,0.7381063029537893,-1.6112257498367888,0.32250596331446924,2.1044319431841205,0.7283065222888716,0.03178137987930785,0.24587528965773914,0.8626299898699447,-0.41701571868733056,1.5314695492762267,-1.5125181089769009,-0.4286028214524412,-0.6919109471219369,1.3232957968484336,-0.41912372852358054,0.27493271862996665,1,-0.5747430464082691,-0.8865840319141081,0.353821426126699,-0.045518487823510825,0.46469150442241636,0.6068355548647337,0.2952764506171876,-2.31159320995854
0,0.09571822352710169,-0.5979479096611642,1.1764071733432777,0.7432231970377093,-0.14476410375464682,-0.9042107734636733,0.565153490004088,-0.6964622867688601,-0.29514892830792183,0.29594854956652095,-0.034594694350848804,0.33404667570305896,0.29184808916460236,0.4952550216122603,1.3269849785168049,-0.7524823460344888,0.7450637969435508,-0.3542425911646322,2,-0.410319018531521,-0.3269240199934762,-0.7112305343311768,-0.02459098357906393,-0.82047121116906,-0.42489927409705036,-0.06865399406260853,0.7195502887338654
1,-2.370178856329334,-2.6990730368987927,-0.6578669291227043,-1.4139735245783056,0.15322841237549123,0.357007208722563,0.8468498583756776,-0.6413949786394506,-0.5105566366822425,1.040365543577335,0.10071785620020074,-0.6890523909080628,0.015675662223368525,0.31679014687154966,-0.8104549654972705,0.1539595677872333,-0.607181445234618,-0.42027511631675724,2,-1.87737378862638,-2.449110492392724,0.1684223121884056,-0.07672809787393556,-0.2887402200194916,-1.3531991162185966,-1.1907756989002636,-2.2871119467892917
0,1.2880022670634774,-0.05293069999047123,-2.7475380980741675,0.22037625197536348,-0.47661180878923015,-0.7992407734491542,0.6781191149762125,0.8184798621164318,-1.4963677371366584,1.2551210443850631,-0.6412482642592447,0.12071426355210807,-0.976474759071002,-0.7452525542494886,0.5150778539883045,-0.0026649822410161894,-0.5853966220867635,-0.43730300286225915,1,-0.3896191031225542,0.8417013859805773,-0.6988210852960224,-0.07674069356695025,0.5809101329146178,-0.340319703064659,1.5227570656515153,-0.4663001547997021
0,0.37481476812751235,0.2278255983216938,0.45621900511853253,2.3821441431116073,-0.4751834054237584,-0.7795323455698362,-0.46187715072321545,1.1746843676770595,0.3646618873737783,-0.38049014922758684,-0.19751941621345082,0.14845790490717609,0.8831899579030843,1.0249075928809217,-0.06054630955655882,-1.0851517856997377,-0.41506876031110174,-0.21599195182362005,2,-0.7058956262291951,-1.375700334716741,-0.07063653635017109,-0.10898886051317576,-0.8598002021558072,0.192102272283194,-0.8100329865006467,0.6556591254093651
0,1.4091117573040401,0.0788943744358166,-1.8263883472928353,-0.419504431004632,0.33646439316366994,-0.5828893691016271,0.752579898916175,-1.329746803817838,-1.5473037643946872,1.8447441681870227,-0.3620840995153922,0.47280999300754384,-1.3343504500024623,0.37896468295821306,0.1617926924854826,-0.07182170354915618,0.7629895861332562,-0.25434106913350585,1,-1.87737378862638,-0.2834485777905323,0.5665363710859572,-0.09606980262743996,0.46402815392827673,0.9393220778239719,1.2594784965813957,1.5323864165055123
0,-0.0723834629980985,0.09519736938580448,1.5328291909765253,1.3053250423134557,0.31359660764311015,-0.3543082097061419,-0.9294282575722297,0.37060186121169586,-0.2375842076940013,0.34125700995457486,-0.46426289549355243,0.17782285224789512,1.0905060340301418,0.21244551510096032,2.462458025832979,0.3829128475727155,0.0938969700981794,-0.5263703218450448,1,-0.8226425680726092,-1.2989324327271086,1.8063639267195961,0.04876949055928702,-0.44259154278872154,1.6041652723822122,0.5296603763187303,-0.1936600605305551
0,-0.49212862460918927,-2.2932202182726056,-0.4445120311205568,0.7296528998384305,0.050296507700706705,0.02082650408491782,0.5813505426160372,2.3195744103764357,-0.10362413683316896,-0.7005669969245061,-0.7138155132115382,0.29875851294981903,-0.6065686561032863,-0.7977061130352006,-0.23699030847529262,-0.36289839085659586,0.5335959976988347,-0.2292035489399059,2,-0.6410865538090953,-1.0106644740605595,1.1826188411285845,-0.0334280449044832,0.046615559011274066,0.6503393430590176,-0.14027693484441606,1.4332751517133802
0,-0.5227218701978051,0.414491704790943,-0.3062934354172368,1.1348932042234714,-0.8573449384040175,-1.2200288663442982,-0.6330514297259465,0.10761335577552605,-0.08924140218522852,-0.9070696840671804,-0.5660647459191759,0.5497557861495574,0.7283152733135048,-0.6797400170269101,0.3041473228385576,-0.18790348014343594,1.4673243324206973,-0.292113130485531,1,-0.9512070018749605,0.6930544298476907,-0.6975140710335264,-0.05952310703851686,-0.5205437929512873,0.31772439557331467,-0.39358169573665525,0.7193772881898842
0,0.8175138971128852,0.7921559212903652,1.8661926067048982,2.2998998211909374,0.18376212292155525,1.8274751857629643,0.5950517870939984,2.31328978892404,-0.2214418256975486,0.017234888035016577,1.6179669341579204,0.02622133260389936,0.467999499965233,-0.06550876917855508,-0.2261035416022611,-0.17331174790652515,0.2218815584764345,-0.45159820862267336,1,-1.6495995375408286,0.2369505918275563,1.297335621763136,0.09789967018455979,0.7371126877689593,-0.21355021140973157,0.8318794164209455,0.28359778420893383
0,1.6170744704894138,0.21169029127447642,0.3333944431551913,0.7745293402902449,0.24860626172655043,-0.09611867852009259,1.0514616899235112,2.133894646242842,-0.8429983976116664,-0.8576268351762409,0.252388273128763,-0.9099081557026334,-0.9177275288504115,0.3902975043548112,0.18338980413792505,-0.5460320243424603,-0.16438227724070653,-0.5108130415695924,1,-0.16805417243657234,-1.8554556417157564,-0.837083612328585,-0.03364718739668311,0.23410330922054207,0.4589259235927202,0.7525048822859527,-1.773728915870947
0,-2.097931107885827,-0.0955939492841213,0.7936386877462943,0.6780649460832006,-0.4229750296073811,0.6942319898742066,-0.45397382567013483,1.0138836177439559,-1.5520462118452694,-0.4457308521015518,-0.21829231906791818,-1.0476183599878248,-0.5777448842470998,-0.1893724842324266,-1.4815179647862626,0.41223393276929227,0.31031373482516345,-0.026873387810832206,2,-0.06515529615450533,0.22991086006017084,0.22303170247225784,-0.0430404422537111,-0.6971297868589365,-0.26430267965765825,-0.7764077080694956,-0.2956190434012533
0,0.49256961053410486,0.8147460780681399,0.4436799568740326,-0.3729060235267781,-0.2113966776499682,-0.7691242176902796,-1.8092627101791425,0.7154100704642887,0.02986159325431953,0.23916001940942974,0.33801653241807944,1.142597059044276,-1.4832484960773091,0.12672629095913135,-0.48914475164129206,0.2624356707306693,0.4106393203988658,-0.33041091872860523,2,-0.186556840477751,-1.411526772343605,0.07545021268738011,-0.007614077865894811,0.6685232573146834,-0.26203831674356737,-0.24971602866051412,-0.020261376556231003
0,0.27736553295723543,-0.3951192808588923,-0.47664146087457526,0.4045104057153269,0.868862225726007,-0.9878634432694283,0.8908372137656565,0.17507307832308497,-4.3588065752318,1.4638046224117864,0.09700231164321943,0.3467352384495862,-0.5721277870530953,0.0018905132573073802,0.607363094940952,1.944305268594759,-0.46202169595900217,-0.5983530586151656,1,-0.6327605528153253,-0.565839759237299,-0.6654457339717897,-0.05234823398434167,0.36613267879864175,0.2035216339331808,0.42411873458569904,-0.8396787349069682
0,-0.09157445810284781,0.13052427493188296,-1.7631448429533003,1.3712802820257706,-0.4820577496772721,-0.7702223746535363,-0.794081173543975,1.4021857097067398,1.5121369286326112,-0.166281857377458,0.41830664986667854,0.05274930584228105,0.18173394216883665,-0.8706418718248304,-0.1639885280039537,-1.2709250794993046,-0.65175997996054,-0.17311331918231904,1,-0.6909152854542546,-1.5843315961615068,-0.34776894098995953,-0.06372828579005001,0.07751490094979091,0.1598599114997335,0.15665095413870964,0.64975340714599
0,-1.8907935175915,-0.4056326900850071,1.1299662204107839,2.7346986377202813,-0.47216511166053676,-0.3792633051196048,-0.9038460437396334,0.4700328662173515,-0.5489013163658041,-0.2844003274764554,1.0241944787565314,-0.16894285516970986,-0.6998091722436629,-0.4030843413586534,-0.23016019497339144,0.710948864522994,-0.3355099279617655,-0.5485723738901107,2,-0.8009909413788181,-0.7289395467814919,1.5234727158161023,-0.04019925119366992,-0.5398640410647311,-0.03153137812734241,-1.0373711231770657,-0.13288650714564826
0,-0.7657776808666599,0.5549319592644075,1.0049678876651393,1.113569941554416,-0.3001663041088968,-0.8526012027295005,-0.8277076296617224,0.8051737877766401,0.08307811870598214,0.17531438890127704,-0.5931152555924599,-0.14480057698944243,1.2764333259479432,-0.4301074130251535,1.774352383248587,1.1831126073265965,0.3039433297256597,-0.530215444839403,2,-0.41333814012150716,0.21846633980003005,-0.563163004215007,-0.13858845242106,-1.0120480568194306,-2.6026738642468947,-0.9246895993166,0.0008464025187697177
0,-0.15510780353052378,0.16157377255338856,0.27115393288554906,0.31710477487729083,0.1946579546796539,-0.10345894598623662,-1.9355314017349423,1.0021209197871146,0.5589366382821498,-0.49529871969587913,0.31122508453646547,0.41405454393100494,-0.17072879586725914,-0.15592471017093273,-1.0237854182144588,-1.6664271943198878,-0.12582360443278137,0.7975362617161508,2,1.9674330891144258,-0.22996453697567953,0.060581728038520855,0.020119091650451934,-0.4039099663514041,-1.111997345556254,-0.4085392806352556,-0.38708129277529857
0,1.2515956211065256,-0.6717725597153421,0.7394052246895009,1.8471136943381694,1.1155727659791022,-0.8328998622956834,0.6363343290878238,0.31404228607070533,-2.074746435111342,0.08035580968368072,-0.7443936634610471,0.42715807515186577,-0.7877202074132279,0.6549488024221398,2.262702941707409,1.645529709267236,-0.5871161383562079,0.04039081584524362,1,-1.242260769689155,-1.4903978689390014,-0.803503872580277,0.02831485087598852,0.3363771165363224,-0.03381029568294458,1.7278510602168073,1.592217163566041
0,-2.073376542572065,-1.0535560299735338,-0.25214773932774986,2.2243989535124093,-0.1995420527621261,0.0657359225284147,-0.7098280536075862,-1.2687664526390159,1.5496381332145375,-0.2757810017104868,-0.410833799400672,0.8285506121356938,-0.6437907270553526,0.40389904890844264,-0.03712985182051953,1.475461217404286,-0.5004853794360805,-0.3111869048719588,2,-0.7813139020449498,0.5579445260832465,-0.5048167346828214,-0.10738530111090429,-0.11508092780839249,-0.1723480906003126,-1.0244801612111132,1.6887401200611172
0,1.7922780717275506,0.1892634271714736,0.37861340057970067,0.4498336183153183,0.5329654701465655,-0.2276733052862725,-0.9152336831966792,-1.6865260830353908,-0.9069959529151659,-0.3644023351087592,-0.5417697852769455,-0.3244961027254638,-0.06689955382907775,-0.5276172632421969,0.3363104254173842,0.3892290214344794,-0.17787667029303755,-0.11018843259501893,1,-0.35452638903191686,-1.5668511066738393,-0.40899804131282635,-0.07295736254798421,-0.16905563937340118,0.7865495064820114,-1.1374674671048075,1.0281733240563016
0,2.084271491291741,0.18514863259741637,-0.07606959210508177,1.9429359390476848,2.3280398150427937,-0.27118560201570413,0.58430564038671,0.20328818807891486,-0.2557564981817337,-0.16125317912785542,-0.6276246852875869,0.8613449340200068,-0.4398822338210913,-0.19234994229054123,0.3232842313407598,-0.7490284533652304,-0.43347544960543233,-0.42358410860353046,1,-0.8334384377054445,-1.8770878333766459,1.430156868953604,-0.04876077560346563,1.2870966297202608,0.4788903189110421,2.35869366458944,0.6930967935156317
0,-1.1982267516041074,1.422133218292542,2.611371287190387,0.7806414207596791,-0.6938565472535345,-0.5300139648167248,-0.4369189550674694,0.8041274032548686,0.30978478215146776,-0.26031785429321985,-0.6234134025468021,0.28505913910036396,1.6333616997110925,-0.7857272756286373,0.7260600359366539,-0.20833713241266294,0.7887218221028307,-0.2601452497716634,2,-0.6242505045762639,-0.2934857919609817,0.20437623771479144,0.38968047364998104,-0.9986456654234687,-0.21823412758690258,-1.0025891713583204,-0.8572130824977183
0,1.9142476768627508,-1.1055022996211448,-1.5601489755188396,-0.8678823917148838,0.17498697292173904,-0.06815172958881631,0.7275939859150554,-0.25678163675622334,-2.4022379796783158,2.954218484895441,-0.75832207327051,-0.26939332522770143,-1.7278004986321287,0.07831540743768717,2.542083804628618,-0.48716874694824097,-0.3489374011885797,-0.35305028099524827,1,-0.5560860902192016,-0.5906273691855748,-0.7545458265345886,0.03043311703228198,-0.10230175920086126,-0.24105396978387728,2.0118259233002087,-1.7087554031240084
0,-0.8173892809552572,-0.06248234548780329,0.8071218448251083,0.4922183690943342,-0.8200973971117695,-0.7279868862444617,0.75341448782562,0.35003983440542524,0.09004527531731743,-0.58526751393297,-0.3871873920996561,-0.285024798545036,0.9498730509055983,0.027354077410740335,1.7861067247278624,-0.9167724225233546,-0.3112941991586205,-0.4622882797252929,2,-1.1547556805083448,-0.017465342732052136,-0.837083612328585,0.008626654603436326,-0.9186795042470912,0.6129093581973817,1.4077553115869734,0.8052975214756048
0,1.694294016260312,-0.7233924993886203,0.5654014766004116,1.483535289669652,-0.18812136986305267,-0.6299750479021516,1.068569087146092,-0.9967347361857484,-2.3036218378915776,1.4230811360556093,-0.2764036539402073,0.6934069233330123,-1.4407008698507546,0.07507238088130767,-0.907406108036381,-0.7501864627090206,-0.5419074572209082,-0.13364351891086945,1,-1.0789745083419628,0.05756486409876155,-0.66133615815816,-0.09726266427800073,0.6996048288237016,0.8396763642909234,0.7738485039911716,-1.1458925240437736
0,0.678369995406243,1.2647590539059932,0.7700996503408309,0.9725663371500058,-0.534119004192954,-0.441166805525134,0.6196094822037801,-1.6034035099675403,1.087549602667282,-0.4745949389850052,-0.44404016707379124,0.7604172011856722,-1.2028235531088198,-0.6963655963183035,-0.2958663203318477,0.2268730703203896,0.20736858015134935,-0.1798985123481058,2,-0.790029707755566,-0.2510783839944336,0.0036704239125748828,0.14544068562641824,0.14089222818111985,0.4025822208783901,1.1046165810020905,-0.27793845576227894
0,0.3098729728087859,0.0016825580287462838,-0.5852006161412121,-0.5606433842249847,0.1233654780813132,-0.6382635951004858,0.9749101667726429,1.1668684564564835,-1.2889373155806494,0.3184247842376092,-0.2173475973760537,-0.3321477766344532,-0.7225463710406379,0.13521812865285254,-0.3900303592017168,0.03147566472456287,-0.34333721452825433,0.43101699597957766,1,0.060015002324196015,0.23812748435732753,1.814450249464624,-0.13858845242106,-0.5027407249447262,-0.834472815315034,-0.40688257814241546,0.5780567309620096
0,0.9311669036605956,0.40228926421321587,0.6895063581587496,0.8798375915336063,-0.07502866487326604,0.24150396049612938,0.7870224415181999,1.888869619745302,-0.3219054720584504,-0.027106829595424098,-0.46069644011756333,0.47390434187211855,-0.9411672758286187,-0.594121439742619,0.3278286789877858,-5.080453245042514,-0.42710353683687996,-0.3461467773128287,1,-0.2333741912209479,0.32814064148092004,-0.7461854917140077,-0.006189348508851972,0.24987347021168044,-0.14863752065498775,1.518003575768848,0.07033099740798646
0,-0.603013968727536,1.02798727368468,1.3907906418057498,2.2751394283056383,0.16949317164101763,-0.474084695614515,0.5705391886650562,-0.600222336545456,-1.2677920318206128,-0.07960463402122261,0.0980434818094909,0.5658256274841098,-0.6717069650317102,0.051457422401714026,-0.10425722462906784,-1.7719811279715618,1.0343075410419158,-0.2049069135561928,2,-0.8319295496137782,-0.30188622496074746,-0.28049545483384813,0.07230644983627099,-0.9309607500111341,0.2786365868742548,-0.5672487894872233,0.5928908327345671
0,-2.6625818728755144,-2.1836621931056435,0.22854804326718187,-0.7538828470557029,-0.15456330966911358,0.8087776057856613,0.6722948411754573,-0.2169046786233702,-3.575327976036744,1.6627645390492574,0.9222444656143736,0.12359256174854066,-0.906774999048327,0.41196666731878695,0.3252100058191605,-0.29995119272813675,-0.27346419774798647,0.33234462678156995,1,-0.3916573588985838,-0.2638335044571549,-0.6995229690655198,0.010140593300378753,1.5769152500315498,1.2849104584419864,1.1397521728859363,-2.0461276172842124
0,0.31782177634114706,-0.4037158543115551,-0.5252786956509985,-0.5084412314958028,-0.10431075774915027,-0.5192928530173333,0.5642728395520227,-1.22913857747619,-2.0204228595898197,0.5394385041618931,-0.4982742409780337,-0.4387526803762726,-1.128054407463664,-0.5872541534524156,0.3352477023493049,-0.2946033681413712,0.2848108633788491,0.4046910193670042,1,0.05494531461362309,0.4546778545704756,-0.7625796512631223,-0.02152640634099305,0.7619180409402094,-0.5599357070829237,0.7481322220193887,0.44109102449061555
0,-0.21115642509090132,-0.7602905420273651,-0.5858859381114663,-0.8796288257737643,-0.7668559032291891,-0.8152758779049046,0.6572796257726586,1.2897430491549686,-2.7907029906220018,-0.07427076332067073,1.0420070554249437,-0.014357457645909677,-0.3252901361692808,0.2653441365608525,0.46121386411111853,0.3040581694479437,-0.44062702847103175,-0.6292147533119407,1,1.9247699214419731,-0.19860062203498455,-0.837083612328585,-0.09740485480087699,0.3855712329458849,-0.9501013396615521,-0.14908728789772155,1.4175413697167945
0,2.0556595779887203,1.3258361585232254,1.0393961275277328,0.6228299020473261,-1.0087055770990976,-0.8956844067691564,0.42216227451527727,1.8538538298798553,-0.594844513597563,0.831414267679682,-0.5304660131937042,0.6937514151341313,-1.070686888669447,-0.23479528724620788,0.9396983105236997,-1.7219320829561267,-0.5301540077622842,-0.33388419172571143,1,-0.15161077790656938,-0.20444581838460474,0.25349630594638084,0.07383527723002178,0.07093975750231818,0.7635736959128826,0.4363928277369641,0.7035167063384702
0,-0.816381868920016,0.7482705196304112,0.2450778163115974,1.9030159965457525,-1.0984244432543941,-0.15844698672499852,1.1557591421291122,0.9812626018759645,0.15352268549503223,-0.1046947211772365,-0.551657498587292,0.4381873886871775,0.3840669404150347,-0.6038155692951759,0.7095621030920475,-0.6251292463524148,0.6888844397298352,-0.4134450199666968,2,-0.15813456400595247,-0.09681653381626376,-0.21138828836894574,-0.06292708414985512,-0.9369651515140168,0.44960912264952924,-0.8289256100535767,-0.7901367745734887
0,1.459467937674173,-0.2507743948224518,-0.5615645226041885,1.5219069905818468,-0.6306965772733901,-0.3914076963898435,0.9294478986473904,0.536985151901612,0.7128726402960532,-0.7713609211560917,-0.14677785506011326,-0.4479332354139885,0.9101006435150384,-0.6866974725144575,-0.6564726452436368,0.03311090841394515,-0.33285462062047017,0.06856523096666367,1,0.20964221614895595,0.12258936215974103,0.5165982838366553,0.10459112182097707,0.2472286568554014,0.2583745851637499,-1.009728169666245,1.1632403555083146
0,0.6243434707101196,1.3511597222422111,0.19192227814431145,1.5539368164326093,-0.7352598479011855,-0.22145396371249437,0.6820575716610104,-0.3572970727882319,0.6309908025595732,-0.25918418500617846,-0.3064705620604328,0.19888641162288845,0.7342960351780673,-0.12997158041691867,-0.7370426369902973,1.2110734360700004,0.33440139400738045,-0.005453392371934707,1,0.18343791356892827,0.48442276631906056,-0.2381989706890982,0.032159522809183896,0.7912838151525812,-0.3047302804355001,0.2789355568644063,0.3270965414586588
0,1.6412113251924665,0.36185930201833794,0.5432546651883953,0.716654824203604,1.8742959301173188,-0.7601481299120186,0.9540946674163155,-1.2053546550132803,-2.0405907941870933,-0.3546225708629422,0.0416109796494224,0.10760141813218294,-1.587556090422804,-0.18333568611278017,-0.8054632323472763,0.05028460251737921,-0.09594235411702906,-0.20220594115674678,1,-0.7654527050110931,0.34110066618317425,-0.7206855422284671,-0.01915165039427094,-0.4641078128240059,1.345837718948724,-0.6814398230642098,-0.8063678721186045
0,-0.2339395172039943,0.5121491716442468,0.5001357207442392,1.1456390660789253,0.48985805753703127,-0.7398746088962562,0.7924067074889166,0.39517980219019083,-0.13093255156235273,-0.5864755314852234,-0.7611401486515152,0.06722459862175983,-0.8362633869968442,-1.078767834483584,0.3382385927384367,-0.09625015637026543,-0.023788309959118736,0.7099772844111807,2,1.6489482896017007,0.29474493734415064,-0.4667019089290578,-0.09887565027730542,-0.06895216908962262,-0.5337823869408448,-0.3073140252137548,-0.4658438391644296
0,0.6242726301228808,0.38890426641612985,-0.03908052176740631,0.9398515750122396,-0.10995290592544923,-0.1068629164146153,0.5943802829689849,0.9065170984593277,-0.17803270901451604,0.8712773545565395,-0.11560119265516963,0.6215518212979445,-0.7929863166777287,-0.6705676820800723,0.0357132805503102,-1.158299255370566,-0.18550425302837714,-0.09370329709837302,1,-1.015146722303731,-2.588161405168524,1.230507117919662,-0.027361089901809438,1.1336943309631469,0.05940889771704516,0.0237263431974174,-0.5379954901215509
0,-2.0251814966460024,1.79413273986177,0.18075591859161344,2.5341938814167797,-0.8934461061914962,-0.25826009840336345,-0.776538739466494,1.3889857059376989,1.9755498447912505,-0.4670865564706166,-0.9835248427755785,0.9659428190804566,0.8496846946446173,-1.297058760276283,-0.44558516458891995,0.16559460941856424,0.6397219904080309,-0.17188338390554403,2,-0.2021252593936816,0.5689340584893425,0.08888138981743254,0.06301263610092908,-1.09095311408826,-0.5142742265132053,-0.9913736999889864,-0.4652083811676385
0,0.48545168981105735,0.37802046747458723,1.5760731496162528,1.1929223116026977,-0.7117174303623477,-0.8975471442943012,0.4345255280674669,1.387607527546284,-0.17171405107852,0.6104090248932668,-0.6827812213145398,0.5394989628735261,-0.26800368362366467,-0.30561950205723787,2.6735383396148813,0.67337698113678,0.10371336113651579,-0.5032704579753144,2,-0.47891163976784873,-2.7568239167899304,-0.5625438484321211,-0.046887855304623846,-0.12176791705108297,-1.3832534001266805,-0.009870146990302142,0.49841819449411007
0,0.2248577595984885,-0.4798287318967348,0.576635009300867,0.5159305558527414,-0.4997828085250582,-0.5462123153734488,-0.9064768370687522,0.06734036383331743,0.10812069479405573,0.3176601173373811,-0.3166964727936704,0.08520287277921453,-1.414419680574928,-0.1706594378993005,-0.39588782891937113,-0.03294346878014931,0.24590989793946202,0.04118245034876078,1,-0.4294507181428623,-0.7905478625398078,-0.6663656167282848,0.13853098783725604,-0.34721298594540206,0.7238686359061968,0.18277537093435836,0.3393900306914126
0,0.645904689217178,-0.2974983064455622,0.3212070545782442,0.1921497184759784,-0.09996908639140534,-0.05233990099406116,0.9822746002268634,0.6131094939604786,-0.800778871192613,0.6059270474218751,-0.3623645348610698,-0.5227892885292755,-0.6504450286707553,0.4866495844492369,0.9673907140051913,0.4388933971710049,1.097755793405535,0.29096067542327436,1,-0.22425280840950143,-1.5528459877169936,-0.01401998183582931,-0.0241473417851535,-0.1851122829582511,-0.3350146113227303,0.5009173910281026,1.5425698238023031
0,1.5670878850764685,-0.4036347664503372,-0.32199832988404015,-1.2568652245594236,-0.11307842118769183,0.13988779244799787,0.8966060358412623,-0.44662479228063895,-0.7890636468229204,-0.4238203948546984,0.18503806194005917,0.488628088720972,2.646249697290238,1.8455369161244355,-0.29066561917850053,-0.42462971378312775,0.13042928330111883,-0.04630760830629646,1,-0.567817957405161,-0.38998885528943616,1.126339456724379,0.019568588976071125,0.21175695074321643,-0.27102191533464237,-0.1491918421750109,0.1971575908235118
0,1.2130522229401468,-0.10094062880764265,-2.3269138245289853,0.17276699319792238,-0.4701655209097035,-1.0065531043622475,-0.361368540721863,0.4415530637384708,-1.5922361372954066,-0.18612230404711297,-0.14076965573851222,0.8345494525453439,0.16034101679021664,-0.14188818540951686,1.7041700065790333,-0.917658507611912,-0.2931350322041416,-0.06876747586972226,2,-0.16983354796876848,1.3781834241695456,0.7028002515255318,-0.132534493704634,-0.34174664068505606,-0.9767394084981896,0.2368917925205993,0.542094216238264
0,-1.3174831392386204,1.5400281445141553,0.9963940049188411,2.0759162945555456,-0.41526060378423957,-0.2934191583108279,-0.9438497423331228,-0.4584755900230707,0.08085933018818803,-0.03639879804479011,-0.5134836802702933,-0.017825100200366095,0.9871561735020944,-0.9675274182689726,3.9786982287264476,0.007115638402616309,0.44811460341701087,-0.355224650429983,2,-0.04768393875515417,-0.5318931795075077,-0.28293054764443654,0.04164147064312286,-0.8240912230109021,-1.7972360587210918,-1.1403273938088665,-0.24548154166910635
0,0.5134872436045123,-1.1013354523718784,-2.583893816005767,-0.7071843541823644,0.5830455468744105,-0.029479272645204807,0.8504064391884263,2.0412039413735843,-1.3194193209144613,0.2834628116611313,-0.19014842348696054,-0.36867024370912144,-0.48094929559988914,-0.30534138658943355,0.21490255069557268,-0.10638932751910576,-0.5673071492864031,-0.3734072904531648,1,-0.9923238492668507,0.22073686784495172,0.1877726377583222,-0.03915862323114935,-0.5052580377555694,-0.8333163029358583,-1.1036057327331927,-0.37537465907073964
0,1.6607054692915897,-0.3171713390960937,1.0407970638144133,-1.3354274594723554,-0.6238381665002902,-0.2730450614257353,0.698529255565199,-0.7943982153956214,-0.9006043862076493,1.576579142113987,-1.0451074554104332,0.15078175386999698,-0.5634721858621536,-0.8769726008695923,-0.8001757378656641,-1.3457865218221183,-0.35435713531703816,-0.2299796805111122,1,-0.5799388631184053,0.1377549111441145,-0.5809325778349907,-0.0037469770237462396,0.1251828870141415,0.738169202667941,1.37589760631956,2.947641350423437
0,1.5851165988525335,-1.202866024828113,-0.8652343079619177,-1.2089461118348142,-0.008135527539454013,0.3924351025371986,0.8875246575730975,1.2696242016800974,-1.1936791791345969,0.6553614171964957,0.22038059363754403,0.08040816363585718,-1.78526162662461,0.22725142823329264,-0.5295851956546994,-0.08096575370968417,-0.65175997996054,0.9952638094937285,1,-0.21450242811273723,0.26123393761907054,-0.6911848491054371,-0.007637500380577582,1.690487633538837,0.5078065055485459,1.3206038867128265,0.13084368101433327
0,-0.17163848211977994,-1.5265044391845901,1.1826268505372337,-0.7077876947351209,0.8428210930390332,-0.6877064164877087,0.6089933822011602,-0.5436015160175238,-2.658502617768698,1.1633056317724444,0.15598206419391897,0.09226992445923504,-1.4054274429161813,-0.28324230051264176,0.3657077765763106,-0.3346753371378789,-0.5336895060144756,0.687587951044454,1,-0.5999142093959151,0.03408810331725787,-0.5265012890681117,-0.002851978751948543,0.6615987509109409,0.18520172450978056,0.28732899628561726,-0.1804307784689275
0,0.1977661455654618,0.7489441806734563,0.6060773166106567,2.141283642835363,-0.6008412039156028,-0.8624748146581419,1.0089308735673654,0.3625261767610162,0.08105468447474828,0.11356499304964163,-0.8603233468335059,0.7709632175676319,0.7313967320853432,0.22176804872219497,-0.7424539558137537,1.2919246564613753,0.8625036638863338,-0.41292626765494855,1,0.7622495115485817,0.08611705928692553,-0.8184855414757328,-0.08191867363701824,0.15931403855076964,-2.3438880680037695,1.7442297245165712,0.40390793607665143
1,-4.562382714089893,-1.0185473204413935,-0.7898478208666744,-1.9070998505085421,-0.1104746387231719,-0.13722780922388217,0.9072389427110729,-1.3038335009753896,-1.3164250032582343,2.9198282180134094,0.16483516708634316,-0.03271810978473218,0.3564464786084012,0.8753287814988112,-0.4960035088652339,0.16182848104533726,0.035581233828609865,-0.16641193270080268,2,0.5216970692212985,0.9358855632567796,1.2374804206933852,0.1567367368330027,-1.09095311408826,-1.0374077953500742,-0.7974546964603451,-1.5245014928842944
0,1.6255586593813898,-0.3262054434801944,0.20207517644861944,-0.718568915479518,1.0188724307011379,0.9613533373036549,0.438545832540027,-0.584658095706052,-2.2779646379272167,0.1008849179066521,-0.9908828645841763,-0.3156188865497118,-0.9696181908645845,0.3110172220743723,-0.1567286628887129,-0.14820260681383884,-0.3882380224415647,-0.2771584710469209,1,-0.01927607785054053,-1.5479302774631103,1.2461040158005152,-0.08888456494438929,-0.03829970263088034,0.980722472713577,0.8608849938264193,-0.372345155140431
0,2.0011583501121786,-0.05181123565560797,0.05876136036769303,0.29995999985019384,-0.763183813293832,-0.2842273722100592,0.9517596556195997,-1.4012053215218025,-0.6822816249740355,-0.405609099540703,-0.8595361615628304,0.7222272111964578,-1.3038141464293305,-0.5421162872057458,0.21358046171482914,-0.6969910978586886,-0.5196249383517848,1.157539403181834,1,-1.5059347217918129,-1.1558251665215384,0.9003790852750017,-0.08893515023481334,0.6854324965670634,-0.3235572929137718,0.4497827313055974,0.5854597477715724
0,0.09351013898908067,0.7689967731794494,1.8080305014654727,0.920542013500233,-0.8099919046743491,-1.0322816110221706,-1.101670256356558,1.2478874704714134,0.40149632073376873,-0.7230056002752475,-0.498709972277076,0.5410036785228972,-0.725946830113242,-0.8567759025632342,-0.8109867189094108,1.2391863077591656,-0.3482219699677037,-0.37127809649961324,1,-0.47663030499184245,-0.05724395410967764,-0.4647396808601197,0.15546287577190832,-0.3910066837634708,0.24832258512192085,0.9995260607840774,0.9967046446467619
0,0.8978107001894851,1.230786617260539,-0.233753123850871,0.38728827784883346,-0.23923587398899143,-0.7834759691397977,0.6272445662754795,-1.1266679391059953,-0.823721881323791,-0.004424631058706718,-0.09778959335399734,0.3970818459279472,-0.5294217610517881,-0.8744651116901352,1.356754293921621,1.372000904002371,-0.49902612081621767,0.22556349739234693,1,-0.8966254912193135,-1.8207196546002926,-0.439991992240092,0.13483202866858143,-0.09356973075838934,-0.2146443952387393,0.9038705133352671,-0.7037218657737122
0,1.621389285907708,-1.4518418988604362,-3.42590343408571,1.3140282547568451,3.134389503720312,3.2222136967883492,0.7927081896006076,1.9661238274617219,-0.7882424713708198,0.6978942546015605,-0.04828842052028752,0.8297404750643893,-0.4558126407688712,-0.41473188370549796,-0.09996433613385736,0.20276315442312587,-0.40650187412886063,-0.07180165498337138,1,-0.5191808597951114,-2.1032042553692274,-0.7778780520557244,-0.01091850041624906,-0.355812563858382,0.04797817997713838,0.6711308484990852,-0.6586206135785966
0,-0.9135333223198151,0.11227364562619113,0.23206116941731392,-3.12024727859069,3.5756961073964044,-0.05677752211968756,-1.651995578327503,1.9740054592149705,-0.4163685735979758,2.0924570724757885,-0.3476115998564211,0.3859705496479498,1.3053373323504787,0.23689435840808576,0.49338319814841325,0.041806039952089535,2.650945333437516,0.42550132832189874,2,-0.8298048334919903,-0.8604671341064278,-0.04394094687296846,0.06092376948209105,0.14661121790685616,-0.03879843421118889,0.4767934541298846,0.4988472405647847
0,0.7400933063129472,-0.7537233540270979,0.31316994404172155,0.3318175758286933,0.6563169929165241,-0.017704606355411587,0.6958560891946315,0.17896477143765588,-0.6951832607524596,0.8997986703834953,1.5403845725027971,0.5260134738032963,-0.8191586346383923,0.29001288876038034,-1.1329703479042772,0.42666168713274616,-0.21216402690456904,0.43437650431598607,1,-0.010272965816820578,-0.18745140148717146,-0.6196281261497208,0.06995397478750895,0.45095663740232284,0.29769277385704507,1.0433904603245652,-1.985411134709476
0,1.018630971419741,-0.4980127572404905,0.14506294463595404,-0.9296003276694822,-0.33446112305932224,-1.4820879977786858,-1.5892702844189555,-0.7451998258645005,-2.904654283521915,1.8382255075823966,-0.5156643083273743,-0.1675779311182024,-0.8165686436339581,1.1461303160526184,-1.270907263245949,-1.4213698407704412,-0.6512052915715948,-0.2565132909722006,1,-0.06828034420294449,-0.7090007403493308,-0.3294120102854181,0.03714120878936855,1.2070481258025594,0.4996300584502153,0.9393968254489073,0.13092918394885544
0,0.06791950705846331,1.9663214899220427,1.2314121707927783,1.3640765249742102,-0.18583592569870402,-0.4299840915458702,-0.5656224304979819,-0.32017237375929986,1.054841458542082,-1.3807402475293462,-0.4465852902239692,-0.7784503979539736,1.2742963851661666,-1.1526902113765736,-0.6579842934530966,0.02286239530117895,-0.5081220495853789,0.23746273176899219,2,-0.41383323060707855,-0.024818482313335277,-0.27469834871243826,-0.13858845242106,-0.592556126402506,0.08839069497542096,-0.49532775149760144,0.5608342268837131
0,1.024495304702221,-3.017572190372481,1.0289297381945668,0.9951433348555622,0.2545957060968442,-0.4975779914938202,0.8001477533316165,-0.09681433884792742,-1.4721428596747765,-0.4118896724605012,0.9944701746684161,0.27910498589177724,0.26270206004916086,0.10438027543706643,-0.11033447957943565,1.0143712562222824,-0.587217921622285,-0.13214510025166631,2,-0.8496837381166453,-0.12335713698813855,0.9086385831364848,-0.020873296989589125,0.4375324471673767,-2.3310494608814123,-1.031787379497253,-0.5203643085752571
0,1.857109312809152,0.49431724877598704,-0.580969109598617,-1.5161769392558206,0.0730764341308753,-0.9204386593078918,0.7760827295413794,-0.4721878767309621,-1.0956915166502583,2.1554230058380828,-0.15206827777966242,0.27805872666091064,-1.78526162662461,-0.21856406393954594,-0.6183024553306212,-0.08902935380450328,-0.2666371265609717,0.2937348271970856,1,-0.8740930589326612,-0.32651719681143876,-0.22063220614569923,0.21974373305586142,0.3246317021750645,0.5891366514096318,0.4074344421329722,1.0758894133228472
0,-0.6624073293557433,-1.366537939187755,-0.2577931605832675,-0.7580764592796259,0.5386638296918382,-0.6256787592531106,0.626699288774039,1.569081825198452,-3.83066703725396,0.017749905770182095,0.3876329588756057,-0.08344486234940829,-0.6274179116106184,-0.4860046622988985,0.5661906756179833,0.4989693495003121,-0.31672313379429684,-0.5508871186473725,2,-0.923954590896682,-3.1515521995315847,0.5877610650087364,0.24186348010788794,0.4563513997332867,-1.276686524110183,1.4988617942715328,0.46314860579742334
0,-0.35703258941854554,-0.5998753773608307,-0.06989014792070403,-0.4320034403346256,-0.2065644272262297,-0.7756852671300744,0.68932582531244,2.1092248836551937,-1.810461002980564,0.08320071303379639,-0.20912341788190186,-0.09959047145197542,-0.8042551365521056,0.05309531537583663,0.7662865255987839,1.0063054922467476,-0.09819491633489265,-0.3143234624547004,1,-0.34439220773385437,0.7158560107530441,-0.837083612328585,0.3591959889596502,0.3559831472190882,-1.2566225081494784,1.3103682609356515,1.9685581217382309
0,-1.1227480012690119,-2.7242136150711294,-0.03810116588802101,0.7181586572223309,0.11973799254897022,0.6195086842228263,0.5257492534210242,-0.6235357856111521,0.44851379090235477,-0.1512208672811176,-0.17076625930723743,-0.2315394536940175,1.0526702056224764,-0.4661940846421416,-0.8603938486304773,0.2754705327105522,1.0475795100828529,-0.26044257086711936,2,-0.6167403843090975,-0.3757935748453922,-0.4048369116969649,-0.053225269233129605,-0.8902949739478728,-0.20291728172755932,-1.21975314077183,-1.0319037960101205
0,0.1852166120384161,1.3571845937993738,0.7961795682187526,2.2501000303396435,-0.7763303490202225,-0.21849856438664278,-0.20766846160382713,2.0956179484168826,-2.1795522733173747,-0.24831311822512858,-0.6710274081370241,0.44443374734198526,0.8721450880258735,-1.0244025800812322,0.46540531032574806,2.019523681943795,0.11823245433592844,-0.11012800399086217,1,0.0659710434344577,-0.8361364779412768,0.24977567649608604,-0.052341059810806494,-0.9625191379048007,-0.29488358355141336,-0.7555194570563984,-1.5402585278737708
0,2.1023191647706114,0.47696230475075735,-0.8421971558146255,0.43071291334021883,1.195095600163974,4.174047468998637,3.129960966234006,0.226702350923382,0.4137459352763437,0.9081590078245866,0.6173794505648781,-0.27919437879149256,-1.78526162662461,1.0166721308915532,-0.7894743149827494,-0.45320987121904766,-0.3497692011714598,0.37822337471885836,2,-0.27091072685622447,-1.7082382590219445,0.12258764533707547,0.003332065091518163,0.6933235559976058,-2.075366064877816,0.08623413967042959,1.7574913374732275
0,0.5418734465009787,0.7788454387773118,0.560150549929235,0.9047482387906801,-0.2543230181621837,-0.3548051593129525,-1.6833999491223166,-0.028135228887066432,1.0184084523405348,-0.6437030530947844,-0.38466083848044075,0.19698420560922805,0.7117719520441727,-0.06395155475744252,-0.6699854324220994,-0.6095630181370993,1.3640051822744965,-0.1216894063163319,2,-0.7287741745094543,-0.9100397663857107,0.3956805531864399,-0.08158061985579829,-0.7043682436370278,-0.23955610928612897,-0.5552693660354272,-0.14541304111145542
0,-0.8324736764926117,0.46056210915376905,1.1166273476926813,-1.1639280726868524,-0.8173052855892637,0.6557935505026253,-0.536559232064271,-1.0604431183150704,-2.981752855532501,-0.40898969526476847,-0.10154918183552072,-0.24964172841291746,2.091462777560827,-0.20200247761657666,0.6155009500739839,-1.1722162023185216,1.1266835498939336,-0.415435421971847,2,-0.8040166023852999,-0.18123067444243912,-0.42277737387501346,-0.08106728642944076,-0.5693696185354316,-1.038501023020976,-0.7041500366093562,0.8533989383671328
0,0.5694839806081768,2.2725010429417942,1.2292702826476143,0.6570791519696512,-0.23320922265889854,-0.9947452590791893,0.592791539687022,2.6144627656630615,-2.2645530048745943,1.6810792459893902,0.8734893589631143,1.3186489485780082,-1.78526162662461,-0.027407869091403192,0.23650778181871257,-0.5731633465944921,-0.1172326902330558,0.10575240276896725,1,-0.5922874546281555,-0.15043333309632592,-0.6447912990577773,0.06663109142242093,0.983461328369296,1.1217275080501725,2.135383549622409,-0.4994285400393733
0,-0.01023473444814435,0.7700224051296328,0.23943498615805278,1.1883666843490757,-0.2888598760990403,0.10213341297550899,0.6885626150967022,-0.7591047640124998,1.1437891116004875,-0.7097454872761617,-0.17627593829564087,-0.014250948714121199,0.9138950707844742,-0.0953458213335086,-0.9382784688655805,0.055350487138772664,-0.11966603019159222,-0.42818461613493486,2,-0.8446782835903969,-1.7601243312404642,0.16379961480541233,-0.051577746732760804,-0.5749452189676512,-0.46176513087264137,-0.5300539822291946,-0.6102802535956438
0,0.3040964000226047,1.2845082309348772,1.4005736241849163,1.2295901098652438,0.36474732537162907,-0.09213923542008118,0.5574486493461127,-0.07152736375382407,-1.7984332741535587,0.7087257266916877,0.9390289730544158,-0.2426534790900413,0.08630891486514203,-0.6244707702570766,-0.23101066123385194,0.48766953546467917,-0.42000804051796214,0.8291453464140373,1,-1.7127698951460246,-0.02113386012759555,1.482078159524383,-0.11077165499740639,0.19637429828284764,-0.8122708165540227,-0.8587184194749498,0.34790176108973503
0,0.5570511623042116,-0.1517217597781363,-0.4035461884177399,0.9353778949778205,1.3546682422114835,1.6870040327450975,-0.022989889648487694,-0.8350950962221443,-1.2178049236633357,-0.18299465741285414,0.35114029566113925,-0.42697447298181296,-1.5761156299806702,-0.40629537928347026,-1.176823731551481,1.341402707836613,0.16826980087671242,-0.15766302578061486,2,-0.6638142028907128,-0.13092747342561228,0.4339729323716436,0.05503807949155329,0.1375814204053375,-2.4150441762899852,0.7941869729025742,0.0568799858106509
0,-1.3764856942842185,2.4329882464450057,1.2654186251208057,-1.0078034966679739,-0.18452463201215222,-0.6698737195523725,-2.58918649994163,-0.2656595873425584,1.3193858293953298,-0.7862288905299373,-0.6241411138634838,-0.4102997488213299,1.2250499739003577,-0.6320574763467456,0.27576769477541935,-1.192649330706638,1.528148952741497,-0.2858959677729478,2,0.47752850782200884,0.43754418605489453,1.0065035466831227,0.09927843607113643,-0.2820128988276509,0.4445920179812781,-0.7868258498641781,0.12243940975144044
0,-2.4288646116492427,-0.05733745712289136,-0.4585956106451867,0.2824899965004762,-0.4907614808717679,-0.8268191147097455,-2.13786908674383,-0.051152732934603096,-0.10318052965734276,-0.6132552821067838,-0.06927996860395133,0.49044242488364687,0.5814758094414578,-0.29317675162466045,0.01012994775021124,-1.4479179347061186,0.5294112824105872,-0.4604045937775384,2,-0.6043751651864298,-0.1842006975089563,0.38298007353810914,0.005707787684440135,-0.4161183109305722,-0.2835541179153075,-0.7477014002309297,-1.1793589173600498
0,0.18693590390537085,-0.0554404234822682,0.6552387524622709,0.7032789050476616,0.03135012737370524,-0.46693481142951476,0.7614056587938074,1.171431794201519,-0.13751573745803825,-0.013154381888527411,1.6895264599351745,-0.4057139543636386,-0.2768349292897987,0.2864525705875829,0.41514957865649854,-0.31728172078379446,-0.65175997996054,-0.4586014143039331,1,1.2564538917748393,0.010496091741180824,-0.7385110270002498,0.04551511535994909,0.4721293041154072,-0.7779152142532143,1.3092335728056372,-1.9581510008391592
0,0.16138484052115126,-0.7065111878181882,0.31953093531586296,0.6735348987326116,-0.22677431917679633,-0.2390352214834751,0.7066967802336854,-1.7064093884294982,-1.1781585110630237,-0.9073180224906472,-0.6978400135169331,-0.39911179257842533,-0.5664337663913803,-0.7415069909297687,-1.6906356889270404,2.767382073878566,0.01378335404060771,0.6481921042698241,1,0.5297624712047315,0.3573549868186352,-0.5701885357862855,-0.13858845242106,-0.3137962737579068,-0.024803823167752093,-0.582171914762738,-0.08304586058054131
0,0.7196645866715031,0.4269453623867409,2.3173860280993055,1.5607839197055347,-0.07301414047143656,-0.771836254374942,-0.268149721554057,0.1455083446952154,0.2614596683834452,0.11623791074141608,-0.44472151072963273,0.023106285110115088,-1.7201087621647868,-0.508776307238882,-0.045080776477129936,1.4986311622943682,-0.15341340913548918,-0.5035783038444215,1,-0.31760260101910287,0.364794434073291,-0.5010643708916727,-0.09622217554685628,-0.5179763999956011,-0.12185726782868267,-1.21975314077183,0.04441356716822553
0,-1.0552666388206458,-0.9907941540609249,0.1361882551584419,-0.28738299350453594,0.11954332698391512,-0.7825831193990864,0.8305605228784214,-1.0538793704950864,0.13768539751029452,0.22973972413624943,0.18838742119342639,-0.6507841011804827,0.48838682608524553,1.7758467242894378,1.1360652287933624,1.0285893915079551,0.3085486768015514,-0.09128116968609151,2,-0.1086654345760909,-0.19574104067765039,1.0610178555382208,0.389987686548774,-0.5509551414502007,-0.5562674410543661,-0.2113242581500335,0.3446650294947541
0,2.0481978969003447,0.014320822940673966,1.190116680346044,1.1909434495466706,-0.3947777934132505,-0.931382338694007,0.747015733612304,0.8178110696313154,0.5224535829463085,0.17556974057637575,-0.5194817132041716,0.9134325930664324,-0.07917916087178006,-0.2231767034848961,0.6811714897230414,-1.1307535650520224,-0.06561413107406333,0.017665163167851772,1,-0.9496785253157787,-0.14015287467826346,3.3529039188190612,0.03445329011507693,0.20641977306631717,-0.6846952827961915,0.9955363036100805,0.36237155109884
0,1.271649191906004,-0.988439057795798,0.3322915033895869,1.3315771688258924,-0.1798146721098435,0.4466225370535238,0.9922966961389914,-1.2442927816002776,-1.73354335033941,0.07360963183423141,-0.3018906300608878,1.22751596066003,-0.9010832057838134,-0.15477742134732714,-0.6386379976060611,-0.17804529978077283,-0.4145408065049745,-0.2176548313339424,2,-0.6213619202832142,-0.45356377542079673,-0.837083612328585,-0.10023653888404768,0.8083823130596711,-2.544618393349552,0.07885529240853828,0.28736786025967276
1,0.1583019526239412,0.14133453020774336,-2.339791597973046,-3.3406642811211604,2.40553360703421,1.2625515897794541,1.0160850211262518,1.510295560976925,-0.3056775691845186,0.7122627034880002,-0.9517985780357945,0.5221956404676813,5.98529300691807,-0.11825318800933318,0.5871475713142106,0.34540841604113326,0.29442666195427486,1.029296487208132,1,-0.6048575209338433,0.8773830284895021,0.5569213267468046,0.17242191136781188,-0.24509519658861045,-2.254129062133385,-0.40535836729509445,0.5314075804359438
0,0.19388762767739032,-0.44408998481669437,0.8826395916863066,0.007357696873882658,0.476305160888304,-1.114103057061353,0.8461051239415632,1.4676901808592957,-1.0057535901233643,0.07659776290234738,0.4172045223181063,-0.5652998045595904,-1.3715489851808755,-1.6154502222653848,0.6943640850006976,0.2684000089619283,-0.10844830773871052,-0.2854354481539259,2,-0.8079433856902865,-0.06458632494499925,1.4702579951879455,0.033683081128476455,0.7712354124668173,0.6748235127397145,0.49249570939997256,-0.8037026657293507
0,1.1619049468700695,-0.30330601777111654,0.503161367619507,1.7698288611164148,-0.14071076488938933,-0.3540261174391583,-1.9293919675327496,0.8089779216096438,0.16305882484679873,0.3349131467895595,0.0013640574244259684,0.49763812110690314,-0.6455893552587468,-0.19844717402777198,-0.9200087041107142,-1.763900118756498,-0.29883280167732007,0.006859866710496154,1,-0.3623565722204503,-1.2788211491471282,-0.4546315570337861,-0.040691144570279655,-0.719996209746381,0.6570130239417937,1.4776647611769014,-0.5304869667255675
0,0.6427578785993492,-0.6642582066002602,-0.7492496595375469,-0.15139225392906208,3.918100707285581,-0.9920822706708174,-1.6237689134455549,-1.820141184918473,0.8511142785232823,0.160155063536503,-0.9332472799375816,0.7926222312762916,0.4441237800382568,-0.1638439686176912,-0.16913305572076437,-1.4728579377721034,0.3584104589714352,-0.02694726203856055,2,-0.306924091833469,-0.6516716127651613,6.326622618920947,-0.1098780553680688,-0.8372658745032509,-0.21313847622570747,-0.6136550742354611,0.8611629686955791
0,0.35023864635760094,0.5126447494143296,0.6873646431972322,2.3213287011632637,-0.7131088677234807,-0.9585653908675431,0.07268257685393387,1.9048917013070974,0.7129909741714406,-0.01320180956972039,-0.5619837696125077,0.5163559073078383,-0.15228043893970417,-0.4010054743373954,0.03391513345235453,-1.5736084187016304,0.19903345944492565,-0.1458539830432282,2,-0.4227781049768484,-1.6732806683137231,3.034294652023875,-0.03999293086253119,-1.0360149606438465,0.2150756486169339,-1.21975314077183,0.14173153083224482
0,1.0092141487781812,-0.4758889118439141,-0.4240372566009498,0.6311175463955083,1.1043994319252268,0.19308920897391818,0.8242589604431452,1.2084225446705597,-2.4820304520517062,1.4312958437554593,0.671251782585705,1.1762422562627204,0.8603748598721583,-0.6978171305886703,-0.7351040218618425,-1.6919958753115736,0.08394918977023502,-0.3551268654708005,2,-0.3592564201123557,0.25231981410462034,6.8373800475963575,-0.07972514026453396,-0.8251715027548867,0.6538545068668847,-0.15624904640332643,-1.1452993353647711
0,-0.21994926498541434,-1.4126884764027448,1.8561397672150735,2.1393372034872877,-0.04424043411269363,1.0263222419203295,0.6484569164231926,0.12481391929491328,-4.354283360766573,0.7151081337450247,0.07536273100442509,0.613162215436303,-1.044664077416508,1.9675970069420181,1.474708928806284,1.9560934177471139,-0.31189445915792124,-0.435888858388621,1,-0.6714756885197164,0.48043859941219835,-0.38667341890238754,-0.027962534638804878,0.8762374664667266,-0.3208049065277949,1.5750865966033394,1.04030537030431
0,0.7042571806587735,-1.2629507452673743,-1.9026003158126017,-1.6289638916153222,-0.030002980154518466,-1.2687707236230406,-0.7151548484695642,-0.07710881186037688,-1.713877013551049,0.30194661847668214,-0.3917887270755283,0.5786502224000873,0.019160308987207775,-0.29797331328073834,1.3568737463715377,-1.2266776535469206,-0.07392000186523673,-0.5895357714852726,1,0.5056472688771827,1.3062887901419655,2.8535139379114796,-0.07432305780155206,-0.1713288634732952,0.32295489692325297,-0.08762239183746828,0.24540404167909644
0,0.024759161070890323,0.5914496773178228,1.3169166606746772,2.626072821871963,-0.562504485117571,-0.9027961333577772,0.25560619995376965,2.458830322934072,-0.33648650873609726,-0.03078031338031409,0.19464575925531236,0.3104382157593556,0.05709530990230757,-0.6978206048739648,0.14531972452651798,0.09228125316620556,0.28652573742467013,-0.26378220868281654,2,-0.4325265662330049,0.4585631548231577,0.2831028162121228,0.028925196928007282,-0.1277198044744643,0.09533420476362342,-0.214960395567886,-0.46164444163820406
0,1.6943997838903426,0.5269899019624644,-0.9395288387636416,-0.873128351106331,-0.6711388332812314,-0.9221039246560023,0.6343808889919962,0.009432749415748787,0.05304847170785304,-6.650236928046338e-05,0.19774509560494447,-0.6913959342065938,-1.3991857736459892,-1.2157190101116506,-0.8372922514681277,-1.1449172859615415,-0.65175997996054,-0.3109930934817439,1,-0.22292367509263236,-1.2923400396940883,1.103505067382614,-0.07572035541314975,2.0380624908493257,0.6102750704897758,0.6608331703988167,1.168749592129879
0,-0.6843903508646061,-1.2413389123838068,1.194078558021764,-0.6744463118241879,-0.7330381590560066,-1.6952998787708682,-1.3646793886157749,2.0219781045250036,-1.4656419155217,-0.7785199978862445,-0.8048293728358044,-0.18252881681418948,-1.037381881662189,0.18840090998032166,0.20697860835672321,0.10005055161925047,-0.04830946922486079,-0.4838406738375294,1,-1.2999658746371756,-1.1653805871402694,1.208478634023034,-0.05177457390444226,0.4673610475520082,-0.5585245251227478,-0.5335210726252512,0.773821842725051
0,-0.711089755093489,0.795515908896435,0.030418548556442326,1.067607655800269,-0.26026018800386075,-0.40977486074647507,-1.9945981454640873,-1.4933387824805924,-0.3521758196872605,-0.1785750951255236,-0.361885520459528,0.48376296444473754,0.7931178149459148,0.7094754957294844,-0.2534265840744735,0.2834732265342479,1.6585490371387623,-0.41609198712138706,2,0.5514352293050987,-0.29622106789171854,-0.3705113030626392,-0.06085631312511947,-0.8766144721580634,-1.577809611078364,-0.9668527749598604,-0.04956979121560484
0,1.3610603900002163,0.02047241979072867,0.43748758074962335,0.5373002173870154,-0.22010486873009444,-0.37375097508138544,0.3526322384469213,-0.08816628011884092,-2.095240384928517,-0.14670973225089112,0.054054029913846,0.34608369691783986,1.0680402594980245,-0.1706718369259433,-1.0240713609150331,0.0970366454968884,-0.26560565946289816,-0.30385369406789453,2,-1.3789895690046488,-1.8344643828872549,1.5907275131431171,-0.13858845242106,0.21862718350728022,-1.1915994206064964,1.2337804585128567,0.2514033424949344
0,1.5983756165255576,-1.5078029248228435,1.1985060935483014,1.092065336541455,-0.6168140561903874,-0.6190758563385256,1.102354233213803,-0.28668845013527555,-0.7528457256920036,-0.0023961155964769554,0.01867786881750985,0.2504612123307039,-1.5190258370236511,-1.2105389723142177,-0.45938424704464503,0.7453211685242233,0.04379751565493492,-0.06819866471823977,1,0.09514812742187023,-0.29522152374722266,-0.7032582690038328,-0.013376386706743827,0.07175445158655042,-0.45567846060581085,1.6913880107858414,1.1996327324339735
0,-1.753137746517057,1.7429480318345396,1.2302857365156192,1.7364658521352938,-0.9244604079857799,-0.4416980071418244,-1.585626736678008,-0.6845938949209538,0.08013543455424854,-0.3602358348199517,-1.0992111707521897,-0.276666193193499,1.7480966993452456,-0.8557500553172467,0.678598586855896,-4.006707058433854,-0.28457009227110286,-0.37699183780283135,2,0.0031506069047948226,-0.2678629699970273,-0.0688704573440676,-0.13858845242106,-0.8659977462316469,-0.3425159155990526,-1.21975314077183,0.9522116483264307
0,-0.36343395248032506,0.6722000354027053,0.5027404149928099,1.699773094555928,0.6188101788256345,-1.0119340892987263,0.5465029310909302,0.03586017036132638,-1.810674177648627,-0.874870258782301,-0.7822639276711133,0.5373796947105477,1.0052748554481101,-1.3098387125709334,0.30513714810236414,2.9655653258879093,-0.5106593598368397,-0.582316900991083,1,-0.20549207926232055,0.006220819130275168,0.18287429153706056,0.019793829962162515,0.6425471306313404,-1.2280790448063281,0.29420282454064983,0.3054355808593262
0,1.3714369477196338,0.5717092942642197,-1.3918289981061265,1.368950075104951,-0.4718453340608251,0.5381047017446531,0.774757806250604,-0.452184509817338,0.40760662566192485,0.0740242688088128,-0.219871594081899,-0.13844004135696114,-1.5391954556171124,-1.140965490980415,-1.2647954458002184,-0.05057437917723051,-0.40511720556870523,0.0966823779285006,1,-0.7939037397080106,-0.8686569342540196,-0.6465926523819324,0.06152940065341847,0.9392922264201096,0.26285181031011084,-0.004765428694471829,0.3105383231959543
0,-0.2750318698377424,0.46036564237914585,0.7749505779743022,0.5937086400816953,-0.4472842910003457,-0.5446628326284372,0.5692494605104232,0.34458110805096037,0.31243795890732984,-0.2254546158682987,-0.8597935254112208,0.12257433178193222,0.9950289805422211,-0.46341921584492124,3.15999266118336,-0.900733814632965,-0.4014870295664506,-0.3345677464594689,2,-0.544759581133394,-0.6166428490881407,-0.6195314493413688,-0.08720586489990528,-1.09095311408826,-0.35913536209194996,-0.14293315247784408,1.3046037513189441
0,0.5493049456443343,-0.9048559032917671,-0.8220181035956318,1.2332002521007803,0.09251616083207093,-0.16645920918145468,1.0952725260871747,0.7400222619384793,-1.9611670143619147,0.17284435602172787,-0.24222289695018437,0.1907233334384524,-1.2914827171400813,-1.131423400878858,3.7185043089622503,-2.987225982798492,-0.65175997996054,-0.16303845483059398,2,-0.896135028811792,-1.296882510289877,-0.837083612328585,-0.10873637706997952,0.8430218091322313,-0.2710169827353167,-0.42080550368531244,0.6630497545331779
0,0.001995224033682186,1.1420553353620297,1.1090959110607819,1.2105317690180042,-0.2255953137886798,-0.18328246844462676,-1.6525725867872914,1.5412550076742706,-1.9343785825660347,-0.2238512080540205,-0.023051583566535916,-0.6320948588973512,0.3544966694230702,-0.3809178953736516,1.6701743159426052,-0.2969888931271345,0.8660376995484217,-0.37632767185386995,2,-0.5845700614483091,-0.12887789485759082,-0.07663100251651497,-0.05040259515502506,-0.3111627172972318,-0.10847822630078346,-0.38939985415110845,-0.14216004369578972
0,-0.07913394599869916,-1.1847046313821263,-2.1682446565850415,1.1091237038325348,-0.6161208114075443,-0.17932267260201182,-0.6494619047524922,0.7914570728226838,-2.0042719638486064,0.13830126396426268,1.3941132599575192,-0.6223801453692682,-1.2596837013464643,0.4757200829354711,-1.1364304431944172,-1.1161882701232053,-0.2668049318188305,-0.39328832955336596,1,-0.7273900509733972,-0.9909561584656288,-0.5545458915578476,-0.025721162631225467,-0.059853247714551694,0.14102678912655553,-0.12308487796145401,-0.7413570132513424
0,0.024604690666697793,0.4686658162882597,1.4791470437911314,2.516822681963876,-0.8004688839748154,-0.4246067924578877,-0.8137007958851005,2.7581841763634936,0.18819675705233574,-0.0682327837924927,-0.38038087514733704,-0.04321119198706913,-0.06777369345083417,-0.6122212724314234,1.9032108885863983,-0.4865219680779961,-0.12047035300624814,-0.5302629925621735,2,-0.09411566219370965,-0.5914755249771511,-0.1780773123141965,0.03617043067676795,-0.49532742506033345,-0.3068908660360805,-0.014935599836282842,-0.03771501007194272
0,-0.08700711188512167,-3.8192043432642144,-1.707567882652378,0.7312162869777963,0.5509464189166966,-0.6295239033055255,0.6293284208586922,0.3897255196784879,-1.8091069870163288,0.10298396381267182,0.5486502116260701,-0.38630771083256255,-1.0604429144296061,-1.5479898667309078,1.9689992718998597,-1.5082038029855591,-0.6144115938392664,0.7666709651015285,1,-0.812777907299473,-0.34906083380206654,-0.837083612328585,0.007034702034974152,-0.32678496684185476,-0.596465688838653,-0.13534211177146785,-0.9394185309984994
0,0.564253502361186,-1.442971223941992,-0.5297156391220448,2.164409940917788,3.3814924678823965,-1.0956125808002801,0.6649534850549801,0.12830330483630226,-0.683691123914786,-0.2117282426972043,0.07206929546182023,0.23323255820717131,-0.16707134876813517,-0.17174552374972768,0.6111366985244335,-1.5770334192573259,0.4499729385169028,-0.39862690619118213,1,0.05051192323852105,-0.46940431848134107,1.664430594181626,-0.03363289855964849,-0.2613121112500772,0.052702272080838275,1.9993522563258783,-0.10380587738040324
0,0.32078178142731073,0.9170271689290591,-0.19249547316900234,0.4000411935537696,0.46398929109995324,-0.8364186992674636,-2.58918649994163,-0.5400110879342803,0.42625622411618563,-0.235302751443704,0.2824767582802777,0.4889802419222074,-0.5846539540031683,0.2672478162950378,-0.7432754778756662,-0.7000069093599168,-0.31339281648522205,-0.6075175178805208,1,-0.5198745101703629,1.171783712649682,-0.7833218882460221,-0.11549950319282708,-0.14950832222005936,0.7219094491970064,-0.12358503374544896,1.4381528278873872
0,0.7344852354171649,0.6993810906656647,1.6887237736104348,1.0289829401960038,-0.47178327430921346,-0.6142312612475233,-0.34129259373024357,0.7868124387948067,-0.4200540689257711,-0.40843984294984026,0.18588187387005572,-0.83461660477177,0.4860605971509045,0.29556425005490794,1.551182017599301,0.25710782318232345,0.170322570327438,-0.4492620377065696,2,-0.15652339863728923,-0.13673897949583624,0.030258763431655566,0.01267907003505879,-0.11768104254016704,0.03742223357676805,-0.4592841400589879,0.6139567217292761
0,1.4414150118445344,0.23855952991659524,-0.3912865933875698,1.8422130364096496,-0.8681834575354732,-0.20247433519870298,0.809575952847585,-0.2610785644720981,-0.9365332246095203,-0.32342421958999357,0.12061573290562942,1.0048784931038284,0.22200379136943582,-0.08659223662840829,-0.5909243247678477,-0.18026832007172144,0.0011561000945991273,-0.2882467522378798,1,-0.5009603896143258,-0.7625397713232687,0.7327684476138213,0.049969769090665556,0.2532069545870713,-0.49744004610642983,1.2175015220515801,1.221689321209452
0,-2.4313484088107016,1.067528118151816,0.37542365676015843,1.2208630417766013,-0.1323358158419078,-0.1762322945164081,-2.1637993376370392,-0.8982100604890891,-0.9384431187586195,-0.4679204642572156,-0.4926961402403731,-0.4014417579911796,1.3877163542159514,-0.6607191524385736,-0.12613723432806845,0.2960487392409035,0.48423350602488313,-0.161694183962703,2,-0.014602650105804665,-0.49921254118889036,-0.5192905048291524,-0.04896211930038939,-0.6247257183368928,0.2834335678519583,-1.2127825196559394,-0.805873296852446
0,-1.7227613621771392,0.8074612298726934,2.2719365245209326,1.8284349551568946,-0.9005288846154226,-0.5457792442723166,1.0336236118561137,1.0717761901799623,1.1114699126667942,-0.17192353493152424,-0.7213926422531898,0.7678476758001409,1.3982275845032128,-0.5197471145424303,1.8303734235621187,-0.7953334188506413,0.5984892574950951,-0.4561323868109619,2,-0.0160490956700228,-0.32672176411165166,-0.2111466937908276,0.07093834061667911,-1.09095311408826,-0.5097750527022116,-0.4213359095436007,-0.655254463188095
0,-0.14019625787194417,-1.7174070456020047,-2.5308921364799235,-0.13768903049237552,2.5982107717301277,-0.3987860026442992,0.7307353653784354,-0.14539484356246968,0.3550973528461112,0.7855517311022409,-0.25162392704806885,0.6836726888054265,-1.5422851250885226,0.1920887764004858,1.2667236268832618,-0.9934053716110753,-0.25713000754472753,-0.1997795698212555,1,-0.8524259319633565,-0.2905223164084247,0.9482194475859638,-0.04763130101460202,-0.14711340206166468,-0.4281498033523119,0.13538717830227326,1.8677340538793556
0,0.4559169303543249,-0.3038087767939567,-1.2111889212499376,0.2167614168932166,2.539276727252502,0.9570960930764215,1.0005768523026337,0.7040377249146141,-0.39461959594522794,0.8144768493364729,-0.20401073388874622,-0.044543457716911594,0.34434744627286074,0.6819386270366987,0.032453901874957225,-0.35595987524704853,-0.65175997996054,-0.006447946936843443,1,-1.8344862148887198,0.17376700612260138,3.3017215869341205,-0.02062526895042873,0.6395137881493365,-0.38497694957825246,1.1539065917089202,0.7945518916078206
0,-0.8810735189469743,0.28097339388859827,-0.17260412623567878,1.5445364258877772,-0.4099846968325468,-0.5908979711747953,-1.4540326328218365,0.5279920809905634,0.9755728425060975,-0.035186225342668465,0.5280387112431216,0.21417943223288982,0.5331353527340634,-0.18984474457848716,1.6004105329147675,0.11821777268983491,0.6492806446377906,-0.14927997367091644,2,-1.040736304191835,-0.09644954163937158,0.5861117358033043,0.04574411300147341,-0.5764763653283487,0.5706450753601594,-1.0475060884126983,0.8140970098410976
0,-0.16324518029306928,1.637380045471363,0.1536651824747588,1.0735966290295096,-0.007926334821229897,-0.6028981092592774,-1.3324031690698317,0.44132668553707777,0.18383693661291833,-0.7764027693832314,-0.29076128665889794,0.1867612206253531,0.9036673349880857,-0.21495249799621402,-0.2022235166751738,-0.7976767797842712,0.3142261621087184,-0.19340448527771945,2,0.5035401015518775,-0.2582998990895814,-0.4900615151271131,-0.0308808197982241,-0.7384542765260345,-1.914952780551622,-0.42001126254782006,0.05245894842527743
0,1.0829837369415285,-0.5218237394526932,0.27031554619973064,-0.38916508755793827,-0.5306330502149303,-1.0512196185745648,0.5199963275947934,-0.31685483945611853,-0.8285620539359377,0.3859770270441325,-0.34278007820245343,0.8733281388692874,-1.0588680443092424,-0.09093325311809919,-0.43053650087714124,-1.3944866654783585,-0.38643943576529305,0.06517521475737537,1,-0.33163259378799004,-0.05612578131109747,0.2398023068469657,-0.12990702676237423,0.5660820117850809,0.48288341173235416,-0.02580319881861806,0.1910775171292162
0,-0.4474473237586327,1.5565032903042053,2.0696280555114117,0.7796194770581283,-0.6083614169933884,-1.062233338600135,-1.5912375269893935,0.17664342288032442,0.5256525642810485,-0.3216702263764943,-0.37917215488106293,0.46686773146198485,-0.10439398304880543,-0.5923410261402138,1.6130096916388783,-0.33579915534414306,1.251329126264471,-0.29293115865260083,2,-0.33027820841207634,-0.5091755346422632,0.6833554608297417,0.006915811097165291,-0.5957871954901048,-0.5840457437169799,-0.6350310802258988,-0.054189021161124507
0,0.6907628232375761,-0.8889830358379291,0.5804599981693472,-2.0841744986583177,0.6589732915855415,-0.7064684148878964,0.7801684998461136,0.9252813168316346,-1.9597244641387856,0.9907665946484193,1.2548932286496495,0.023656197428207848,0.13423212733247591,0.4169525222261157,0.4612726644206368,-1.070880993102882,0.3077255865434405,-0.2236833491760357,1,-1.0616853781881357,0.31592642642164315,-0.166313007072871,0.10991418364400668,-0.1463163040119037,-1.3198549046940427,0.6998829118833658,1.9163818726437052
0,-0.0022791138451383475,0.844487463438765,1.6148836208956148,-1.4219695348794763,-0.6089358882383064,-0.862300140336653,0.49100641784021704,-0.14399301631257444,-1.3979705703988998,0.5220803291356703,-0.09703237025537978,-0.8143181677499856,0.2015760792619446,0.3489942657227527,0.5362715564861456,-3.1454188930413984,-0.65175997996054,-0.4256575707055523,1,-0.08105762959108437,-0.5692836769174403,-0.837083612328585,-0.060160918457193756,-0.47731632166951565,-0.7484279026910778,0.13059022434494394,-0.18201737112251898
0,0.9444751541323977,0.13577222682298595,0.5325712045394455,0.5500095502121201,-0.1611722258082346,-0.4093603231827725,0.860643412188612,-0.7055543927272145,-0.9324006571299991,0.21808034863895942,-0.14788961485245797,-1.2615793511730367,-1.78526162662461,0.3475578121892677,-0.5096712718340046,0.10445558432958213,-0.020750784367986497,-0.37875280669316164,1,-1.458283882173722,-0.642105479249574,-0.7149780014317355,-0.026908610079864833,0.17191223728174482,-0.9765231439728355,0.7970643892225349,-0.7436967673418317
0,-0.06913999870128765,1.6882998828105187,1.1852994594993045,0.5422584064428093,-0.3399309672777595,-1.1817266185707929,-1.4174000186375406,0.49945561461566623,-0.3355895957528428,-0.40605133112489233,-0.5847855636887344,0.32648084812964484,0.8753147036549226,-1.0340597686324142,1.0005719684753345,-1.4083759065245312,0.42249770465045905,-0.4586555283978013,2,-0.6233198507725891,0.739149329566833,-0.0480083377840297,-0.10594056357224307,-0.7382256657895641,-1.275785265563847,-0.7930755787217941,1.6384376119955766
0,0.5924186339860301,0.13189811847996952,1.74605328722649,1.728989118081129,-0.5031012372549815,-0.6661529875453441,-1.2857402784121217,1.6874608774597686,1.6167491086034491,-0.0882475574487755,-0.49400128888493977,-0.05128537617096607,0.8971183084252915,-0.4202027948747505,2.046747104470719,0.4630379334150751,0.0843022410456005,-0.1206423472433868,2,-0.12200897350505588,-2.345196842312486,0.42574875094208425,0.01685631746835628,-0.11606989406367593,-0.5391914034802107,0.058037590159798036,-0.8496580239730985
0,0.7960331444265134,0.7503781923293354,0.8214394861254494,2.4827268739864667,-0.6158110551443413,-0.6312689219917911,-1.7784489522358164,-0.7031792988769658,-0.2222602268794019,-0.6342830884789852,-1.1729162228049157,0.7245516396204166,0.2814197700496109,-0.7040110944593037,3.3995807596834626,-1.4441868869787695,0.14100894880562076,-0.41743758047977086,2,-0.05325885156480892,-4.228796968781211,-0.5078318543317473,-0.06143677545640738,-1.082725794084709,-0.8656200762615114,-0.7263103934307045,0.859980845511622
0,1.5715275886450544,-1.3872351037974544,-0.2895491498171119,0.7573087923680378,-0.39194500808140254,0.683505826328737,0.9176766863106862,0.8986266429979679,0.37871536944906703,1.4226376707245791,-0.08532408947727406,0.5852369092516346,-1.78526162662461,0.6388632481864711,-0.14984193495590048,-0.5735329319975577,-0.4567443933658025,-0.2631711831158449,1,-0.6887270491318473,-0.2722661939364446,-0.32803399797265026,-0.01918698984900983,-0.18459331085555064,-0.20044239614402887,0.15053056145632504,-1.0260073667632923
0,1.1668018567251506,-0.2797369164951603,-1.0096206217661676,0.5580925793991566,2.209578274683717,0.5940283256655181,0.6314290886130408,-0.888629430159023,-0.22846784534978543,0.6383413007403185,1.0858824009956627,0.4732462216055573,-0.016957880842807638,0.3848464614291936,-0.22076454679033297,-0.10944663737923777,-0.65175997996054,1.6991810838493893,1,-0.5958933484860113,-4.160497100549782,1.112818587012832,-0.13858845242106,1.052852347858392,-0.7449990776715719,-0.8414969681899762,-1.461517455161594
0,-0.9557966034107492,0.9278980757051446,-0.6343375046880182,0.7593499351419648,-0.22272674280840238,-0.4539283716239825,0.6398166392379351,0.916735890606307,-0.4857457328991661,0.31175282809062543,0.6014679310093347,0.4064920111205058,-0.6284384014794786,-0.3540804432975147,-0.9604781175805279,-0.7278865449644181,-0.17169981583717542,0.0688249509372571,1,-0.9257860803274096,-1.4838190442458496,-0.7039431306845487,-0.0732339361835987,0.11201706210150864,-0.021107576742092987,-0.4941961963157103,-0.3494694981848165
0,2.24867707487614,-0.16567342517848627,-1.0756148878524747,-2.182888494922305,2.0157816868203695,-1.1405850080690572,0.6575295927511837,-0.4130974856886762,-1.8492576620428305,0.6704543265973696,-0.8306424492704755,0.6465479075520215,-1.3936068157224817,-0.29759220624085925,3.3110097958105564,-1.0622958104171105,-0.65175997996054,-0.08979709609489228,1,-0.4725698590835222,1.3394014948082265,0.6275425835610482,-0.09040231668242774,0.7402200414976043,0.2896938420510523,1.109039874133088,0.5043923274163669
0,-0.9041287024544842,1.04339615348884,1.3352444263384846,0.14886668012825277,-0.6248669151270048,-0.2782443390923207,-1.02588323871232,1.423319088586195,-2.0372397760208454,-0.6467565954515712,-0.26350188606538444,-0.33617154111073405,1.867913230432095,0.058335082505932306,1.7993879385794709,-0.186680069019792,0.23439973365626074,-0.3006984133324956,2,-0.4948837588787386,-0.4817828326895579,-0.6071525769291478,-0.06283202810716831,-0.12056070982120917,-0.2453495649435288,-0.0105789632941522,0.3562059091665405
0,-0.4661971935630611,0.7500084594446907,1.8091628081031912,2.0368960560774,-0.23586829697060407,-1.0882851318813689,-0.007446020725349722,1.5662373099032822,-0.48835030865544377,-0.05064902536756627,0.08629872441068576,0.6980671731675967,-0.012966223909644393,0.11934349719512538,1.2653933603882765,0.7448301795709555,1.2458297205393762,-0.5354951490130622,2,-0.06721125984911575,0.11909151275221042,1.2036108346546102,0.055398372320759004,-0.5097868398072708,0.11312875129349656,-0.23256482021895236,0.010346183242195245
0,0.07718955627023816,-3.8847058558023466,-0.6105494139760833,-0.710078714810885,1.4434989478834168,-0.5218437896813622,1.0043215431412644,-0.31800776474516146,-0.0855291713078783,0.16779296892168843,-0.02155734264783804,1.2668618979870812,-1.2007638714445794,-0.18496946452341195,1.5548685687871804,-0.8210510866811911,-0.5139447466725028,-0.14719256027906918,1,-1.8295059336864739,0.18608061978827353,-0.837083612328585,0.015763325851016682,-0.8650156643463984,0.32036845679851944,-0.4489861663204727,0.31413384619269996
0,-0.10753713195455661,-0.6518717018061901,0.0598974216014232,1.2918985774092582,-0.053480386244182054,1.8924639645883718,1.0002391605979404,0.4508243132906586,-0.17807857145389,0.5241907392505127,0.025860396740567893,0.2365026008204785,-1.0034357598382924,0.6659196298635999,-0.3556360286806146,-0.20137405194160068,1.7151450105799095,0.11963860872215928,1,-0.24119027843301402,0.597405146718073,-0.7113357173022,0.36669835258350414,0.36466643317991615,0.7602319858949297,2.015481888216006,-0.8860005353614079
0,0.6705324402076417,1.207663523532545,0.2970774722046023,0.015654089985901842,-0.8122420758077817,-0.75543822037098,0.6027428915586701,-0.5104678086893318,-0.08493419551950837,-0.17368530984090047,-0.4248714003215135,0.998931489545593,1.1197325947993042,-0.8794288209143919,1.2288616162565753,-1.970475243530046,-0.5737090699662315,-0.22978226661182247,2,-0.6637526491467033,-0.3208030784999849,-0.3122669274390128,-0.041560217326973875,-0.3665538497326184,0.17430711749818012,0.15087466460451812,1.3863355108640127
0,1.9211704870575081,2.0308017542936287,0.6468936656269489,0.3093043093112141,-0.029474317665790062,-1.1443521215976236,0.37789308029902474,-0.45836224817074944,-0.9439102484567801,-0.6522794816731022,0.38116866095391205,0.35063877266427046,0.015240767423839396,0.03808736485944217,0.08671049250109963,1.3201003852722184,0.1217219418916006,-0.6276581431722343,2,0.12715651886437204,0.5285885871202445,0.07174376849856373,0.04368091918313442,2.2090977059633956,1.0619122606326699,-0.16211059875160155,0.33657622470510473
0,-0.21356342594610372,0.8234338769464326,-0.10923251133432163,2.1256176488127343,-0.7113174191819602,-1.141417976172147,0.6481445458655902,-0.20856348732545005,0.9748794904095767,0.013659287320151842,-0.5816538542007867,0.3653118710183345,-1.2941527280996241,-0.6787926625079196,1.215738155946759,-0.31194104230159836,0.6269815717034092,-0.3197513912121044,2,0.2102643161140168,-1.5577912373771006,-0.028709658517350477,-0.02082699622833023,-1.09095311408826,0.8742823310401193,-1.0583913703197856,0.26100868759861673
0,-0.4665352174330103,1.1565283668413555,0.3797690855207454,0.9778827193409905,-0.20911617698801532,-1.1330419655132666,0.7045219343905311,3.1134918999914065,0.34687062465155966,0.30386518319102607,-0.7203603314013705,1.0364147882005033,-0.5630437705964941,-0.8589037477438406,-0.8515973549809218,0.5573574436903254,-0.5750628308378273,-0.37184556588788914,1,0.4989217938200037,0.16134557606152172,-0.14228514773711842,-0.05170906644415049,0.2500655553858685,0.862072099215718,-0.11925334937040383,1.0287699650058366
0,1.5290883036763723,-1.6309472047636053,-0.75529206751086,0.34119669034434597,-0.22190737696791107,1.379281409452211,0.7698828726849871,0.5049278509116616,0.15164927033472497,0.4300873590478223,0.521356064210201,0.5007102210792354,-0.35629828567037214,-0.6139265691165656,-1.643873006610955,0.02616229721845509,-0.6496457157037798,0.2270634383081644,1,0.6373752562910941,-0.105593229679772,0.10141639202819588,0.02802497803508431,0.14118023489538817,0.8422369691460332,0.7605446949460767,-0.31632912058926577
0,-0.027855390281813053,0.6149912533349472,1.3794049467740472,2.1903475575953806,-0.3537435304233206,-1.1093495434192873,-1.5537814634717557,-0.5362152556441705,-1.6732907704562066,0.17994911654032567,-0.14332762807088723,0.3995965892258424,0.1629619285510619,-0.19400446302931057,-0.09113802207944433,0.6593222520056212,0.3203051485158314,-0.32909304185939,1,-0.09206929278338313,0.19133012443134972,-0.837083612328585,-0.07965140142913102,0.08457772475513364,-1.0386093275935022,-0.44475133970082653,-0.1296306364299536
0,0.8956324940471467,-0.7445294406310128,0.15056207234125216,0.22783314458861859,-0.5989083313029098,0.5343761600386688,0.06559456198585178,2.1504293850041365,1.4450153036300724,-0.6546262759107314,-1.0127919436461053,0.20390097551335434,-0.00985699398482942,-1.0797992268498204,-0.028243117856223243,0.8318142464516475,-0.65175997996054,-0.2660246426838379,1,-0.08550164694735982,0.5303919414614751,0.7296833306399364,0.04827351564760542,0.3088444942944668,-0.19283381038076497,0.1836385404124694,1.383341846778928
0,1.113934603444161,-0.9471558715824776,-2.4721876503543605,1.6260291193153258,-0.8764649128455269,0.5914971093451633,0.5836483485489913,-0.8993031617410289,-1.6223991869721957,-0.3698507153776225,-0.3131686065683701,0.6795436283952295,-1.5205007426219344,1.2474456246816756,-0.11470268400228675,-1.9770801218312664,-0.3680484764389632,0.26633808653074176,1,0.06776167181227699,-0.30893060785953563,-0.837083612328585,0.08944967538898799,0.728298941261127,0.35150169492326794,1.99606857104818,-0.7352086579436364
0,-1.855890529717682,1.461966618606775,-0.2521585221632834,1.2458706330765776,-0.717595614574993,-0.695783917908087,-1.1029554066155365,0.4578508094652868,0.6204482600510655,-0.44816472989173906,-0.20784446496999154,0.5159914299221066,0.8925394687124857,0.31818624989783173,0.45164114587685966,0.5181161229029598,1.0869068108756537,-0.1581175535860101,2,-0.289852327081632,-0.12200402103766173,0.30118479359839906,-0.12707204811140504,-0.416222526374967,-2.442187208367538,-0.7334055093604548,1.3208487377510367
0,-0.4840889567483298,0.35076309506168746,1.6023337823165356,1.533632439983523,0.04455447969659715,-0.7203178639440027,-2.400812305053006,-0.018930289306171466,0.4908665287576233,-0.5121216842615204,-0.8836444418202694,-0.4411901720495982,0.10268580716550046,-0.21354794659064086,2.636883420033426,0.5551072371709272,1.2845460086085745,-0.4308973189608335,2,-0.6469085845852753,-5.166165313887926,1.209250893796988,0.07023367788583045,-0.4853427418877393,-2.881786249712024,-1.047948619024591,1.026204568960533
0,1.3836055261527536,-1.184210226111958,-1.1706078011034848,-0.33840963056290796,-0.8492647298791898,-0.5475399769532936,0.8447638878191704,0.4147985629178732,-0.966193650593234,-0.017391544898270606,0.46926181182609616,0.9637165911990697,-1.047536594990141,-0.8591502128401067,-0.7538449055832951,0.23016848055398587,-0.65175997996054,-0.08671536497618715,1,0.4073437540369327,-1.215714936208196,-0.6605230293944129,-0.01960892420564332,0.3940436952399422,-0.11331516163525845,0.22971934387138496,-1.5051962160557708
0,0.9763719036280503,0.0018575835753996683,-0.2446007377610707,0.9981617774859479,-0.06642282789662923,-0.27186152402040076,0.5697439177354244,0.6726449825844623,-1.1693389441216906,-0.08981181043541403,1.4351087019677728,0.37779151853940496,1.1542594408089466,0.07855119808628436,0.1661341079975227,0.1310391185118689,-0.32894372721653836,-0.4659776798138319,2,-0.4498552241236457,-0.1846616137214876,0.10240196989536027,-0.04866263923820338,-0.6395999269638151,-1.673324431718026,0.017683259064612072,-1.0863331961210274
0,0.0167826676965942,1.7561868491994104,1.6735941981934173,2.487635319235163,-0.8680846286232964,-1.1087674805229741,1.343865834596591,1.9348130817605844,-0.7258727635725151,0.06742634980452344,-0.3812532474592014,0.46727110161345325,1.1908817937474987,-0.20491454662144107,3.5603898079874616,-0.17361329050075244,-0.2323887103714467,-0.6478244942466049,1,0.06638569064982586,0.44621355041554533,0.5802631001887603,0.1861922535372116,-0.44027044551365596,0.41317651956254087,0.3153004398053363,1.0810712868037773
0,0.5950763729020567,-0.3125277362324881,1.1576512194961113,-1.0626637087140751,1.3555428696577578,-0.3603925607075894,0.7783003004119721,1.927616603498647,0.5518658929146417,0.39678218602617976,0.2642158805335568,-0.3679966602482417,1.3915321739725837,-0.12890903290581318,0.2103407372733291,0.8618859833297369,0.4293970788998822,-0.41234903866031514,1,0.2356446883379374,0.18216131527074075,0.03523927442465196,0.18920596719801275,1.0762156155609697,0.6715697405414474,-0.1541451976056591,-1.282808450187101
0,1.4668644635583303,-2.102251864216094,0.002452817477187081,0.38244905195286416,0.290480473682526,-0.7077794694634809,0.5373082865356211,-0.1131521316416344,-1.629755373479345,0.4756331897544894,1.074871724576247,0.1450057212598282,-1.5793887420911767,-0.035330593795652676,-1.1942575683366905,-0.1728707547527239,-0.6161259844432239,0.14796457071873242,1,-0.6225236979128759,-0.3695320406023126,-0.7188321659116466,-0.09664952410541118,1.1250185860999662,0.7251958864067348,1.1206480110686863,1.2393618703832177
0,-1.4615055905541856,0.6348284146391644,-0.6943253733700097,-0.5232607333291931,-0.6692104848913252,-0.7904971756937383,-0.43217749112338383,2.6591183051767806,1.0381840600152774,-0.13423565181141023,-0.3239626180043821,0.3510382575865981,-1.2155864676067898,-0.3147894088613582,-0.10489770380925378,-1.0198466973091542,-0.04471448628655969,0.02022568015953133,2,-0.12608507506325545,-1.6828409017441222,1.224969648229618,-0.04008497387736977,0.19873735314178642,-0.3485589509000583,-0.07214392153312577,1.0748020826101343
0,0.5506337375396982,0.5088310492824089,-0.5199808340670671,-0.5935056368818523,0.03152409673322287,1.66732668100764,-1.96540532538985,-0.9347742336762005,-0.14066133634955252,1.0998894286413319,0.18098656876026142,0.4661502787275477,-0.8375531929045176,0.6101342618961064,-0.5539483973892831,0.2485669345683358,-0.42195777784382993,-0.1716314781211722,1,-0.6316690705648484,-0.44797115385397,-0.6350203836959125,0.13783533456385033,1.0122101760794728,-0.06827129469892801,1.957139478833756,2.534828435231025
0,0.754547302125997,-0.4636567256543989,-0.4348177838864491,-0.7445391520586,0.33601293182602415,-0.8954038639877766,0.3673435780432396,-1.291886517986826,-1.207590181770188,0.3715422450784994,0.4297217166181918,-0.17743129419659553,-0.6543143597208806,-0.09276427510299817,-1.0070415089728515,-0.06025766082017725,-0.65175997996054,-0.17802141172699226,1,-0.42665933289040625,0.17018469764129213,0.17521807520403154,-0.13270612169049786,1.1987441962490433,0.608563296726414,-0.817661341621376,-0.9126280896060325
0,1.7713768855071472,0.6145937727416971,1.1083592408970564,1.0680520312204516,-0.8665367669727118,-1.0150789145468253,0.7847108685339984,-0.31456955384833407,0.4176335660074634,-0.1834882654017299,-0.14856129971395554,0.3526552531891459,-1.7616115211126062,-0.960017947782766,-0.5134664977950208,-0.22762156192607574,-0.3106367722663044,0.1907917427858734,1,0.2952674369042316,0.7269190593453271,-0.837083612328585,-0.03277231733472288,1.201626350942878,0.2603450005641315,1.4525603691266602,-0.22984809733248696
0,-0.6125960957234018,1.1225786807791134,0.10040057310669348,0.26669008067201677,0.4625321482385749,-0.35855814873965497,-2.295922944956143,0.0753623462368525,0.2885408291153489,-0.09527072754384786,-0.15173891703411962,0.6363070365289012,-0.9229820725251663,-0.2018705605193304,-0.6553985391451642,-0.9966862262909734,0.40103421426622465,-0.34601625044844664,2,-0.35038777422897893,-0.812252825972103,0.19156526698494886,0.03214751726734298,0.2060389932541627,-0.047740215103324095,-0.35119332004855813,0.054340788956252495
0,0.545548362000308,0.2812645732464816,0.7382963197057757,1.565090316802877,-0.6586022785880481,0.5590814149849009,1.3144394777382802,-0.7612542562029445,0.8251586258431458,-0.07428764994784753,-0.6295705370969924,-0.21843929861125413,-0.5557563927158767,-1.1248825010238974,2.0387433889756963,1.363989861711283,-0.6513782852312759,-0.2510587268098422,1,-0.4082625679468802,-0.2408353052053647,0.033967914128450405,-0.0009721216005555422,0.0031582690115941614,-1.1298265276208495,-0.379438224511075,0.1178598456032004
0,0.9583786175653314,-0.4094884804528429,0.3679635360258397,0.7171122073472606,-0.0855900439980089,-0.26581821809395173,1.01105585738149,2.1805314571963175,0.6631362710835287,-0.5891042009047271,-0.4278176554610392,0.1781896808060333,-1.78526162662461,-1.096452290650272,1.2434598888954214,-0.4173779535212727,-0.37003014568842674,-0.10654164998792731,1,-0.8470636117015731,0.41167960405173887,-0.43425617974517944,0.04084781263290496,1.7562487644154867,1.7664326833872481,0.1463949931611986,-0.4162330214640511
0,-0.9487568422691225,-0.9065578303764795,-0.4231852354218604,-1.792527890470436,0.7664621213725814,-0.8925095822960203,0.8256806814672764,1.9697378815602817,-1.7477458976913334,0.40696639449509286,0.9778792334523063,0.008561780337565439,-0.11351449124167223,1.1158513470566545,-0.28067277081825137,-1.1472187261675943,0.06273213708887407,-0.39575533316483447,1,0.480724402602323,1.7627796348293079,3.024095139227987,-0.09717163227281374,-0.6970534861788873,-1.6488626735915834,-0.043840552910667796,-2.0801491906668166
0,1.2555880486088231,-0.9264489943886479,1.5064837292059203,0.5519011008366556,0.1777851587263509,-0.6004713627077288,0.6408403823840416,0.8752023177467912,-1.8342325954961036,-0.009519377841099852,0.3145784510889382,-0.16112099036948924,-1.2045022432959878,-0.6103771583104929,1.1926904779625613,0.3049047372235725,-0.65175997996054,-0.01155117643407999,1,-1.2860807350583676,-0.6013594424263214,-0.7080252678725013,-0.11829657926599697,0.5552889171459835,0.3333903860891193,0.8871536188179834,-1.0164746019456181
0,1.641326375134808,0.1586935098275286,0.680662148403637,1.1935910060799029,-0.21939141690757638,-0.3171504646105515,0.5257307210215864,1.7632530164031752,-0.21321978899959176,0.8694453627137774,0.02155104724406115,-0.3270890049049683,0.4387492092605522,1.4941988350455366,-1.3991392084046173,0.3189464341843128,0.4665368777623857,-0.5187538171032586,1,0.8025821581655643,0.5059151051595087,-0.18223918912607068,-0.04044045056670151,-0.2512274427910208,-0.9201063616706775,0.09641105538972995,-0.07206626170604591
0,1.4627543991755434,0.7179950549102342,-0.25133969012946145,1.5702158442307708,-0.006113111640243418,-1.157669766201115,0.37685406687897605,-0.1873090209992332,-0.7736944832862939,0.018465755261502736,-0.6308349705731158,0.8353668582241545,0.06716147247485665,-0.14648732880873488,-0.6540694146455903,1.206430897679137,-0.3074499205528085,-0.37905786101595207,2,0.6469511616434892,-1.0804821936026108,-0.6604589622922818,0.010463749886099785,0.5984711096845259,-0.16954180173155464,-0.20370520839794845,0.9043408118458203
0,0.5320123102227202,1.4502803711755399,0.6679382089636852,0.7675056207032154,0.007909783945004023,-0.31459527302061935,-1.2651419744555825,-0.4866471878698719,1.93033400582673,-1.0143569980696983,-1.0957003384040107,0.4134210548054879,1.052734410187773,-0.8122523411168572,0.36206559891709245,-0.657644950224342,-0.4789470727335525,-0.37731068459228423,2,-0.4940116156486477,0.6275260845784721,0.2590529372821027,-0.13858845242106,-0.3236834533298738,-0.013931461298718112,-1.042721997992472,-0.3196669638162212
0,-3.8291018409492006e-05,0.4226339712240196,0.524216961311699,1.6868448806591112,0.16996909777337654,0.0016177039209838984,-0.03360032757275422,-0.2906794140802164,1.5517402881094453,-0.7633392073298216,-0.3777988826496417,0.325397828838087,1.0516696894849746,-0.8167610749468048,0.7190015830958583,-0.4453153639281964,-0.11613882514229787,0.09204545293129668,2,-0.014202488615079667,-1.1779706276420665,-0.45459916678314266,-0.10388658433952369,-0.8104214492815451,-0.8042812317861527,-0.9113689671336154,0.46961846527642614
0,0.887658481266733,0.3416046357245325,1.1067377664420492,1.0249301233760777,-0.6787333651408143,-0.32017973508370234,-0.4303407218357196,0.6066543874475164,0.9823995239164409,0.1310825097816519,-0.5204756919459126,0.5720933936804133,0.29326134840702267,-0.8869692889672054,0.35288948257487784,-0.7001402053513199,1.6765806346442378,-0.1760251809431142,2,-0.7410527024049103,-0.2739151653774411,-0.45205033844522613,-0.02147573533231415,-0.644403983396809,-0.2193291973693043,-0.017256560015386627,0.9457941218821934
0,1.0395287522883385,0.12838496790224652,0.10752078565306034,-1.260983257364796,5.79058327497194,0.003206175326498112,0.8864023806039097,-0.20786578912116405,-0.582183422526383,0.7349170406244504,0.1445272381063939,-0.36205683408714656,0.16871535430223122,0.5049469433951402,-1.0780716497846856,1.967943000228603,-0.35670664872892377,-0.0799783448496976,2,-0.32119093179545966,-1.1732302026894135,-0.8087899384420999,-0.10886487497274068,9.537510603019276,0.027415816542732063,1.3646968201511087,0.682185206331184
0,1.254728870215821,-3.496823204045964,-1.3028352896413853,0.16352987883346692,0.3732781307125118,4.400303544918012,-0.49942656121366474,1.5647659400127052,-0.12481018139539102,1.0381730021293558,0.3138831146122196,0.10109575589192665,-0.6439684671120427,0.39578029167242795,1.030249583735267,-0.02329450658516835,0.12707986378525019,-0.36403536219374943,1,-0.2648577082334934,0.5138811880280805,-0.8193037654450733,-0.13858845242106,0.0057409662980731635,-0.29707468904989254,0.7193455071593827,0.6225121920375807
0,0.7330851504958499,-1.1699355658733241,-0.22074114426670366,0.920618160627953,3.718885029810421,0.26627132326550035,0.5517773824559393,1.904023611788186,-0.0902039043374307,-0.22975615689196283,-0.4833262351670141,0.7403375800046335,1.3767612175282176,0.11652311390379311,-0.3676954997128427,0.6775334267886567,-0.1567344983993062,-0.46495438733599903,1,-0.44378790512042593,-2.852784500818674,-0.07953920978003003,0.01993526655174052,0.3492240757403565,0.09392418676978354,1.9516398380110827,-0.796122273766349
0,-0.7597118938390277,2.089230252906603,0.8111266998060246,1.9504923773485563,-0.5089421126938364,-0.3568152056136319,-0.308539386638632,0.1378637067976367,1.5501435136078507,-0.28414929020342405,-0.9376141869395763,0.8459721769535182,1.3628790974119025,-0.48507968682811026,0.6276303706634669,0.5718143589114797,0.11699105053528855,-0.44769472588080567,2,-0.6522911283649009,-0.940341097985044,-0.8361031819604595,-0.13858845242106,-0.5913475087951416,-1.0829919586942163,-1.1079187106062762,0.8181729239289228
0,0.7519839560447147,-0.8590527078862285,0.3447550527633348,2.221650881228279,-0.04275744257572761,-0.34009141598587356,-1.861190640577549,-1.08179017399032,-0.5110023378082383,-0.35297412757433727,-0.3042771798722673,0.437647431821622,0.1305231639856098,-0.5689373553362704,-1.4521778608383036,-0.3158415260596641,-0.37456057451535163,0.07802853537502086,1,-0.12570513323715865,-1.4102792488720453,-0.15611768023032613,-0.10433235257626941,0.532838979927536,-0.3208347975202954,-0.4461163910753979,0.554775570903594
0,0.8613952895961198,0.5806127369362238,-0.33966942374675213,1.089494071307588,0.04812253007060169,-0.9380578620451785,0.4415930104152325,1.1574820482104602,-0.1904425227117459,-0.045831241722391725,-0.5931297033615477,0.17858363207963313,-0.733240019897093,-0.9022924193932549,-0.004624995133979876,-0.4089834206083198,-0.645160602629483,-0.22482494877148865,1,-0.06559416065465302,-0.045742520048531854,-0.5987668353241817,-0.06438038543315756,-0.020685582755543053,-0.2842673701395422,0.2724346441021086,0.8622813303942001
0,-1.505203368317222,0.7367350950436784,1.046375601329791,0.7941810075193183,-1.0518507340222707,-1.2603720211570284,-1.4334077941038466,1.1567374597502238,-0.2617974387383258,0.2603684372798247,-0.2003237833276017,0.1564266886798219,0.8727046961943151,0.5330081265198789,1.637831009674803,0.3410662833723976,0.8954109871589354,-0.5477219118975813,2,0.18620603151819398,0.010002529990454812,0.6160422210222101,0.18011357335806125,-0.585463241794099,-1.2151791149350073,-0.24623181945887793,-0.5188757299140839
0,1.1099788170952987,-1.2079679366159315,-0.3870043094048015,-0.08796241397320348,-0.5824549824443869,-1.1812063754565802,0.3788782421987281,-0.17312413020016262,-1.6257377340317438,0.12976622629237883,-0.772757540311367,0.25899361312099733,-1.5512795386179885,-1.0869676552198688,0.5844385554416307,-0.2992301082297029,-0.640319906484323,-0.06373536886159129,1,-0.2559492785322937,-1.1359615582006315,-0.5140439463334192,-0.004840493923095754,-0.5242702613784322,-0.31592889098428684,1.1002725821395822,0.0012290336527273904
0,0.0207478623926588,-0.7885983471834572,-0.29169564600469733,1.1580020095866366,-0.2476079365503058,0.9140183170199608,-0.7777720335740836,0.4353426944551311,-2.022461832541859,0.03931285945200519,0.3060552026859227,-0.5023850933055206,-0.6683502660106518,-0.061965092922304676,0.9275590160564654,-2.753807897521025,0.2628349761421175,0.013544558418372321,1,-1.0245699668158081,-0.4827596590108265,-0.6907502044794043,-0.012512155404719248,-0.14349208534671876,-0.021827744450952702,-0.13307921419473812,-0.511708364282656
0,-0.24953597082665635,-0.4970003866455564,0.3241210255102111,-0.6306093791525059,0.45264635310018664,-1.0966113796580645,0.9291828906253635,0.563859175874629,-1.958136924051929,0.9171066249889872,-0.09748835636468545,0.1286651261913101,-0.3840794403321988,0.030674216871558233,-0.05740844825525604,-0.5971308899885711,-0.4494412686362734,0.08838654643863797,1,-0.6943468779748495,-0.4122514330968965,-0.07830686548207166,-0.07940328637036054,-0.8218181151376811,-0.07032903826878449,-1.0260899926977003,-0.789899271996177
0,1.9246210264531882,1.3943764444267237,-2.839003205093558,0.5180069410285185,0.2122939549065597,-0.3647080459651284,0.44301018352923216,0.4141429314978,-1.0784067699681608,-0.24262706004083784,-0.003844022945566808,1.136785601627972,-1.2007343381839328,4.052508617908812,0.907337731342456,-3.130568292176447,-0.6128067716838347,-0.1467426395202242,1,-0.4759046463980743,-1.6982285431756625,-0.8204041317063661,-0.13858845242106,0.27440338545386045,-0.12052861564834844,0.325810070427469,-1.438690326487933
0,1.5168189046037506,-0.629159601391857,0.6435885624516738,0.624145753624669,-0.4834504753627783,0.24701183034225205,0.5590466500112392,2.137785806028552,-1.7406184600054735,2.124575738302509,0.1442235928772947,0.7725665570407401,-0.7923314130661805,1.2485773366012354,1.9628220268633443,-1.4788158868050099,-0.4940190527699594,-0.1071597164137712,1,-1.5524165433608452,0.7439329965420619,-0.7022709738466673,0.01387315866100168,1.6280547168563966,0.09192618008268538,1.2005601169157993,0.5654143320437431
0,-0.43350874714167753,1.437761442127729,2.366277055859565,1.8076482014802413,-0.9040751800107478,-0.16717600338942248,-0.7696018833475923,0.0953565421050403,-1.0327351150217743,-0.12434498881928702,-0.18938728010173805,-0.3668667423405719,0.26829231007164495,-0.37806828907547213,-0.008634359255928148,-0.3182931057930086,-0.1356198231851931,-0.38793286025127377,1,-1.1157045971076247,-0.7009852590995941,-0.29522024166541067,-0.018759278126295395,-0.19135842617895582,-0.7800999847203759,0.20531037364926494,-0.050353396082293944
0,-0.24392395328101982,0.6112434638362154,0.6750426980041968,1.5976217662114707,-0.29107801590231897,-0.759134970777049,-1.7123988341656884,-0.009593291632228551,-1.1713882432633407,-0.3546766060713839,-0.5349279357242395,-0.0591400594996877,1.354222532210097,-0.9342525982103425,-0.6012483088703859,0.1304070792661366,0.06203306478741289,-0.25214616733628237,2,-0.2683252018155196,0.17583542264395507,4.329535442049012,-0.06061799269560719,-0.5157301253770504,-2.3889858480503783,0.06960155569862692,0.44594298385008024
0,0.2892392416573064,0.9138001794204851,0.6615577122382144,1.1321392614169052,-0.5137245966708499,-0.24890976993504693,-1.643663030334588,0.6918904388074312,0.20963140082290077,0.3987876215331634,-0.035894604248788944,0.4057706867425029,-0.9697189219629797,-0.2920129996490125,0.1462115860801504,0.18803780335552966,1.0906409339118817,-0.4357327226769579,2,-0.15950250640177507,-0.1179316101794528,-0.8036305238226454,0.05300404949763651,0.6225722221649589,0.24419975902588095,-0.02999602164574766,0.8675094640180772
0,0.35488349779760675,0.5290917264771324,0.5857158188355972,0.08539316195948499,-0.7880856986387273,-0.8136190476239343,-1.704462839805133,2.3968638375314777,-0.15179729851663554,-0.351137317848425,-0.2638126483865867,0.47312286562858624,0.2708059692583052,-0.4896041885174604,2.785052811403712,-0.7800847631773073,-0.5818737177102298,-0.20259732385925716,1,0.5719937196871813,-3.2090221359008924,-0.7313149973739304,-0.03311778202237178,0.08504313250069823,0.08252801761774098,-0.3497373179548914,2.7741255899380803
0,0.8178239072117924,-0.9283388039530241,-0.16387532214357964,-0.5162631486265142,0.11506486438761787,-0.7436184144193192,0.44826044226624073,2.090393735005631,-0.5068267395442446,-0.21061564184204687,-0.03104006426972665,0.3324329631316081,-1.201063915648025,0.27587551431002266,-1.0030437364993237,1.5733970778617117,-0.4571586027220103,0.34116221484472076,1,-0.6921886723638623,-1.7251269496275032,-0.6778803850756265,0.006426653300661368,1.950537266167975,0.3696739476075112,0.21100485612075315,0.8193392680709007
0,1.3164684980210197,0.0062749505278077156,0.5406023846838012,1.2713377014628247,-0.2178963253287517,-0.5849803380488319,-1.7960675293952875,1.0512742676357976,-0.9428370656763322,-0.5642997298320804,0.0012271977070885814,0.15224146412025652,-1.1963812661168804,-0.8148985689363543,0.4488851297951121,0.3873048756729601,-0.65175997996054,-0.014335603200364103,1,0.4626150864704295,0.19088383829595534,-0.7964841866042105,-0.13858845242106,1.4007866853807096,-0.5920561740604776,-0.996866726607566,-0.060982543854778415
0,0.3826088621400694,-0.3026977388898533,-1.3893525790359817,0.7947532481706652,0.08716577315813151,-0.1641005437063393,0.6447734648392922,1.4506471247002655,-1.4437508612189642,0.04049843444528578,0.35881108176061094,0.3429380698054251,0.4139472995831121,0.348723191706771,-0.02525729561718515,1.1844366118368903,-0.43341060693123745,-0.09230748463849464,1,0.7138934035734581,0.5153965019269529,-0.837083612328585,-0.10569383506181124,0.2696341041314015,-0.03856711486635811,0.30151792505700337,0.5009979176547461
0,-0.8671219109130032,-0.10259152040531344,0.8362909445722442,-0.16137230378615833,-0.3217822063002207,-0.2249285018718743,-0.58736346866788,-0.41191054459661613,-2.32546464565152,0.06820122051525235,-0.2028092877925387,0.281906996026027,-0.24775683270765336,0.09616456107429189,2.8689027982293958,-0.0553294812437366,-0.611206273461463,-0.35932958583911695,2,-0.4690983917213401,-1.7138079561134618,0.9438745485761775,-0.13858845242106,-0.6573973738988468,-0.502905061008042,-1.21975314077183,-1.3558396262745815
0,2.1521911627229393,-0.9300314784422407,0.38624102102843855,1.7662147964579535,0.07492809178866461,-1.013871419672031,1.045796735687,2.0642028130375465,-3.0218414223279026,0.09911628620157853,-0.6397428380200156,0.3012252081753823,-1.6495843957982936,0.2749853264159428,0.7906059475354091,-0.12156066233365445,-0.4711534814091983,-0.7148393305248899,1,-0.8201083814196778,0.6472502836225033,-0.6918676538327838,0.2534156941867143,0.8676044216624121,-0.6322143629095214,1.839804285669584,-0.34916341170081494
0,1.6465885136875413,-0.8392804082643321,-0.4007389573007413,-0.3920239416754423,-0.062021824133020986,-0.22146232171333846,0.8662299960642279,-1.7491002748913873,-1.7260288196389793,0.05665953481008362,0.7872497584587366,-0.007553882952326396,-1.671167404201605,0.5632810828385846,-0.6790844712574574,-3.6477380649619118,-0.5490670724289203,-0.052437954373063256,1,1.0115636615092995,-0.5241841353971682,-0.7169680141785526,-0.10270567127251361,1.0341561094493006,0.10324206465118241,0.4875368504975135,-0.5186205241742811
0,0.034488184143587286,0.26621082437517624,0.04913631667740133,-0.6270039961674827,-0.28056449100722874,-0.11842065343872327,-0.09807005140681457,-1.8287013927978744,-0.5237838241785333,1.319153947556878,-0.29456620952337065,-0.21130044894731684,2.1380479360107447,1.5910972676833337,0.7316229154152707,0.02779368412514338,-0.19208790188757374,-0.3864581072729009,2,-0.9746992623426829,-1.1976258960953579,0.0014768429470617614,-0.03598103888226593,-0.22161225463974338,-0.30241254358495473,-0.007398699477878079,-0.5681962340388681
0,0.5832345146320429,-0.4488169946174772,-0.4274096236974375,0.4179914464596952,0.9036995934739303,0.4204567666966296,0.8192371827391669,-1.7687627783755304,-1.1881941896701522,1.6101749619832793,0.7999014473701049,0.2865852081276868,-0.541921825869395,1.2665176103544071,-0.37342643384680463,-1.9351572150950955,-0.26447694417969725,0.02971760744619465,1,-0.4630158072063062,-0.6317896347365366,-0.45176003859905434,-0.08993632825265002,0.1225287727344821,0.657437289273228,0.9444211769060715,-0.2066513778824563
0,1.4880640232099356,-2.2492495576431275,-1.6866754879773211,0.05080916776549149,-0.468743566026528,-0.4355720605900279,0.6430737481136224,1.039513889463345,-4.788913662234828,2.2901686669760997,0.5029696149295065,-0.039708027341733176,-0.8720402859726109,0.567047199692996,-1.075953567948899,-1.7093883243455723,-0.65175997996054,0.7090516851289308,1,-0.6566531887480948,1.3166076892198486,-0.13098262594658616,-0.12606288011118877,-0.7767542248024448,-0.9821340226007225,-0.24873252478481966,0.25545451623630655
0,0.7340879327948332,0.8620080214404929,-0.32113910805280166,1.1880060017695215,-0.42387148304457245,-0.4694279406219629,-1.50455933409848,0.525897906046342,-0.10601598239714229,0.9550129277011264,-0.31129330040742237,1.532352872216845,-0.8495680605592791,-0.6004792925348121,2.5178479579656856,1.2304977165015796,0.3760525781654911,-0.4128840359942585,1,-0.6081613159647875,-1.07726302112797,-0.8210077107045182,0.1161950926656096,0.8395404096298043,-0.47452712941190467,0.19745402915386934,-0.6170051228240986
0,0.6561740533289645,1.1400309319415234,1.411763659032962,0.8865624059376571,-0.6722601895678213,-0.8286691405278503,-2.5232159902454425,1.3185841806389265,-0.48416620411735617,0.3289009377854638,0.06694368890662605,3.502433103462322,1.3151240668955975,-0.1964274222648857,0.7825085533139243,1.168350907201428,0.22809309995332555,-0.3873491908159472,2,0.01424293468027868,-1.3678209901627625,0.0840541475038753,0.05809960024886794,-0.08041620973911509,-0.9183816340667665,-0.2926752767387111,0.31785941876116175
0,2.1116001717871558,-0.9782107998371352,0.5968263940650256,0.9213071021747057,-0.6556702028292338,-0.40264092983973526,1.0062808991457612,2.213902918863853,1.1883493987378408,-0.2571332353104283,-0.9970017763386971,-0.3582111311340778,0.4716843405089224,-1.0798892575599432,-0.13426133638622983,-0.8149217792323448,-0.28767175327536404,-0.3057065216035188,2,-1.1210981510186673,0.41149420094390815,0.7759122453009548,-0.015262522515550256,-0.3476651341430175,-0.13937286184487527,-0.7238792016753,0.16498945725889586
0,0.29597776654620667,0.37605936189140676,-0.0907203000569834,2.1325357093744564,0.09618905898744912,-1.0944717447236765,0.5517194400538913,-0.6690054870260298,1.0220497506611457,0.30054755921183374,0.34988479860048116,0.7202403501704655,-1.1331111984743207,0.16834674287071028,1.006979118340997,0.8339899122956612,-0.65175997996054,-0.19061087216685652,1,0.19767318035198594,0.046156451753723016,-0.6286077843896266,0.15185481024375302,0.632424222926854,-0.5347831469140792,1.11032675465479,0.13548102096967363
0,0.9898654994441209,-0.26050471477719506,-2.7511667923004435,-0.5430328034049767,1.4210592559907593,0.3711942585898389,0.5492513688031722,-1.619410764187559,-0.06383075218608442,1.0324766463705064,0.3279271494379472,0.6909659219722428,-0.5052707975768335,0.3048360155187968,-0.1959205506877164,-1.4001498813724598,-0.4618734755917906,0.5609983310389812,1,-0.8077261362700635,-3.1787003581768927,-0.21441355863243408,0.06856802884732606,-0.08971783889700047,-0.268039684653226,1.5711641577453161,-0.9002563185321145
0,-0.17732992799540137,0.6417053678060128,0.9248197245297564,1.757887431494955,-0.8404108158658562,-1.4345318909115643,-1.1741525568319524,1.7118495387527584,0.4011116276662359,0.06724003779183152,-0.48173119944987575,0.5966129015406484,-0.48753797616425565,-0.31759878720643,-0.25848756683429225,-1.1078892777531943,-0.30050829089250713,-0.10740666593721859,2,-0.7616303558694273,1.2149633292480422,-0.45990323187927945,-0.07427819207277205,-0.0440913628015871,-2.3713246640761865,0.42896900157652923,0.3580911248841917
0,0.6339762452139945,-0.021493234465491978,-0.5293048017345623,1.8744200291784396,0.05353328521653954,-0.9573806669713163,0.8624747077260138,-1.077535510085321,-0.37340356019843385,0.10293695687217026,-0.3856545546557326,0.8434813797848776,-0.5338768923466619,-0.31067644507350034,2.8442905318410308,-1.3892981740036232,0.9722170192311643,-0.4936016654295394,2,-0.7318039260489795,-1.0017134802797993,-0.3571620054376341,-0.06438886035209151,-0.6703927590771714,-0.7974511719062422,-0.48622935268902434,0.5406011931015344
0,1.2077416667374925,0.47602148889121637,-0.2527676407605995,1.9206039439976499,-0.15873675671583287,-0.23408909487251228,0.8443688532381958,0.20032346248779875,0.4963654420664406,-0.2380740832101178,0.19799630535561086,-0.014857095673543652,-0.6549199215833991,-0.6675396331234587,0.7097813812269849,0.46915488654998416,-0.32212235394576666,-0.17162160157943893,1,-0.19228913059525182,-0.35443969888718785,1.2385461758683665,0.04760831554685485,-0.09164263615138918,0.3224051157739456,0.5863855205537023,-0.9691812785796012
0,-1.2301133261748345,1.86591952637176,2.5026987304311628,2.0075529316877736,-0.2939133944565206,-0.872866646734523,0.7313402648357265,0.8141029945135291,0.14272253573542842,-0.49364390243280615,-0.10652837387253011,-0.3591838187461505,-0.6000533236752489,-0.7508323677512934,1.5596075593005183,-0.296310706147076,0.3367553900525745,-0.48009141986119785,2,-0.32866510068259613,0.38505218020963994,-0.45347374149388564,-0.040971034389324604,-0.845087978171851,-2.2628945626773866,-0.7470643468875313,-0.19920026700996843
0,-1.3262838746896957,0.05413364662060027,0.6055698928333964,1.4737957899880754,-0.4296941881726605,-0.8136633044705104,1.3802390526327757,-0.4600573640948435,0.4926018864319714,0.1560079817463851,-0.218910703996182,0.39861844197050456,-0.16779732272858333,0.5150296798136018,-0.5347429893387967,0.8450528153541379,-0.3357463095959717,-0.2272803798279224,1,-0.15738149618020986,-0.45191124928619253,-0.6226424120365195,-0.13858845242106,0.2370160654695282,-0.5290852517637276,-0.9980053047587014,-0.2329369267572634
0,-0.6627437562701186,-0.2318820479770128,0.9611903111872804,0.6572347458079021,-0.0651328738985023,-0.13658638597480932,0.838406684102804,-0.6919434009055048,0.17035743002946957,0.43808752954330643,-0.5380019073345863,-0.18278484798182054,-0.4476596611825719,-0.5568301918554643,1.2782075854853705,-0.21272813786711364,0.0039469153758097675,-0.27235507164362616,2,-0.8470131201342519,-2.062701939086552,0.12962486541834403,-0.0664077532780286,-1.09095311408826,-3.5408127237700944,-0.6098853992612878,-0.3375251917754399
0,-1.0470486506557062,0.985815729748754,0.6615484859004633,1.3328827823060825,-0.5174796301858611,-0.8977031881351115,0.0859440022071446,1.8476690844521229,-0.7504421936747099,0.25641640507482166,0.2717184876921233,-0.26367859654456444,-0.5075796744267009,1.120012320483877,-2.024657592073964,1.6763708232263426,0.6462046423862506,-0.4656673513167482,1,-1.031892873109265,0.3473906500016112,0.3957044669097764,0.09763395711887965,-0.5238600243017778,1.4242454928993569,-0.457297102115396,-0.17780016322182796
0,2.1057345169796258,-1.2965060785437577,-1.7309725983268835,-2.0607813002067945,0.015172564513604658,-0.5646917340553433,0.487484821119271,-0.8053359416016815,-0.5907505611392713,0.5536273760932768,1.8386079838001181,0.30024298915835135,-1.4992513565527985,2.180721017192269,-0.47257881545452973,-0.058432456059360094,-0.0756955297292794,0.33979260829175884,1,-0.0722340706566087,1.2541193531707124,0.4197837237665168,0.05260212530714692,0.06529269852954245,-0.6786152685047204,1.6188310352619588,0.853746597776945
0,1.4224196250855814,-0.47539287427001337,0.5522555634576023,0.4047829525688671,-0.37002098603070266,-0.47633519111032085,0.9563011338353898,0.05295885990201521,-0.6158629919403557,0.026056819249714702,-0.34690483434851266,-0.3184589066878507,-0.24869447072506734,0.21208212068053728,-0.6662521770379103,-2.1530284749876536,-0.4843298898948949,0.027756240044642326,1,-1.4357203275584713,0.09565722481171812,0.012486002761699797,0.26344640957254595,0.0940322244119981,0.5308250625756117,1.0544613272577572,0.03909800780436459
0,0.18933795203807954,0.7540084504327742,-1.3320197337433473,1.1590402822388843,0.4098110072897185,-0.32069841326008164,-1.1295132807105035,1.410538543475295,0.5822113109249025,-0.7484436441922404,-0.3688125517382934,-0.09817653951802863,0.19962781997631146,-0.7517385299484374,0.0916825048225498,0.05207768858282331,-0.43855174646083006,-0.11434379413617174,2,0.45798284609216,-1.9012195103972966,0.7654852802441936,-0.13119966351567244,-0.6839375918286938,0.2872987735819364,-0.7056777642014352,-0.5449370833139099
0,2.1358505756094104,-1.7289765646875002,-2.27839717613614,-0.20216873117218637,0.15522121840040215,-0.22443871782187053,0.4997601288271712,-1.1744020472688377,0.10383897985988101,1.1982466156804275,1.847547361136814,0.45792273479014783,-0.9803264256188657,-0.256337883020171,-0.5048604122732079,-4.852146688611698,-0.4884434456572015,1.0473922637863264,1,-0.7859408603475436,-1.9609262126867484,-0.250230394631087,-0.052040356032861834,-0.08155797819252897,0.38192672345998946,1.0287175493368774,-1.4497524778130146
0,-1.2773997419968712,-0.4226379772895036,-0.4474854033526681,-0.16329851793392725,-0.39570542338263964,-0.4639541815760445,0.7168909819195171,1.3807358411577542,-0.9923294313296276,0.2724681078331166,0.7678591841780628,0.11406077309860757,-1.1656332001103682,1.5438455979626253,-1.0332427011866172,-1.0735892832581135,-0.053205316396184865,-0.46910206712247043,1,-0.8218616829804489,0.46093217456093855,0.5943339763205994,-0.13811008377705739,0.15721331195084787,0.10201569487097462,0.22379593587095037,-0.2848739071101615
0,0.3899990949063989,-0.14520925070135685,0.5669355284252867,-0.14833844060350998,-0.38339436277767136,-0.6976007149653826,0.5554979864652342,3.333490823908066,-0.2299085588167653,0.5392916316932196,0.45344573083392115,-0.27893003584114556,0.7660636312592584,0.08169776084204577,-0.5042142845115825,0.7555833872170881,0.6505399938425973,-0.005070232236492368,1,0.6222474378552826,-0.138913613734169,-0.770712661117784,-0.09707963514104229,-0.18120073313801494,-0.09416171071351453,-0.6019589757757922,-0.4776487224369564
0,-0.7811020857232677,1.0850110113571065,0.7392451237401068,2.156610453053598,-0.47950265343566073,-0.9980639725902678,-1.3117071080244085,1.002878331695982,0.0030527766455535343,0.18511121020577612,-0.3804771070028007,0.7729927012931611,0.3887073050283065,-0.5435548833665484,0.16311599297056123,1.1866285611619447,-0.4711270533294029,-0.42288960242208606,2,-0.30375399006160997,0.26580955700243547,-0.6564877114845242,-0.015949363551349266,-0.3035063524249665,-0.5937159267090533,0.24994281492945442,0.24422138288329523
0,0.7793973408741094,-0.14557483300451968,0.970834399290583,0.9508542998735301,-0.44170916308184327,-0.8521355538401791,-1.2098554978876317,0.8508671118774473,-0.2382950540910082,-0.40363671994274875,-0.737092251773493,0.31686104906088014,-1.1040297411819353,-0.8077197391606221,1.7708409791821471,-0.5265047274905755,-0.00047152976218908793,-0.27914628810564074,1,-1.87737378862638,-0.5984054471927593,-0.7350223019881773,-0.057466122069356744,-0.3273603362028537,-0.49794005058000274,1.7789504029391923,0.9071915852586094
0,1.9831842158147444,-2.8079198440959217,-1.1839754995818654,-0.041874934575739035,2.980300126239743,0.09870782714011855,0.6035030814143898,-1.1689058848516505,-0.8213303682102358,0.18918658952374132,0.004241144086765014,0.9909765838459919,2.45732086882346,-0.18146511390540873,0.3167112894191708,-0.3579530643515792,-0.5391409575588139,-0.18174073924217027,1,0.4835598695482012,-0.6862539200387764,-0.2231583346893945,0.2202638424398541,0.4511993280904072,0.5794983220698524,3.9896086786856975,-1.0660654720720923
0,2.0966374214417476,1.2491387266669953,-0.6483983778131799,-0.11049073382378455,-0.805176298869297,-1.1230956786432915,0.8317701454618955,1.4191520181602315,0.7494930557552426,0.1887218694000976,-0.7504836400798078,0.6570898575962523,-1.5197223499783374,0.1752462183960294,-0.6593859717809968,-0.27205270988845415,-0.5772967602570044,-0.23345966971435847,1,-0.9444568306102876,-0.30939820138696383,2.2957396853432477,-0.03731302748541485,0.5901183694087004,-0.8716069349804857,1.8065085834758396,0.8170736612569305
0,-0.3129967267402158,0.9001631936451487,-0.6707564711837434,1.2775095205902556,-0.23309605742345987,1.0067613119891778,0.49581142289672786,0.807715372843498,-0.13453883615636192,-0.8891012420339818,-0.26787191462763255,0.4941059913086586,-0.37048892807051126,-0.20557749062637753,-0.18350115381171678,-1.1904808077440867,-0.3500279036466578,-0.0350486385712912,1,0.06383876525374821,-0.7961320391155027,0.28741637797863906,-0.13858845242106,-0.014485287772446287,-0.019680728907562783,-1.028629178437059,0.5014295497902297
0,0.18694111269178626,0.06310153696560528,1.7966496099859457,-1.6732070301834674,-0.14331759197208366,-0.5546292745883822,0.9701124582984719,-0.2948356429900367,0.702274480163294,-0.408241993996145,-0.5780197563786524,-0.20915784459414388,-0.09085644370563545,-0.34231173509722035,-0.20611655941321977,0.391499722204395,-0.20348014190194708,0.08221815179147424,1,-0.5673264562355015,1.2488921159789523,0.6404005600104061,-0.07734073333278665,-0.16190400281601053,-0.21240229216542877,-0.11388963129484739,0.23796147625415542
0,-0.10406380842136537,-0.1563507207595507,0.47597321928833375,1.3406574041913997,2.2415507340744423,-0.15300392807250843,-0.9932978885012046,1.015166493495151,-0.08019186421113345,-0.9917571863758847,-0.040752226387509055,0.009783583805793698,0.8960658929542333,-0.3817209648305219,-0.23517835789988983,2.3528179387173607,0.3377178012160743,-0.5402854336642193,2,-1.0685809051833237,0.06725416930839073,5.796890902230453,-0.06501699163023492,-0.569510245115878,0.33268680020070795,-0.3137987966768757,-0.40854628899204737
0,-1.0979848417978813,2.117018356465974,1.3198327481169863,1.4695342204735145,-0.5283476894681262,-0.857701375837403,-0.733554409462237,0.6828307849909501,-0.15188448559702544,-0.45251916296629136,-0.5851623626406453,0.578969753103965,-1.4755035352990635,-0.4260168405397356,-0.3197640035539227,-0.353870150821378,-0.0710397374290147,-0.3818974747046146,1,-0.28767662736739513,-1.2607125152394851,-0.5965659707036735,0.2673573841792771,0.9591689127009293,-0.3748930542517033,-0.06423693676924272,-0.7468447066430846
0,-0.6931104318038952,-0.2589363978838868,0.8989284328891113,0.23347043152469227,-0.5199365901846636,0.2562255086624212,-0.15886290181682838,1.3290005424850229,-2.603571384923562,0.10075261396290125,0.204841222196965,-0.903642431526169,0.4599473375620414,0.4733404636645641,2.3222280479766644,0.850575392331532,-0.27861323437996377,-0.5233842780809033,1,-0.7969249928487359,-0.772354676808708,0.05492693314271848,-0.03968106998394384,-0.3079555356266288,-0.9178917728298495,0.7737174117148566,0.0551140849685649
0,0.28551610359017343,0.08046006634674462,1.7210549609632422,0.8099111205027008,-0.4953118277679044,-1.2741902605496254,-1.4797697828498366,0.307290008472332,-0.5592202001315356,0.3093126736897649,-0.30095662042415705,0.7462654338348504,-0.2812455847263461,0.25408915318675673,0.3482134942431545,-1.42025093975024,1.0176603685843422,-0.3736334987875073,1,-0.3674167489938498,0.024654675168941223,-0.0740079833773874,0.06183376044161733,-0.23005016041061513,-0.27717471856354325,-0.055003024018852764,0.6084097609365249
0,2.2093234632550685,0.6942800669779715,0.09890231544028666,-0.1702088122671871,0.12072466755724366,-0.7343931714280434,0.9076081447847436,1.9680229730597465,-1.4043861695983142,0.852728330578839,0.20191757644024744,0.9947135893114307,-1.425059521017195,-0.03544152486696536,2.0087348463467536,-1.2226994536134286,-0.5331415827660435,-0.47762978628198327,1,-1.018337683451179,2.0747028905307707,0.455825463120197,-0.024691330510038925,0.14561089388591225,-0.5951267159936419,1.8936103336141294,-0.5969702931555153
0,-0.04307289477849269,-0.06594122502071387,-0.05887075452648662,0.6094228892956169,-0.5826786815489565,-0.535966854511605,0.8514253949449541,0.11589501249111303,1.0702877663968435,-0.08152577628989069,0.0339153996396761,-0.49890846687109003,0.581695161922227,-0.3954174893384351,0.6738815090183501,0.5224338982561275,0.2695652643421071,-0.33654302332352215,1,0.06122652468833749,-0.1925639759850674,-0.3212619654082819,-0.06291119933950205,-0.46061464727020673,0.17391727735576157,-0.932141798864474,0.31774817433905
0,1.950288090804275,1.0424420570876403,0.14225369759673984,0.8885083113997777,6.198695080872934,-0.8146558500034679,0.5557198462651638,1.0451538272991474,-0.9463494201785048,0.12466597105571542,-0.27754563796948406,-0.2010783572351841,-0.06125269581520498,0.6820876398725276,-0.4438389670302423,-0.8663203473766123,0.06861877346405057,-0.4376611489329804,1,0.04587247586147247,0.483838689823628,-0.5922456907340199,-0.13764405737508617,0.35638360720844525,-0.42817304216036933,-0.7160692794911163,0.8003907696395092
0,-0.4267920319769997,0.48176922241261216,1.1002389455466668,2.018875358184328,-0.9130607978808525,-1.2374136913117235,-0.10276209355540844,-0.4364086417054114,0.9508667365045954,-0.005767961175819097,-0.01136705400896365,-0.17124507033484723,0.986699567188158,-0.6197829135443165,2.7442269366342638,-0.7283616829239729,0.2238387928307915,-0.10663807669774578,2,-0.27012462075418364,-1.1013426271917748,-0.7059459219601377,0.04131273613954886,-0.9556310373779306,-0.4026629076598872,-1.1532996793358996,0.2657560187208048
0,-0.08039294947631159,-2.3008144156976154,-0.23533670627746003,1.6855612731661531,1.3879381592459838,-0.42281642580988876,-1.5003565312779663,1.1381395464644462,-0.9478849632235675,0.40911323667542443,-0.6249389633640622,-0.4220784940178388,-0.1886294998249119,-0.6308618472643944,1.5176629479178598,-0.512801643145544,-0.1345631542530401,-0.33959229136517083,2,-1.0034409431408358,-2.6743606071564185,-0.4636850314186388,-0.04108214266444407,-0.774362757206758,-0.47248258438606794,-0.9469951111419759,-0.1484120057610459
0,1.4160673647093007,0.386719984259423,0.11954290305816034,0.46837910457762455,-0.6548226953898996,-0.9110322700964675,0.5041818605876027,2.53916818405225,-1.9227359917836202,-0.7464344729998269,-0.36300033175204194,0.5704444612273393,-0.973584771479187,-0.690506970125233,1.179703631672461,0.845004886229031,-0.04929147073724413,-0.290327136014641,1,-0.20166616979996685,-2.00542794888068,-0.7066085412394703,0.07206657042957496,0.2240618261194997,-1.3326834669587062,-0.21006911946165802,0.45422758265023744
0,0.1442501238228472,0.41861273545905536,1.2729007443056932,1.3011287568921293,-0.5090013788982845,-1.1238034516134583,-0.6595714016894629,1.7077996034797547,0.8503452995026903,-0.1726918352054315,-0.9007565767981234,-0.07091852632104698,0.28650385960839747,-0.7766603840708741,-0.23825740674071794,0.9778705657468132,0.245375773468973,-0.61956585537176,2,0.45691401911174073,0.9820418329478117,-0.673782985793256,0.1748583109650048,-0.33445493359090356,-1.072238570937797,-0.5741076400073595,-0.3595112157228536
0,-0.10216843393304009,0.3978067534123429,1.3605173845858949,0.5294297083404975,-0.5690149716041359,-1.20662498328656,0.6772872641582519,0.5021360917040996,-1.8368232267559736,-0.1618510962465063,-0.5644586240675773,0.15485410584907772,-1.5465069168326047,0.26722493325710717,2.3156433102341847,-0.9136658680794201,-0.4619576183440419,0.005185382084597179,1,-0.5690034634075303,-0.4855761068545515,-0.8255387307874674,0.079958103568888,0.34298199279614017,1.3544091896895718,2.845621650411598,-0.15154041059229414
0,-2.0269190041205114,0.211744218302525,1.2662407080642464,2.0427674977177146,-0.0034924109210893173,-0.8075183525592822,-1.707012154894492,0.8900778780058791,0.3743897253691083,-1.2046733111812393,-0.802380925307967,0.5167484817874746,-0.5424478585849948,-1.048802107985471,-0.7646933614398042,-0.36044714277027684,0.22522528017890736,-0.5050256219846464,2,-0.5308159526521801,0.4442092436596501,-0.6871254374779876,-0.06962171135906878,-0.8417535439937249,-1.7577639645284646,-1.1284696475850458,-0.34710558382837436
0,-0.283520393139233,0.7440484369650686,-1.3919789027501925,0.16175674498439285,-0.7966395037626126,-0.8142570430213605,-1.5966598212457361,1.4319059859745469,-2.33708877696312,0.10148446784990847,0.15027834770436488,0.695423238803653,0.871359020747151,0.007486442282074762,1.2552551414286834,-0.8062861118822455,0.023411590666824106,-0.46199683982341583,1,-0.6951334223881434,-1.5472621194583578,-0.24779761215630094,0.026442916667546362,0.1156039567082604,-3.642940256155202,-0.17823009527120556,-0.971103850511899
0,0.816663251940587,-0.7501183290011828,-1.625865945617301,0.5993112072194613,-0.47118195139734825,-0.4068783526620172,0.633989760145061,0.14586562329068495,-0.4663881381596965,0.04217609564488961,0.36713815832565755,0.8657227858147505,-1.1757471242310684,0.14688631149758996,-0.17264278754985968,-0.7292852873157646,-0.6138481336779055,-0.05823677965465565,1,-0.7625258270763173,2.543965692595536,0.9313967451699087,-0.13858845242106,0.7793210395180351,-0.9813846314017551,0.9872310854429442,1.397599624414667
0,-1.580039347563135,0.15409592311163672,0.6854557043259059,1.4747392226925229,-0.572284409211537,-0.4717890465270545,-0.9835617233492191,0.20633771396384148,0.7249218103256699,-0.8581591865561761,-0.957589230060537,0.28714399254743833,1.1325349207143884,-1.0011382519496224,1.9386099906000829,-1.318610059934243,-0.4369153205077163,0.04136192013762221,2,-0.9536985356718459,-0.7167335978518916,-0.4143536449382732,-0.10673504263090688,-0.9760819835126043,-0.5557458852927347,-1.0924532188819223,0.985290398960795
0,-0.7059147150832599,0.4890513636352616,0.8273191403949096,0.23310660465925725,-0.2896386283257866,-0.8321332903402228,0.7717548874834752,0.8476759789616981,2.589596406145893,0.3728023570690304,-0.2969803241573517,0.6018266604901596,1.6678136052550787,-0.43434653246966826,1.6590594552697584,-0.3793092891843023,-0.6141777708358203,-0.40407662540609873,2,0.2021451583475481,0.6388750696967859,0.6673279880310874,-0.05433887746063376,-0.340796678831117,-0.494265509929145,-1.2005641907132705,-0.04544513991792681
0,1.445365937048983,0.30728681639944444,0.6712346526801742,1.2140689623616847,-0.4780703838289512,-0.8752125573624217,0.7778823956863059,0.6997155101164979,0.6405308641023941,-0.5906528923959153,-0.4582160726979735,0.266801362902572,-0.7853852326920515,-0.40430473237378456,-0.5232154389519669,0.13816488679419447,-0.06638939328525305,0.49923516923930084,1,-1.0394234778263685,-1.186142319948954,0.4369175529039675,-0.0911723706159048,0.03996177027875758,-2.6902493986818734,0.22427356235001297,0.5877285344088836
0,-0.8382660274628199,0.8625344888215543,1.6347112506089023,0.3646136786347967,0.509976162405446,-0.7204551204488155,-2.216560257018243,2.020480389399787,0.03629652525013416,-0.6015773219432498,-0.601209809452187,-0.1424548714513834,-0.17068581109935205,-0.6553092676847501,3.161481249683016,-1.4322062044508947,0.7875730159952627,-0.48002415503507634,2,-0.7811703705416144,0.7205896599660131,0.6817094195663135,-0.012242309176050917,-0.6209114231844313,-1.4735540059539296,-0.7266203030586101,0.47245617367435433
0,-0.4539925596590164,0.5591843840238853,-0.25350560723768273,1.0197825628558963,-0.8401499708624969,-0.9536854654135355,0.8149567450954764,3.4970950565075793,-1.2404102033397908,-0.3004535116907372,-0.6533944060112622,0.16912718222950424,-0.5414401503764373,-1.0874118847910874,2.413623812623893,-2.997904326477378,0.2171986143573755,-0.1812139273845268,1,0.10605274908536833,-0.4702450127225144,-0.635909695218847,0.07053684795753962,0.1444854362997421,0.6650200028924862,2.8732801135322803,-0.8907927262292655
0,0.2807383139014784,-1.0246535823712286,0.152598230114393,-1.7234490305056762,-0.24022292713603113,-1.544613998554126,0.566434848988717,-0.5504211591908337,-0.9853498848971848,-0.18156916433970605,-0.4050485436904479,0.6470616406330336,-1.514132638525489,-0.08749622476157487,0.086024636812429,-0.47294311428919056,-0.6103147739789013,-0.17601833572612055,1,-0.4311102332261664,-0.10991647974164823,1.4394753479362281,-0.11297175755936398,-0.11064811676909392,-1.0813127835486371,-0.3116212034677751,0.3447691448604582
0,0.8219470047339776,1.5398344206906247,-1.00527559558698,0.2598609320393592,-0.6608018710534989,0.4448139627870218,-0.7496514892629416,-0.2632520043043114,-0.37068110019561984,-0.46739727992196783,-0.04140470906921592,0.8819746747019812,-0.10507318250574305,-0.11759053617419302,1.8442499776617423,-1.1681781109012177,-0.5199239753221796,0.7414449248528336,2,0.4697583242672886,1.1713612893737693,-0.2211121697126256,-0.13858845242106,0.2100621114977494,0.08223530773998791,-0.062046835754186236,-0.7613111032040631
0,0.06374170739241644,0.5482242228759056,-0.1606213124654837,2.3431139727105394,-0.3524933908489818,-0.9919177347172168,0.2977945111182546,3.5657971629288534,-1.3199331720436325,-0.27581155395515883,-0.18443088304968885,0.4040511903518469,0.6203761416363339,-0.4527694841346794,2.1552754643374694,0.14061271964512412,1.4667378300970804,-0.4500629011097391,2,-0.2632201934483754,0.227317461936847,-0.25430269550516293,0.007273407900633404,0.11947871274736799,-2.416287631284429,-0.2846801582944811,-0.07735090979653758
0,-0.08319479620013093,0.173008929907776,-0.09367757126917814,1.4825229838202632,-0.5481434256196416,-0.8577159178300895,0.9252816353960496,0.4148257249460073,0.24307203906798647,-0.1918979764405634,0.20366069466005218,1.3469003354436024,-0.071756828871064,-0.6514153878093221,1.5755732300760552,-1.3047791972310767,-0.3952653673872756,-0.08548464713189777,1,-0.6105994152202235,-0.10542280571793614,1.432602921414273,0.18013919344836662,-0.25633450130551977,0.47958969294827936,0.25451490995777537,0.00037852012973849103
0,-0.4360636533467852,-0.41926872085154765,-0.9825758955091265,1.1719061929196075,0.9178532456349278,-0.6189537063928295,0.7691513013680756,-0.36040627109206713,-2.455646395007343,0.47668393018495003,0.23324753682655686,-0.03668355310283984,0.6293091610594349,-0.04286165737593167,0.4706278010020447,-0.940074880445268,0.7539828000684555,-0.26898183404949555,2,-0.7867045989031176,0.7416784656765534,-0.2938717258098076,0.029267744085456585,-0.768437165396865,0.3891781838925965,0.3740066521925359,0.9526504678910614
0,-1.189331391694246,-1.0677958055232335,0.9804735801852279,-0.09657249452965569,-0.05568991545655938,-0.675179041076641,-1.6503643870117206,0.05164812140737129,0.1844397680242803,0.006079161181072212,-1.082460639630017,0.676357176668272,1.4659185958340857,0.011857984869984878,3.3566487612210105,-0.9991291791279042,-0.297264237174778,-0.1780465888128861,2,-1.0957329076169586,-0.7288012602378827,-0.09483995068613843,-0.03036771394256449,-0.585263240095665,-0.6491928512483158,-0.7997071996908285,0.11603551316420402
0,0.052642912597639535,-2.7755426226647266,0.6584788675890068,-2.1122592065395165,-0.5491257796523247,2.1618373621436855,0.8144331078292502,0.960947375203811,-0.717137903918882,1.6898331640049018,1.2160387083079682,0.4711778451430748,-1.7846683193008541,-0.13903153748471517,-0.8867130600371312,0.12317722669422237,-0.14763237625617415,0.44278792804962086,1,-0.1886223876818512,-0.2680216168947726,1.5127966779634525,0.05231448594148032,2.1805708121617235,-0.7165060149849821,3.694638022839329,1.5311826814114806
0,0.771929454848829,-0.19368221248975082,0.5361527261280963,0.9727572293098045,0.1254654437277012,-0.09092652487806352,1.0465755901904883,-0.3993262827667792,-0.7088762806237584,0.23722199799015076,-0.4335212752308466,-0.3047336988174351,-0.3183061251022099,0.8065824911974631,0.16479406928936563,-1.1821714513820427,-0.19315815572508044,-0.21163072105601058,1,-0.40473616897848574,-0.6162816482144028,0.017341810672033012,-0.07748470174004446,0.04502865091323294,-0.4663555906632316,0.32324444477706704,-0.03949335411344562
0,-1.492077705671709,0.8966306658300541,0.6582612313515258,0.2697818477679582,2.660608077128249,-0.4051143046763728,-1.5726992679629348,-1.6381457315636792,-0.9732059946004097,0.3158143071750641,0.010538805563619802,0.34906564896533415,-0.4429477497878677,-0.24046976371055978,0.4712094693894916,-0.08409806744902448,-0.4275766578843323,-0.36148826651422394,2,-0.55683811112888,0.022523241411009864,4.3605138010972055,-0.12781276536106367,0.04631856632037179,0.08972047243797743,-0.6288828656795709,0.7732098823793858
0,-0.5945240486866029,0.5361667635983675,0.7739277103203748,2.2210654937693928,-0.7392722928889581,-1.17033017355432,-0.9756157719970102,2.1135000384142177,-0.5886654117823356,-0.027441528398509107,-0.060168497611702745,-0.18299064504684015,0.6117822931644499,-0.7530500225503821,0.4072288658104618,0.5892839035990582,0.275031377174222,-0.35591633217235247,2,-0.4636873074389185,0.003331342689524841,-0.2894064284398329,0.051849984755947515,-0.7484118085213595,-1.3057518134679917,-0.14212616879859064,0.7133702825353813
0,0.5156588629522664,-1.8534489615391696,-1.7865350626669856,-0.48600855425289385,-0.11736273173308526,-0.1549921497980516,0.5700526911384262,1.1970056321105358,-0.584256984218794,0.1904681925557633,0.04606689015465232,2.469896808101687,-0.9103331502230502,0.7756669737580368,0.0332347177344372,-1.0757170188739362,-0.5251454959462765,-0.304942245480404,1,-1.0258872575093856,-0.9291430214467343,-0.7979353436172607,0.02159339923549332,0.8107560077582163,0.3857817997385905,1.2312364606457213,1.402250651010843
0,0.8310268579887432,1.9870504819370178,1.253086269970527,2.139666643633814,-0.7787808432588572,-0.327238853710328,0.7625108393600171,0.6624642974200413,0.7389492711977879,-0.8947615801608904,-0.6874002560455825,0.5023895926275886,-0.7819186331021967,-1.0697706874506867,0.3537452515515266,-0.5550767153462546,-0.07256345657493568,-0.06945367064446215,1,-0.8045233240961155,-1.213021675900118,0.48006982450224767,0.06917627037931433,0.27842474881608914,-0.3359113910603437,0.3117172521417164,0.5314867960212605
0,-0.40277249828282663,0.7586155955117554,0.8234533491772589,0.9787052886650136,-0.5784061563005072,-1.2714598367938579,-1.8975295986073293,-1.7630876181126838,0.7890881750685665,-0.6221506293938126,-0.6684050343554799,-0.22955080964959168,0.062179229608105735,-0.4552607349022335,1.321810013021874,-1.089380237574399,0.15053499366354706,0.16802230245171598,1,-0.7061272486904997,0.1584883462813076,-0.7289249803224411,-0.030371001701650604,-0.05378663362049391,-0.16673891152694642,-0.7218986785629884,-0.09457239523584726
0,0.8643192979257538,-2.8751566789252996,-0.8415421318397844,-1.8934197548085532,-0.796914009919741,-1.036738331514399,0.3984644316033869,-1.0910691696479462,-1.584586014222416,4.797942105927776,1.4386702782561893,0.17750406998657603,-0.06921225888009896,1.4454294571347213,-0.8349888013573492,0.1826821258442637,-0.5550601571211229,0.2678530602328366,1,1.7681613860536678,-0.4024537265503715,-0.6611213480645681,-0.06039073843403329,0.1334735519069843,-0.43106727701509157,-0.6184319829782686,0.4203749860535453
0,0.9880264671008876,0.6833942403342886,-2.2614624825267695,0.9445636435532065,-0.015050014951218327,0.6745189484708365,0.02058873348945034,0.6629580350901608,1.520326899595795,0.026884715127054343,-0.0772137812654611,0.5224461622573546,-0.599311880475393,-0.34810850462056586,0.9393406394654622,0.5729974328258157,-0.4409093295478028,-0.42927765606686585,1,-1.6119728075636695,0.5461018617305449,0.12503041697295592,0.022327325391454128,-0.34743685200452823,0.230389517994959,-0.5648282588639546,0.209680344365505
0,1.4936335612619958,-1.8132275442390922,-1.6440662787028777,-0.6758311744588615,1.8091945807587433,0.15840160916530155,0.5837628579704459,0.06743126669290711,-1.2635138319615185,2.192092416365303,0.7156558971321838,0.5267749775487118,-0.11949187966247954,-0.22848039597896314,-0.3368020902516536,0.9435660441944534,-0.34996080154728243,-0.6680367645665366,2,-0.6665823257040876,-0.5903842547698361,3.436960006782448,-0.13858845242106,-0.283698187295778,-0.6036939316464704,-0.36238067838982946,-0.9429415020066354
0,-0.6234993262225275,1.6990833321783203,0.2455538698055418,-0.4766151520396269,-0.6965960090146732,-1.081224385228924,-1.5712242305327506,0.9058785692884811,-1.7676518019503586,1.2700938641292725,0.16629799199973078,0.28967687365288636,-0.683320323508686,0.41230442854898086,1.6139395346669416,-0.15260741641894104,0.5833551209612956,-0.34227452081379073,1,0.08155238051748284,0.5286571470944441,-0.12009407693116952,0.0281882389255039,-0.44460122491508264,-0.27265771213551043,0.9347574285486397,0.540730113946697
0,1.4628171028599728,-3.39957601179546,-0.0038901762143650227,0.9945279475903055,0.166619545356395,-0.2354389052728907,0.5723612532689607,0.5502845672159955,-1.0412010826671416,0.06150098792660533,-0.5166052452122428,0.170064457895812,-1.1283523524508077,-0.6420412217560035,-2.57170568408242,-0.8545270556913616,-0.4480623811607065,-0.2298047182039593,1,-0.4711525966842106,-0.43698911954267716,0.26726931345996274,-0.07909374021340121,1.3669628563799883,-0.9671051575481879,3.1601578518239455,-0.61959673078594
0,0.18524375464962384,-0.002395085096874583,-0.5401763534669278,1.4851309451796566,-0.8116925439235115,-0.5006320550483907,0.36459897029205746,0.9041971488841671,0.8282445682159902,0.04646985028703249,-0.12233373207590487,-0.015836505017962382,-0.20268452485725802,-0.9449143830994802,0.8372309248074998,-1.1371428405406356,0.18515242640753354,-0.3208457579107983,2,-1.3382721499273211,-0.011795438891485377,-0.4293998155292191,0.02699755663531432,-0.3290977195540862,-0.27179329897445165,-0.6961667004185574,-0.11720135844333447
0,0.5713740061131639,0.9106357740216527,1.265631234052735,1.061856240849967,-0.6690581021624078,-0.8115921907464352,0.9823055816025172,1.050812269883633,1.6874795026048823,0.3294005463828927,0.7252336659057195,0.25598132181349503,-1.6807116435243483,-0.3079541526697238,0.8154455190979907,-1.2924865201784066,0.10541929693677951,-0.17758204954032408,2,0.15693409441986492,0.29100541828971865,0.2477394512247261,0.18046293707341307,0.22859531342919448,-0.1628798659950939,1.5755196156268068,0.2458794296289811
0,-1.1102057067198734,1.8720686516979188,0.9935830654346164,2.0073207113665754,1.3099023288731901,-0.3949093825477683,0.6550007666172459,-1.2244044289194993,-2.9677951081247373,0.35759402464603307,-0.19109567695029983,-0.2880208908213739,1.6978303255879348,-0.09322022313752046,0.09055685758593901,-0.36896527467673546,0.24358716913415646,-0.42909494903982925,2,-0.46328232489881527,-0.18000962706614526,-0.30783681428065796,-0.13858845242106,-0.2846369709817555,-0.18964193459508735,-0.22676899654760269,0.3282566116070541
0,-0.48095543579707156,0.9001544213363821,-0.5389294060237293,0.19936296719244442,-0.39400267462059047,-1.3083782443182281,0.4275909098010132,-0.0257168341819074,-0.532985366883808,1.503623230337566,-0.20924278348731626,1.0311946390185982,-0.9476670494914692,-0.06359752962618673,-1.7974545525015264,-2.267026128866881,-0.65175997996054,-0.2411325724055827,1,-0.5190203350155675,-0.360371211871445,0.40483768494307026,-0.07614679580341041,0.6276941743630899,0.0855931312728373,-0.5375692056234298,0.552384008401376
0,1.5009866149727682,-2.9203677407875186,-0.21956911903533227,1.1346646089787578,1.2214226648969269,-0.6635322927106558,0.44925024167408123,0.13295799919172824,-2.089600194440123,1.956049585324301,-0.15541255611902033,0.781817949009892,0.12283310190531604,0.596276574859515,-0.12378347443253135,-0.6854125631558748,0.2544804687258796,-0.5970102447207123,2,-0.4763247942207238,-2.158041726182098,-0.7847414773938622,0.2945126769468871,-0.26882768921820377,-2.753649256092952,-0.30517399551602664,0.20373287175997856
0,-0.7259439760800657,0.5165064515453015,-0.5343721626054793,1.8648984734985672,-0.333837702728279,-0.42567691034420946,0.7333014447651204,1.8304767654832932,-0.7310851505009501,0.06148692137314815,-0.36062771772989466,-0.2141146197189421,0.8583846409416386,-0.03684476830573294,0.6796638838625908,-0.34557579406808203,1.2378060066958827,-0.3811897818108014,1,0.18870685758539396,-0.646724279120275,2.4269804019183168,0.05043507121092114,-0.4753927235766234,-0.3551345302469886,-0.6873576424427179,-0.7148847318744507
0,-1.1467919061790404,1.0641121447561814,1.7515238242945905,0.13550552493022316,-0.06476460985221194,-0.7353049083710127,0.35666158059299635,-1.538242385529994,0.05215842612659749,-0.4605409658582385,0.10730305010500357,0.44513691625894336,-0.23084748670674615,0.290022022912543,0.6695845536339906,-0.2405818699818214,0.14842596548266765,-0.40587278875716126,2,-0.3492160090934438,-0.6020506652799358,-0.03639191675782899,-0.10607545346090794,0.4217896829330568,-0.7464537330835641,-0.7738267836872844,1.269961728329438
0,1.828125020298836,-1.366435058545969,-2.438713245797421,0.6846989229641925,-0.38450928425599873,-0.7829845077521047,0.7259558952704839,-0.6396260211477854,-0.37368445306557785,0.15439704446588004,0.156332210906385,0.4382056556411706,-1.3980256328534404,-0.299670636624511,-0.5402107518609824,-1.0567641023501106,-0.42380715190309426,-0.30783195194838603,1,-0.9742135658225888,-0.28342483894584525,-0.837083612328585,0.22788290994859245,-0.18159494991234468,0.7045274543071239,0.36526092394606646,-1.6673713415221834
0,-1.8973253733657072,-0.409082431886289,-0.9966422952446825,1.0634429756356167,0.06730580273129555,-0.5578860655976864,0.7162603844073919,-0.3007640167233991,2.670399677691659,-0.5375236359397445,-0.18126840292434804,0.5180069261826562,-0.9503784942256754,-0.9398673941003084,-1.3248195038841541,-1.207613353211129,-0.5435327073953845,0.09644513744745781,1,-0.6096190434329449,0.2116919108493373,1.7914593401002068,0.11970134971022083,0.020339478906780672,0.1530874802050492,1.1693687648446276,1.6487961359289318
0,-1.211086907725823,0.13055754697803812,0.5552854091724463,0.7012367251609382,-0.12298581795601266,0.6469140147857966,-1.8880692355114213,0.9357533700612113,-1.4452563548131785,-0.15651017626108227,0.04874606917226326,1.0043766604212634,-1.0183191619785241,-0.18071604384788206,0.3109728700275025,0.4980864260338159,-0.4031963271237636,-0.3299952281798116,2,0.008568580422740862,0.963468026058342,0.3288775836757492,0.006898710952698159,-0.49246305763857545,-0.6978240088182676,-0.4548904525462131,-1.4061622989949099
0,1.0221944074792355,1.2156583678309547,-1.7263430788096135,0.7610563142364206,0.3833016462363549,-0.10805487750706555,0.6826183354420001,0.7473055443428458,-1.4824339539166587,0.9217309539931398,1.7154680324947897,0.2913295986047676,-0.19312709517788812,0.7016987369505698,0.6794257901539305,-0.13891331670403384,0.05890210860666878,-0.41536576679211973,1,-0.6855094627334753,-1.0970367224142747,-0.7669947282915694,0.2604602302195841,-0.0959556140435898,-0.4708203613588054,-0.5461534497418589,-1.684673650927023
0,0.04571059849291144,0.27924190723852393,-0.6099944134342422,-0.2895316582523901,-0.12613070663077292,0.05376218651276635,0.6896183762535172,-0.8788381342734269,-0.8146705129133165,1.2540007927346242,-0.33757717489246697,-0.29872959959075096,-0.2014493176603548,-0.6254288705991577,-0.8358672414291255,-0.38142859343537294,-0.5758796285460756,0.02059376467743168,1,-0.9541429097042842,-1.9652135389534169,-0.826173211263987,0.0014631306863615023,-0.5322501833036549,-0.3445780543094872,0.34973954064789514,0.5381395701068469
0,-0.04755120844387162,-0.08024226080486574,0.09648079297492862,-0.6257910903984684,-0.22704996550145434,-0.97999025457554,0.7055279915265177,0.2837218742643553,0.3237996103764877,1.0044025916849877,0.20489823458635717,0.04863903633429517,-1.2370095677288497,-0.3209422191823993,0.10503542095312048,0.6731183153465319,-0.44097274927144753,-0.31889995892782164,1,-0.635174648464205,-1.4523454597773178,-0.7947430628561741,-0.0036519579382430847,0.4935564666433776,-0.8379112426925033,1.3785067553817698,0.3166516707703418
0,0.4227732749458937,0.2653765914471811,1.4211049320904785,2.41100772366861,0.06726248740330418,-1.3597687334336679,-1.6849894922691813,-0.9053196182923605,-0.2178076615263269,-0.25635529989943023,-0.816165117998688,0.3277848019185564,0.37570324514718656,-0.6569560822942271,3.2778430349634884,-0.6714322961505952,-0.2465337310458684,-0.5766936047034643,1,-0.2481315549148442,0.34428025848881494,1.3454231536920496,-0.12031851629611195,-0.660368103678979,-1.0518310069469885,-0.986566955605326,1.180070240393133
0,0.5699934014634366,-0.9719455314377756,-1.7831086974529589,0.16648020093372717,1.8049402852854408,-0.6715058093914432,0.9884601191600464,0.5429240055565532,-1.575977170405767,0.6356626043786816,-0.03965690921405127,-0.28880499149380173,-0.1149306073911924,-0.01720008320716046,-0.6932918491194378,-0.2633042794378416,1.1973837258493436,-0.40699432494065063,2,-0.056938880608588094,0.032813080338232936,0.8229640978068169,-0.03423478630556795,-0.7387581879203643,-0.40231836491582335,-0.8857381223657311,-1.7215083872860486
0,-1.197695433956382,0.6797222180559583,1.329920104378358,1.4161743771136024,-0.21502719037385548,-1.1042997077803995,-1.0939114474014036,0.6362931365026232,-0.773806273134094,0.46942079435064443,-0.13153209609602975,0.09760582573874654,1.0869856238406528,-0.9391603396060033,-0.7485861460994154,-0.29489952594496577,1.745981274045954,-0.46589521338886775,2,-0.6948130196049743,0.07614221744634331,1.7134963636601817,0.10080645794035997,-0.24800980168351133,1.1780816325882233,-0.7184383891129325,0.351958225340214
0,-1.1378407227146334,1.3680246177787512,0.83037706543785,0.885518023090564,-0.3069397460880361,-0.7027199619039337,-1.0137719230496542,-1.099161770995449,0.8139768612792312,-0.4243378850687528,-0.33774262431514795,0.8087359845513985,0.3368094081796146,-0.1474774944113838,0.07543622745655432,-0.22625815898668478,0.8300415805231742,-0.5539285358094284,2,-0.009298049481209686,0.902371895084953,-0.4895043256482197,0.14967663985958368,-0.278449326112078,0.6003783272612875,-1.177510336082408,-0.23540964479133883
0,-0.667631498513312,-1.4175353911227417,0.41125052167560716,1.8924180721023112,0.17449945964102143,-1.2972382852699988,-0.6313254917218565,1.3616582295778987,-0.2442276191819031,0.11206264071522667,0.2549434544148369,0.7816113098058723,-0.35108534967161587,0.04735870930725683,-0.4257979941071579,-1.2896765132463832,-0.3787341624681082,-0.16379066434368245,1,0.18013020521213163,-0.03582709578311058,-0.2286760292403929,0.03595269811931154,-0.24358425379048304,-3.5602562638835584,1.9282278379419129,-0.7786351378569574
0,0.906280853088076,0.8422253668125841,0.33601472527855925,1.2125910968818894,-1.0587545165670704,-1.1312352686284215,0.800581258952052,-0.308998610628869,-0.15535782557800992,0.47089475064246356,-0.49188906988583175,-0.15211372107249005,-1.345364766810703,-0.7208687485023622,-1.3006942730206834,-0.968203923529651,-0.65175997996054,-0.28714370421191787,1,-0.6479178621511578,-0.5384310544369677,-0.2945542347590151,-0.03898106683657729,0.6272947171794648,-0.6329399517458336,1.0244714499207146,0.49141953584040265
0,0.4006041150073075,0.12441320091978214,1.4459171442827992,1.6392751545087938,-0.5799955498367807,-0.34543837195733246,0.4900536166446702,-0.9984224879365594,3.082829941019506,-0.5314675539110978,0.3673643799377514,0.20251123305409857,0.5776635093260196,-0.1674793975410906,-0.10939797476433732,2.5691842570828403,0.8280325684042537,0.4373228978121668,2,-0.1264980425684885,-0.7352486643313437,0.1709383003297148,0.04780410449816162,-0.8437481313348019,-0.4421075756396416,0.33760537167906535,0.952035152496024
0,-0.574387897907009,1.5612427392888073,0.9772963903175211,1.7628185885084398,-0.580807709930371,-0.22026247407004604,-0.7389786058771414,2.4073609448204385,-0.32448351546293,-0.5926555362685514,-0.15772834685796136,-0.587589662985374,1.2372192915909275,-0.7114669391552801,-0.40247143685913034,-1.5100869953388867,0.04758687001433423,-0.27538594888056733,2,-0.7862889842509775,-0.3455711157622706,-0.7205202782914882,0.14961532785227938,-1.065670279807081,-0.9033142969242516,0.11526220480001906,0.535547397935713
0,2.24867707487614,-1.6478024004015352,-0.6299103936313899,-1.2083229381964269,0.23506663021357982,-0.41276840638053225,0.10197047745353649,-0.028635652947572754,-1.247798292981511,0.40383324647772834,-0.22896348494279917,0.9640195566855674,-1.6483450644520852,0.4164754194569348,-0.7939431289503818,0.42891477143324264,-0.65175997996054,-0.44721428339714675,1,-1.0968746266820155,-1.322472509593894,-0.7470048102089942,0.1967362961455746,1.0440154456367643,0.5169437283478777,2.98107367624627,-1.7618169098571859
0,1.9983984618807198,0.17930896513963007,1.615636734267262,0.9480309830207964,-0.8943888371159772,-0.7865029532834655,-0.25245848722150005,-0.6330859812837554,0.1272259930615578,-0.5852876732284631,-0.7898094997434416,-0.2870372195641413,-1.5785873261492105,-0.8865181021643704,-0.198752363788346,-0.787971264019435,-0.63653857182256,-0.2758809852364288,1,0.37116584892303606,-1.2304359782513181,3.1484744138728753,-0.06088862271525301,-1.09095311408826,-0.2586898276330334,-0.027288508485887486,-0.49721469935788243
0,-0.22811526728773468,-0.018771506352328382,1.8851349806845312,2.634427521329356,-0.5222944715610438,-1.0422846470740736,-0.27621999437853717,-0.6730572676448688,0.030015060573434726,-0.5282455993905322,-0.49376743540541956,-0.5531316003765478,-0.7091079366884503,-0.8087582265254373,0.6362288262980429,1.1913856493721915,-0.023376695803392036,-0.5256793776950452,2,-0.4479421596139508,-1.3935560493604975,0.7763508492730975,0.15659102811555092,-0.5198612290567364,0.11545500143442822,-1.117349595878574,-1.0741915440300387
0,-1.776621151360311,0.9150083490543,1.2067434412370486,0.3666933735927257,0.4756970785204389,-0.4142215237454707,-1.4602375635164275,-1.4281307843504232,-0.7214050639722336,0.23706164057538112,1.025641102700496,-0.5022992900365452,2.2767746813645973,0.07908674963015955,1.8324974758399803,-2.312539938897917,-0.3329723077888373,0.0021052023737869185,2,0.03695888376737899,-0.43759364616625607,1.811674554218508,-0.07600259323429279,-1.0040448461150229,-0.49229909688864115,-1.21975314077183,0.5495699055131926
0,1.1897358545613188,-1.926559114000111,0.36692928415419107,0.3743782927642967,-0.5310568172909348,-0.7201168872006509,1.099206299743557,1.6231352405613064,0.1638889435274674,-0.1833768438702928,0.9458808422560435,0.5434586956716582,-1.1009871418025945,-0.07736746323327247,0.323550578229429,-0.1258140857690895,0.4182400837527416,0.10755966791945676,2,-1.229841399753783,-0.9943712158456226,-0.4847317747880143,0.021053320727522876,-0.5818229880973214,-2.90627509735468,0.5695367799835129,1.206625213798139
0,-0.594147492776716,1.262052610576173,-0.7456844831863656,0.5227173380301823,1.1043656532350496,-0.3985611649296893,0.4438971290018485,0.5558940821304131,0.42205934395861844,-0.6860070677534575,-0.02832382682414397,1.3113911659706377,0.04497301133924059,-0.23275078411583075,-0.776821050585324,-0.8356541779643554,1.2972371054375749,-0.2685430219650636,2,-0.15213592488332384,-1.8538529890010524,1.3092516310147653,0.07643657500226986,-0.5143160879239453,-0.12065845863105933,0.4905882609810869,0.1836353634168473
0,1.120157875771501,0.06221396071217972,0.6567239189103545,1.559988355109389,-0.7117298711776707,-1.1251700469455108,0.9309035648422394,0.07681013080278493,-2.3542873163249416,0.11089523577434675,0.7000438259402094,0.2940417739451078,-1.78526162662461,-0.3468004322981163,0.5786354464918709,-1.426046862944467,-0.12968434181586824,-0.3088072115085177,1,-0.37716726932343153,-0.18530429466401802,-0.5540917896141716,-0.054943939362239534,0.7070200890687631,1.206482718045045,1.2673159863139014,-0.13301082459405345
0,-0.9761390583737001,-0.4818046518032053,0.8559657597490063,1.057819157897229,-0.7727167973063854,-0.44387842212452755,-0.16700174093058573,-0.17680112425580086,1.1294159067810132,-0.09909892489574518,-0.7402567971002764,0.14600458428143942,-1.169161382850301,-0.6547717918749716,-0.33178691547398304,-0.5467032203002797,-0.19484089905381788,-0.4050657727542235,2,-0.2817325719406386,0.48651479300962985,-0.77249763377824,0.07288555689420015,-0.0623013666569191,0.657030801215563,-0.6081890538537627,-0.3540993919244096
0,1.6754873509774721,-0.04834865731361773,-2.9868457719312107,-0.12353411264661718,-0.2371055359200784,-0.8706919437268064,0.8439817976398525,-0.14074527605112608,-1.9169997950841509,0.22457318801953569,-1.0625958231743433,0.6125651507885161,-0.41031611512833316,-0.5835498152930194,0.7442980340179872,-0.9845564981705561,-0.65175997996054,-0.47345465773345075,1,-0.6188120779857488,-1.5970607948807376,-0.4618059310211027,-0.08436706371479172,-0.6159951791253091,1.0354817718471483,-0.6227756589212539,0.7877822386043016
0,0.26452044913572165,0.45660101403732845,1.5881952308755403,1.0134562816549408,-0.8584831719785753,-0.8775135405944525,0.5185280360926205,0.7498467374224177,0.2099527299826338,-1.021100907847262,-0.7624991030467829,-0.4205793052504215,-0.7129679615926181,-0.6836716626937758,0.6063229160837086,0.11684603224204504,-0.26490549727749524,-0.5566122926323236,1,0.2932832173664882,0.9244669448144904,0.012666523387511952,-0.13858845242106,-0.35783618825854335,-1.9069642360366528,-0.46007512410862805,1.287578091213809
0,0.7368676041592945,0.8536885926564958,-0.031041230679782983,-0.4855228631176878,-0.41028173212276026,-0.002034909295406173,0.6318627308900849,0.18072827954518,0.41403439889625665,0.6639590369926496,0.09394876101866527,-0.42397681108473706,-0.9352925566747761,-0.1870757302115019,-0.025046081703947953,-0.6567749883188447,0.19032507024945283,-0.38412754025980245,1,0.0033291008095599206,1.4807781435655905,-0.27282201168616477,-0.06279953973129043,0.03715534886283978,0.467191787823182,-0.6523938792327167,0.9407225581600989
1,-4.87981549896123,-3.058994858646177,-1.6526247448000986,-2.4548360468400987,-0.15132791833009662,1.780028690205793,0.7007479477139613,0.8722245776850527,-1.1812836341874635,0.7280355035539605,1.0245644131678937,-0.6126750920411658,5.98529300691807,1.5833177791956015,2.2437873481634703,-0.432275227787863,0.3962256775057396,-0.19733156647790884,2,-1.0097814591053391,1.1604163353577432,-0.8217875036138921,-0.051120900108565154,-1.09095311408826,-3.736473557474794,-1.21975314077183,-1.1138822636384824
0,-0.12811987577515582,-0.7738620004879082,0.5144485235391221,1.8107268324294834,-0.47340051535496014,-0.8831583571281292,0.885199326354204,1.2458191985022848,-2.9481088479431703,-0.22646861834887266,-0.16988151296380127,-0.38099877386447784,-1.3402368665340758,0.19040121674926047,-0.009685901609749248,-0.5010450403593516,0.3918274498313983,-0.72520850861303,1,-1.169055999357919,-2.641514999672128,0.049561607436226375,-0.043227904644259185,0.1006963745717136,-0.37447084443247963,1.7469058345859914,-0.6402174776073537
0,-0.7343129421672862,1.1421339679742903,2.044116274982806,0.21379181805093234,-0.5436815171012743,-1.1306140999669028,-2.1649744142985705,0.9423645700636379,-0.45358201384534236,-0.08690473820320241,0.039157012591800724,0.11221192913394087,0.35420685831772925,-0.5123115926260605,-0.10567794774531655,0.33813765530503875,-0.28734327832400375,-0.39515447422927813,2,-0.49671221255252185,-1.4185965860556866,0.5385315620246938,-0.007158705828546254,-0.46620049374172934,-1.853354144899559,-1.1684689716897085,0.25873579095507515
0,1.6937584245291402,0.017651055445552177,-1.6532665822247576,1.6410898573749506,-0.3809617513090323,2.6907133879663734,1.0256992213357221,0.8436892064003839,-0.047239326995142106,-0.37099697310077034,-0.19173165530248662,0.05130980832847715,1.5067811417985209,-0.18690250721876378,1.2619572343366545,0.6911377738341489,-0.4406809714979639,-0.4264051115773969,1,-0.6052408840271648,-1.2105535617844954,2.6413908773319674,-0.13858845242106,0.1890509835538166,-0.4292221117437163,-0.8302083185059568,-1.0053484340161427
0,2.147928689050092,2.1656060286785053,0.24146100666091244,0.27641331730913565,0.5642184630232877,-0.7032602168435662,-1.7105349281483562,0.23941552748706052,0.2139616803156339,0.8440022554910089,-0.04041374073517398,0.1429058429200531,-0.12119105692962723,-0.028942836555525292,0.050451526552259984,0.37429961361336095,-0.49407117983620186,-0.2980166534060163,1,0.19221047813516845,0.35832735615848543,-0.6051332357422549,-0.08332785338082802,1.585376677779006,0.5163874431990085,0.03629716169080244,-0.2660770365521077
0,-0.20165986743937903,-2.1367283074064956,-1.5509004249061842,-0.3077872340519519,0.16491391246210296,-0.6621088329295752,0.5405076381569237,-0.9461855839507333,-0.24015294729648973,0.3372502138895996,-0.2220992414149562,0.2727035405942827,-1.6564599575619123,0.24486811120687488,-0.9354533670356082,-1.044873439058391,-0.65175997996054,3.4825588537667844,1,-1.088680535176539,-1.1156574752366706,-0.7292949064018717,-0.012598831701489552,0.3958311342835321,-0.958369110848788,-1.21975314077183,1.02612393858117
0,-0.41799367359078077,1.210250070998563,1.1609554884459146,1.8675868138691532,-0.40079139705084554,-0.32672724192188396,1.1945625304620884,0.8750942794044727,0.7059423536494855,-0.5236262576305175,-0.07802857668313912,-0.26669845265053493,-1.2620573818843952,-0.8331914351911519,0.3325250638305719,-1.8513670275515313,0.3094693814103429,-0.2542170624819316,1,-0.5199388185834668,0.05662178994931388,0.19440466837614623,0.08475485722521325,0.4534877265199164,0.6379073624193756,-0.01783707127484435,0.5461879954993522
0,-1.1133433936873027,0.48377597894773694,1.3189909998411662,-1.5275031846700238,-0.22661815548626252,-0.946603692216339,0.5688925911465991,-1.6561812470178843,0.8644431819834493,-0.2505138931229009,-0.4784403916817588,0.28763999059743633,0.43499010231214175,-0.6061010758680663,-0.5964462324739094,0.8180820921292278,-0.1983447256126719,-0.24695822032806336,2,-0.7467163128532395,-0.22221732714404707,0.5131393408844943,-0.1273142347614673,-0.13488219051163375,-0.21727380290613696,0.18333607686630746,0.44842220301471963
0,2.24867707487614,-2.0059163169085394,0.8437616667650238,1.3865581628741694,-0.47776339134446255,-0.1393532397250702,1.0877598364082282,-0.5398718360489735,-0.9774334524692286,0.33857599928472204,-0.5422668680308571,-0.28598230962416027,-0.7525482074988453,-0.6797343858023099,1.0502068046495525,-0.3153846776290106,-0.3741517290226306,0.21663578257032812,1,-1.2818869891869025,0.05387845604625768,-0.837083612328585,-0.035855600905429955,1.5008574628234963,0.45735052699275647,0.7630377739718527,-0.05495847305023538
0,-0.8512348954336826,1.648021937502825,1.6705159134279528,1.4287087685795887,-1.0243164980599517,-0.8977382570896255,-1.9209676770161503,1.1998829972651872,0.5687553778647065,-0.2587210378429302,-0.9183974579233913,0.7573457184146961,2.0686606643875356,-0.3760412893115605,0.5495580240577861,-0.41757484146796553,0.5836450400872771,0.016647159767012698,2,-0.6058709295457316,0.11577379669290977,1.4787711961640002,0.29647509219649315,-0.7244357481271446,-0.43085244035042797,-0.13560945665995988,0.6655200130258729
0,0.8208407204776554,0.1530461095593918,1.5179621809776362,0.8594857757331762,-0.2854384209651916,-0.7300555655871286,0.8840852223318663,0.5097941949117824,-1.512194419185546,-0.2714847914297249,-0.2708651166201781,0.0013866488744736505,-0.17580454326732697,-2.2472034461663064,-0.2898100481139518,0.4973559881249182,-0.26918304108334407,-0.4551916327183244,1,-1.0784098524025685,-1.7484569307525857,2.686752952983602,0.04103971896423006,-0.08405589433232336,-0.91748067888099,-0.3773764418241362,0.2460791605374385
0,-0.21501764311463484,1.2771725984540871,0.07267710150548812,0.026525638400226384,-0.004216102841903175,-0.48332662793305486,-2.4103380120393165,1.5135179993964176,-0.5520643334640946,0.5964323075016809,-0.34287863979917266,-0.09640083646333342,-1.4924033558004979,-0.4649782685939423,0.05600910132061321,0.8065649190123001,0.4518435545669294,-0.3774662086419821,2,-0.5016319299328175,-0.6725657007412301,-0.2662416252139792,0.062101299859531306,-0.01688418826290644,0.1994825997598166,0.9350658820722877,0.7244174376200674
0,1.4118162341006537,-3.5835237285852393,-1.1832380123623571,-0.3917410960379791,0.13733144142583864,1.7594371492111587,0.8551801102070675,-1.5888065185421292,-0.050723619678676,0.8684404295059568,0.7637078009715974,0.6609873931994441,-1.78526162662461,1.4392583448925258,-1.3452762377076373,-0.8984619711728083,-0.65175997996054,0.14883287558607874,1,-0.9120983615071239,-0.6981199521579406,-0.6356329500705974,-0.08267985685187199,1.1927605333120992,0.4407057394556846,1.7252281624310757,-0.4855129263207772
0,0.6348646824848351,0.15152729758448813,-1.211895180486195,-1.121523770446806,0.3165931411009244,-0.6606242827993002,0.3460472237557344,0.7416321043408783,-0.16960955485258422,0.20258099620236306,-0.6214398303766112,0.9746764466293666,0.2850308433056769,-0.6415128535184458,1.2768376917927127,-0.4655027646930515,0.09951838760624022,-0.39568919271732556,2,0.9036329570907844,0.4336679869055551,-0.6049533584711747,-0.13858845242106,-0.6236823055890268,-0.271770095772331,-0.07793161454507638,0.44238147854139964
0,1.3780703994624608,0.25178485047510024,-1.6962250025394174,-0.16927071888362477,0.6981535095629877,-0.06393273869065552,0.6552251832182396,1.7129631177733284,0.19385498775965304,0.6177673355738068,0.36540404579521735,0.2874075768342551,-1.724075043626721,0.4865088604676398,-0.6393488012612814,-0.6346921889908806,-0.27054573630773027,-0.27831630385859357,1,-0.7372036945226985,-1.0599625839594102,0.7249216211876818,-0.12925507584369117,1.1231369784452458,0.5061630050638699,0.21907107482371735,-1.9431387607430886
0,2.24867707487614,-0.6014594663201696,0.28542497784218,-0.07660409514290845,-0.4026080425673891,-0.7356729715266461,1.0405573036800146,0.09066042818613956,0.7141116252840063,-0.5941837921563488,-0.10458442308537308,0.034411534598894275,-1.4540271918928136,0.5516103632880922,0.7016741433311481,0.9263768140938451,-0.619589419933469,-0.24206123889284006,1,-0.24369443898755047,0.5028746954860596,0.3524111517613998,-0.052173618061502766,0.49021670271558315,-2.077962495144165,-0.08052104908083871,-0.18550926247260496
0,1.5076531758911655,0.9617968921454337,0.9024367681109537,1.2371351407322417,0.04543581476448377,-0.31419939600152047,-0.2695384414616056,-0.0545472973398724,1.2248246050863467,-0.72827157492799,-0.4544449975818329,-0.042786220851193435,-0.007366323235683314,-0.5855776843031076,-0.6280899438664009,0.3333961746495133,-0.6348864828274179,0.6146232508830991,2,0.07569334552488138,-1.6178232229841645,1.6949395376629774,-0.027030522971405395,-0.07961168366268229,0.5478115264438429,-0.9561802871041609,0.6947312747027828
0,1.5120724294779109,-2.020140924350593,-3.044644851304027,-0.4388656494890384,-0.07383526314775957,-0.7400668231102285,0.4644795891660069,0.5864478748430968,-2.3911117740829377,0.7024832592467634,-0.8098442041966905,0.6309764129164381,-1.031071505089671,-0.06531726587735498,0.009285491121983291,-0.23426595910652948,-0.65175997996054,-0.4999582544632236,1,-0.32769963946581826,-0.15247139125696513,-0.837083612328585,-0.13858845242106,0.5238601954797343,-0.2416012022127736,0.11604350179079477,2.271825223188629
0,0.7351482264164388,0.32371783085206907,0.14204721876089865,2.4561962042066887,-0.8874649316561765,-0.5723567689160638,0.6936047905913798,-0.031687561214314375,-0.3025735551104373,-1.2047438866835938,-0.5722212928806711,0.43368187171502265,0.3658178588090729,-1.222298415832685,0.12457369704472138,1.024380183936227,-0.3666602834585686,-0.19143087790709634,1,1.4494181042174024,0.39271060702170807,-0.02450521530145017,-0.12162822155038273,-0.11865349339520284,-0.4500940982356436,-0.24029989698547308,0.32196269302715036
0,0.15143789252173714,-1.0964044828516386,-2.2066502527169325,0.3727918767165593,-0.28593669618083384,-0.915876853391506,-0.9724050487259932,0.4944023439146249,0.10505647621651881,-0.7215162377698637,-0.46118258335253653,0.4877206641610027,-0.09006581528970481,-2.42873813349781,-0.6686661483262606,-1.2944361047179,-0.16818782826331347,0.3040779907008987,2,-0.21910616043871692,-0.7436518953837625,-0.4994213113798372,-0.04212155518885234,-0.3148868153710394,-0.7562278683021021,0.12793948219297552,0.5262872747904476
0,0.723991485072656,-0.6724168874915412,0.30174420593777185,-0.8601944277473892,0.1309168877692648,-1.1069490076085535,0.5798263541526676,0.3119550109262035,-1.1959861154812295,0.49970116957021893,-0.30395829635161614,-0.04560244250502496,-0.5312434841816194,0.4017878761923922,0.7230987189758825,-1.5776990511033548,-0.17651842666583786,-0.37196673056590457,1,1.3535614803354383,-0.20893113476254138,2.4363713598842773,0.029798424475538904,0.38365508191957043,-0.38505954541998905,-0.5816740765877729,-1.999068906266464
0,0.37128617713333134,0.32229200388648704,-1.71561622427042,0.04692437983524167,-0.580834900761077,-0.05216904635524722,1.0944246938250612,1.8812313881253897,-0.0035146640207937146,-0.22791807693672556,-0.4228220282225915,0.7278696011971673,-1.6550952514468238,-0.5460138268050359,2.6652366057208585,-0.5265200126528453,-0.58162476257726,-0.09523455684830182,1,-1.87737378862638,-0.5094508625436158,-0.8284415920763909,-0.05258030124261139,0.7303435462465561,-0.15754549851412186,1.9051724123259275,-0.8252210328739998
0,2.192148852799261,-0.7070727961696943,-0.6244192847398483,-1.1190691805934028,-0.08636810009321355,-0.24621610238331648,0.6792027401665538,0.6266637392398008,-2.895970436420497,1.9318414102053758,1.415799830803169,-0.05330977765282924,-1.2518275653385453,1.5221979783157866,1.508528261302151,-0.8518676132492418,-0.1255668535062508,-0.01643291405779267,1,-1.4725999014046876,-0.7104216697539136,-0.5575363939200316,0.042279757900849396,0.8024388060564986,0.39856959243356904,3.8032667773820608,-0.13736074303688717
0,-0.9320235295134766,0.2590316668757809,0.6521985455574029,0.7440604765151483,-0.336233411195491,-1.1859917717385084,-0.3195246476816109,-0.10815082880945925,-1.8019559201848134,0.024499440430795716,0.11874374763618989,0.16919228942018744,0.23089848817507846,-0.07940239144641356,0.9573990916855188,-0.05803310228906844,-0.3016880395636495,-0.4507491498546524,2,-0.2121124607887979,-4.78857166343351,0.35926965173348707,0.12897483993812758,-0.992849744247442,-0.3271812651570024,-1.058278189908616,0.0681186402956574
0,0.6225565184473679,0.1445350007771795,-0.16958300352114522,1.5102355879223648,-0.3833938143426571,-0.7303717038448261,-0.8107437037298907,0.7916937434387505,-0.27880304020976615,-0.46024561835117084,-0.326834530772925,-0.6287432394977533,-0.11448254562346422,0.13200527884662375,1.0128732789471493,0.41245250636377506,-0.363657945739721,-0.42671651947794864,2,-0.33111340352458185,0.5257226562101951,0.7963871437250892,-0.09641930502499635,-0.4265894700847167,-1.095953168213747,-0.25452541682094887,0.3702014674888962
0,2.24867707487614,-3.262142330580714,0.0979459046538369,0.08515692211017778,-0.2076481243276254,-0.7501945127980216,0.5551760411284742,-1.38705806161839,0.1836716351527249,1.1325700431654382,1.2033895832372932,0.5762010691706329,-1.7063040340740934,0.5827604217978306,-0.6739733466395963,0.7479393189499397,-0.32621912968442784,-0.06746907942798194,1,0.5475718029064107,0.24349556075202472,0.4129537378865421,-0.053123551813140914,0.1572705441116643,-0.21585777422647484,0.08731525064285256,0.372556033900068
0,-1.099519814882779,0.16706203180202106,1.20011216735501,1.419922572494452,-0.47483069676334927,-0.5081297452417896,1.040361276387389,1.2633933223540401,0.523802634086674,-0.6074877460082939,-0.163138638894843,-0.35591865745660023,-0.47194079808388856,-0.8277959331249637,2.5063747352027272,-0.07136508640916728,0.0545106053886997,0.1560537760909101,1,0.27147108322684443,-0.1539638948216826,-0.19002472655378655,-0.0938154947592792,0.16799341798520845,0.9993632648827534,-0.01887477496510931,-0.7331680961027789
0,1.1611109589128623,-0.7754805086626064,0.6919167301063281,0.060651029648224164,-0.29582698524871287,-0.043413530105688034,0.4171519076600698,1.5564076699212126,0.3710069966545299,-0.04405445774109845,0.06302112344775485,0.0733737815005391,-0.2774178964379017,-0.8228310528815239,0.04588747816312283,-0.0032241624832173993,-0.4014241200578383,-0.26495532236202407,2,-0.6673860738926949,-0.05073999843036604,-0.7526975890628539,0.030562861688729306,-0.16673270049332878,-0.16760098146210323,-0.2187509824163158,-0.18534997800576658
0,0.46779368372726415,-0.9610689746421879,-0.4083665460994139,-0.1584132629178893,-0.3814532930690887,-0.4852244696659658,0.7380203126264685,1.6596985266079631,1.5030880512461504,0.01630920823399895,0.23945012949321404,1.0402167566391718,-0.25120452676704663,0.18827592549927225,2.7449054727524924,-0.2938289751709148,-0.47881142690982065,-0.1263884796456773,1,1.8903784680791262,1.4104697840813762,-0.6316976491593942,0.06642230764522972,0.13901957455310832,-2.3311493464868565,-0.3431710983310165,-0.13762578000390677
0,-0.9347711804621727,-0.27494442657103013,1.105086819731443,0.07228800508271815,0.3066207411969318,-0.7729373069399474,-1.3722649867437393,0.061241383659786125,0.5373612620009521,-1.0788339725330496,-0.031848925886634114,-0.48584938411644474,1.618411165177512,-0.6242435925355883,1.8401509022628186,1.344449876946012,0.6553554425756862,-0.19221765417943792,2,-0.6670742459773249,-1.3929167930227826,1.0942334734654628,-0.05043296095188962,-0.5479976165009494,-1.2263096419578634,-0.9489531713185876,0.2418137859293471
0,-0.32748635273698,0.2991712289591686,2.3066651418991855,0.5236079560994316,-0.5026424064193165,-1.2892968079135647,1.039290170705707,2.3038034664017477,-0.9564328402846813,0.12537816197999185,-0.6382443485917164,0.3858718391628255,-1.4865912806339086,-0.9038257312463394,0.7912575495174987,1.055857662643645,-0.02573944770154471,-0.5330550315429787,1,-1.1237805296996144,0.4109237467144286,3.453335981657254,0.06926471618872457,0.8036879277191631,-0.12051265372763248,0.44316819681135644,1.5522002579256435
0,-0.09090435875715813,1.0044684902137084,1.6609762016528038,0.5996193993002535,-0.1801958920066871,-0.36807615915355335,0.9416986081657419,0.4549908587342292,-0.4411763287630736,-0.604591974638506,-0.35353137449688,0.030557389606207963,2.1754109790027956,-0.30074983600589267,-0.39944221192675544,-0.5981331809914845,-0.018256084944926615,-0.294266603369627,2,-1.1754225700017065,-0.2995778711678947,-0.7870320482249326,-0.061827553628284515,-0.39599547288441234,-1.760899756058428,-0.9580401206138697,-0.7250292475465184
0,0.6696008387606904,-0.024598824512361284,2.156262645761664,2.009603673785481,-0.18581483981565647,-0.6448454088826272,-0.6830825799500292,-0.791432157413622,-0.11200889292135252,-0.7359197997683742,-0.31883459041816453,-0.5379051741771436,-0.10238487909819838,-0.10299378205896698,0.2829828591626298,0.7239554264589851,0.07524102755730741,-0.43489014032974566,2,-0.9601685457795675,0.5492331889633649,0.9753686808140372,-0.03496540769828313,-0.31535553437674546,0.24303219569708978,-0.23596012764634888,0.060588086018507015
0,0.0712131273871369,0.8718221593651487,-0.11804452719951727,1.9955051564751547,-0.2692093647165171,-1.127151861129139,-1.5932672479761556,0.8593249338604385,-0.18987383524112872,-0.4591850408756837,-0.5136284517555181,0.3645701357374624,0.22097298353094125,-0.6461922117316946,-1.1894543609467787,-0.3100178685124805,-0.32237006660694745,-0.1542440307061424,1,-0.1767855607350688,-0.5553858286840845,-0.6544170671091913,0.003164360898981325,1.1370374195227493,0.2344090228850445,0.38302154054048243,1.151091267438074
0,1.5478989946415975,-3.1586779251371455,-1.9584203831416314,-1.0361128101885138,2.5882809051639937,-0.19888077689073222,0.5249683182104629,-0.8556064237248097,-1.810714311295117,1.7619675060866302,0.11027932852728427,0.7381496575789298,-0.5639175059210384,1.9839566083545916,-1.025044487637531,-0.27442188100457976,-0.3111221104316883,0.020488053519247422,1,-0.8102158815736203,-2.4004073786238678,-0.6422344777131738,-0.12695587851412943,-0.26219232821056826,-0.6701075402436487,2.3228331001922284,-1.8225382513346966
0,0.3712304232118858,-0.44246328558857195,0.0014870675552624835,0.6496957047702203,-0.0003517452500754461,-0.7431580698741065,0.43383683977175463,0.922027480061963,-1.80340617211123,0.5649701320697935,-0.6399544390782812,0.04170357693849144,-0.41951817621779774,-0.035586208620458554,-0.7946077450952472,0.2628778701121415,-0.4061083812027865,-0.48926071092550966,1,-0.1820107801418737,-2.734096208369568,-0.837083612328585,0.10311677182707604,0.20840134182862158,-0.6307903343668133,0.9065731196929375,0.4966638374899217
0,-2.157045704689799,0.6351117049665791,2.1200709909294773,1.4641751210654668,-0.6506286973759894,-0.49346692069417974,-2.0815237186343283,0.7581563694615996,-0.5801077166163675,-0.6235096778683483,-0.4450139305682462,0.3381427266303998,-0.41233641336516336,-0.4441976699695561,1.2621955346860934,1.2620197353252287,0.05788389005163011,-0.5568396689728825,2,-1.5264705501458362,-1.1555156870296561,1.0509174801141152,0.08908973435406736,-0.417074097072168,-0.2706298692420745,-0.6935229025548106,-0.020670836522778346
0,1.4782310061946609,-0.510534959791134,0.5789098445288756,2.307061235508172,-0.15762744495868336,1.120006310996387,1.0525966274662446,1.6372663261322042,-0.7370039522949864,-0.6229565065548932,-0.614333878340232,-0.43230287344681595,0.3325154967404424,-0.21987389554205228,2.9299705171515487,2.805112611334749,-0.054992363924736706,-0.46195348378411316,1,-1.083890841649315,-0.10692389353958062,-0.8282680295591909,-0.06491061806779168,-0.4296051531592483,-0.05331186485009809,-0.3304750649062532,-0.4763529466056746
0,0.5854122355484934,-0.1194476841210807,0.4457928922134425,2.3405109392646946,0.16324718958882134,-0.4704466455513621,0.6993967208586728,-0.597375314483841,-1.131878394542697,-0.012053626007397983,-0.3196369773451667,0.21225525858569588,0.7811025071305194,0.44982877597457593,0.1541474806037361,-0.19794110817122224,-0.06270300709216808,-0.38389312980664303,2,-1.123785082228087,-0.31547096866840085,-0.7367762581058563,-0.11404070644952718,0.1336037223879025,0.3075318392853671,-1.1034414936925667,0.4571466412141709
0,0.19068482244425222,-1.040375968765353,-1.6012153743825202,0.5282043930831822,-0.2630227561980994,0.4083714019754923,1.1984478215572114,0.4315278050654725,-1.6003904746313407,-0.6099950884853446,-0.8789614290495583,0.17664349606841268,-0.7248468161848117,0.8576246940195584,1.1912658450020226,-0.06594626338725296,0.42747860112897185,0.47725205667321635,1,-1.2003655844531784,-0.35961708731097897,-0.837083612328585,0.06871641616201621,-0.11254675624858007,-0.23255609075617142,0.7694213565407773,0.06662845533641593
0,-0.2735176340733044,1.3181920578955224,-0.18067508847965527,-0.22692564006371088,0.0552672428634641,-0.015600213203343677,-1.9153256182420209,1.1021423612345662,-2.045566306484413,0.8284712766800862,0.5237910452121687,-0.558960648592673,-0.891794416191192,0.7899349837388754,-0.12848251357164098,-0.24074167110637446,-0.2682069211626451,-0.4841749291114896,1,1.008355382314352,0.27112629976102454,-0.7644999121786451,0.2089256277397735,0.14444593528452793,0.8740788179234567,1.5117624921684758,-0.19829438265743543
0,-1.393163452495052,-0.7393465757397184,-0.5367488120595454,-0.012698740092621279,0.09956390711005059,-0.4312995093867714,-1.5013119810572872,-0.4810540281711484,2.6177088761693055,-0.13822539425322852,-0.23045478722125984,0.5086863636754672,2.141463586838221,-0.8557368641305684,-0.20440431954451,0.6150222996046927,-0.4139137147737355,-0.01918056205725227,2,0.05116872796590034,-0.9675032554247069,0.8976825238696564,-0.1369541532490125,-0.4814805641764119,-0.40493620429813937,-0.6451332262238674,-1.3421285303110455
0,1.6541443396416762,-3.46541164421516,-0.0044059963392597545,-0.5544130343279385,0.6184915337331356,1.645862841196829,0.8555207554578178,-1.2369042958377285,-1.438621072463995,-0.1956731988166456,0.036429700426773334,-0.5844926695849031,-1.3581144898617892,0.5897668724173347,-1.3968659407042394,-0.029116596621073132,-0.3593001575858685,0.6462849466572066,1,-0.8530626717194764,-0.9465737326642387,-0.5927407922822493,-0.08959817954094634,0.10313921030020252,-0.1332730676653034,0.5457574210193956,-2.2411904423527487
0,0.062115190975129825,0.33734490894658786,-0.17748429898044693,0.7003936319095709,-0.42379627495995725,-0.4349419190000201,0.7908866980728038,1.4857994361176394,-0.7838700236382733,-0.15570741209001654,-0.17755350301564718,0.5228819896087078,-0.639154316945227,-0.38207197267547066,0.07538705990239913,-0.4996347513310616,-0.6143707323562996,-0.27667852441423013,1,-0.7220091404215845,-0.14127066041451453,-0.7463976787202756,-0.007316825206576998,-0.08380021701411852,-0.440870095470986,1.3806966683661464,-1.390488549622557
0,0.5081021125566549,-0.1729430960495606,-0.19738571073540312,-1.2127066794880283,0.8678848640197092,-0.6535468208313743,0.8257924591890106,2.078965174444887,-1.4899709984501217,0.5317635457395243,0.1660491932732673,-0.28673828922967515,-1.2894676097920867,-0.3299493370885124,1.10308294818137,-0.45696687327225366,-0.65175997996054,0.7780041066863073,1,0.32824199898241196,-1.3657269981988844,-0.5695801200924968,-0.05747526249053593,0.5532312909639637,-0.3010719302154653,0.2637298384775163,-0.830528938076911
0,1.4443181518501147,-1.594166631095704,0.5087591677518439,-0.08671064798279227,-0.2588864015906861,-0.37497642872856174,0.9039289256864673,0.5592194902234646,-0.48551762615779803,0.15621237326329254,-0.7870344520552249,2.9807464972762947,-1.586232391102039,-0.16723052152297724,0.8088970065104597,0.6250587633413205,-0.585371532063076,1.0469331755072342,1,-0.6051277347257542,-0.623398413329393,0.4265097377425132,0.12211506392809582,0.9460302686952078,0.4980500345578611,0.6276899288866766,-1.2006214302708518
0,0.8530637380227909,0.42467008284099145,0.4593265428047729,1.111697900857739,0.4637502557013558,-0.5776044458463497,-1.4285557872532586,-0.4599128340945138,0.08715976398436165,-0.5845744858366015,-0.14991703779833954,0.19846521367939202,-1.2369979370214794,-0.5807465413387067,0.370708057735051,-1.6688132670190758,0.10360944304634842,-0.23865217915830067,1,-0.7081108057920085,0.6004828462637248,0.014810954094151507,-0.018725694149477244,4.1628292853918625,-0.1803897028289949,0.2207233409744883,-0.03364739615814852
0,0.035093138957631664,-1.0847953262951835,0.5229986979274848,-0.09778784265470908,-0.21490972143119527,-0.6608880008028348,0.6759254061127931,-1.4044083352205259,-2.7499639478590194,0.5886706973138588,0.5208076880310667,0.41495482962644303,-1.2272474065848438,0.3726773786874569,-1.3624897367047435,1.902687206320124,-0.65175997996054,-0.17508496036682242,1,-0.28750525718846554,0.6232979390572695,1.0250356572781352,0.13378422909208415,-0.018084384401091363,-0.456403255834312,-0.05444187878038642,-0.14532147273257892
0,-0.290213480880281,-1.3743766621232731,-0.3022382350026884,0.7635422048408865,-0.3858737233701025,-1.0187417039817583,0.6799488808412535,-0.18122536494806113,-0.3109533037298879,0.24422527508589242,0.007709151228920019,0.32207554103389296,0.26512876813429714,1.5109389377437235,1.455446148754013,0.3007389277728791,-0.47409875423358044,-0.5394576211544625,2,-0.837326441545684,0.6300801477385346,1.5928593031881173,-0.13682833871459113,0.608315481923957,-2.9743716711371966,-0.3148953116108927,0.4723423930583768
0,0.3758145981606519,1.2227498038018365,0.4193228880820699,0.9979208934389995,-0.6912027528098941,-0.9922364132039154,0.5023346688008259,0.22962219923329374,-0.09296372317341507,0.4645759241495435,-0.16459325285526638,0.28231786155234545,0.35686010613867103,-0.750864570778824,-0.8212376450183918,-0.5378938718029024,0.7267195425179656,-0.39856450767569607,1,-0.4116690014760832,-5.98306891634478,0.4131151874448939,0.06118586368439568,-0.5043734968843202,0.12131041801546094,0.028578294817495492,-0.7998723566834718
0,0.9513160912342263,-0.36135859278979454,-0.20472103247709633,0.5001705188047012,-0.28778288683982295,-0.13368472982414864,0.9697229464066999,-1.3258617447123227,-1.3887628243903558,0.2959984336566627,-0.22176636377825387,0.9176850414531472,-1.459102725640879,1.1491972306602767,-0.19872775054125597,-0.08729175033892961,-0.35810719323232976,-0.2933875686677936,1,0.14330031691699857,-0.14242835950343402,-0.7692153567368989,-0.08577884771820483,0.7177330159616794,0.32241226947580776,5.278620606365086,0.6862026148882369
0,1.2594473577706597,-0.0770223870925375,0.598092452076922,0.08190889065503526,-0.07736452905940788,-0.5822494690334041,0.5368442888583562,-1.4509900867909207,-1.42330904412514,-0.0633275992502205,-0.6521459021414159,0.2149477135783958,0.9471791511829512,1.2093199072759353,0.41466520936947704,1.123194072899752,-0.29237959261728264,0.3937100905848229,1,0.7686880398264504,-0.11209918092081914,-0.837083612328585,0.03786430061255014,0.6587320072285969,1.6389640681369309,-0.8607799909935191,0.7899148291005755
0,-1.0218018470805803,-1.260622549341417,-0.23849061887140333,1.3050023216655227,-0.484018287373622,-0.15923623328136138,0.811299589427073,0.33164361856437913,1.755495481910633,-0.17811694653008758,-0.3021012827682818,1.4744917498591792,0.6702740214903429,-0.33715830380109935,0.05303036914281534,-0.4999870828538817,-0.4025626187304334,-0.2687438981774699,2,-0.9955960694344154,-1.9816071822425445,-0.2958201454081139,0.3225021375434307,-0.5680772759138671,-2.209459976537074,-0.3760760004731987,1.1870120980543304
0,0.1504835709219896,-1.0850293119037822,0.658681278746516,-0.7699021739052996,0.12696506366743723,-0.308778170522566,0.5122238639569476,0.48775352500284264,0.31318077525352567,0.014467708645405919,-0.761409160581682,0.6685240569174851,1.3627062435869046,0.4839185877887405,-0.021989891202584655,-0.17547409788710167,-0.48605676258358776,0.08682751978034278,1,-0.2285699977005181,-0.22178867681179537,-0.6133159307003229,-0.07287818103151474,0.08198827968714278,-0.13707600891229627,0.4556494924296115,-1.1468371273912195
0,-0.027653462039354815,-0.7806211398366412,0.42405879204309155,0.57598607766021,0.38866642067333734,-0.5513372180240247,0.6092909119834247,-0.3823652268617656,-1.8224160955600486,-0.20037614051935612,-0.032009407785168614,0.12372974628524763,-1.3802963034839748,0.0206518239214854,-0.6323675302569643,0.21243517981150167,-0.528168916017663,-0.07995219744652257,1,1.2129612852654694,1.8334235900901006,-0.7259708084260789,-0.08233823156720932,0.8005869359314659,0.7338381566374036,0.5480437416820529,-0.1726761457803195
0,-0.9499144052959538,-0.0943551103764377,1.6904706848586486,0.401288521084804,-0.6820866062546918,-0.711611566627552,-0.729087540800005,-0.09840710419888171,0.9031714898107688,-0.6270732788868676,-0.6636121079347714,0.036033586134632395,1.751414210971724,-0.7784053748621436,1.0816640294699509,-0.7684159199247553,0.8089949856407658,-0.5924481459627151,2,-0.3270980894961302,1.3971643466176225,0.32066040926512135,-0.047731364073140076,-0.8938129373291285,-0.2571032152224507,-1.015128158150219,-1.3199589503664042
0,1.9565321740488895,0.7463021362645934,-0.45821975949334226,0.9656842846889553,-0.4632955497038034,-0.9937159691775266,0.6586309392178665,-1.496486392660089,0.6580057240453625,-0.3933784929693548,-0.40975119547240535,0.6554956202119638,-0.18608492136626825,-0.45984271763797246,-0.15592279651475224,-1.1602644072600388,-0.19872593934775962,-0.03888732112495627,1,0.2549712951108787,-0.3809574164348478,2.753889970147556,-0.01684302963202545,0.49140445832140195,0.3609221658505424,1.523362692236356,-0.1489510735534658
0,0.6349441911225552,0.6901802114360076,-0.6083259148392681,-2.5647795708692236,0.45459551475121457,-0.4268848669610249,0.36797611299341243,-0.7885972395391777,-0.17982798963618113,-0.23833038564327932,-0.1678676131989139,0.8276368851368221,-1.2531540123427796,-0.1127029860107571,-1.8340925946872229,-0.9725092957774624,-0.6431161295813044,0.7380638272063358,1,0.05953674193141334,-0.8168951921948094,0.9437379380523438,0.017955903589964864,0.7029421212751741,1.959597758099132,0.3940430836479556,1.0507053763908745
0,0.1794680866375219,0.2535923809166888,0.8958716629304018,2.072084507159677,1.192489523021249,-0.5440648526614403,0.6562888300940587,-0.884260544988061,0.2672987788830845,-0.4713500108585567,0.10331950982957533,-0.21525278215211463,2.1662334564175847,0.06725968023364709,-0.8275989851228194,0.038787090352337406,0.15079389602997875,-0.010906286832053358,2,0.11676075324728459,-0.2322270803566809,-0.3670325936511614,-0.04270355295309142,-0.7608518774234564,-2.350415299504237,-1.1869500499625127,-0.1041337163626736
0,0.9316680967548348,-0.4777204285558303,-0.36032889585413985,-0.5844697943635928,0.41125273896161163,-0.20736109636498948,0.9240038696559368,1.981763958115644,-2.7281001547240633,0.46428473832782957,-0.3037246295765685,0.45709681357257403,-1.0066441653348681,0.07350139372186983,1.448506310669432,-1.4054600891092504,-0.5757214132549237,-0.6289785793826372,1,-1.87737378862638,0.28304267225627255,-0.837083612328585,-0.13858845242106,2.191322854986876,1.037195174302441,2.524727692497934,0.2808720563202094
0,-0.5330860132796293,1.0037589279652923,0.8524753222156457,1.1172469591771357,-0.42265114625834543,-0.721796604479035,-0.5484150859054332,0.45375900641767075,-0.04222714534043304,-0.695053514350683,1.1817262414061178,-0.7306654892986488,0.28535484563624375,-0.7137001588414799,0.2059931408352279,0.16711101559743358,-0.043247043382213746,-0.05813008062183228,2,0.6613758308266356,-0.16861769385349168,-0.3538027634651909,0.03158301631026127,-0.5391907934737595,-0.1660079493243058,-0.5850205225591494,-0.4467968549350465
0,-0.03549720265963441,-0.1995191940174238,0.9633001410137052,0.2857327153101712,0.10703571804911621,-0.23525388687393545,-2.5717877771863114,-0.3905704876559241,0.1652224992225928,-0.2207646733377373,-0.6658341955588876,0.06141263024907223,-1.2140509849973733,-0.7451718504505821,3.2656510818813724,-4.332627165941579,-0.33054256127583925,-0.4038683545069255,1,-0.3360077876668376,0.2724854623758102,-0.5228663269817821,-0.11992227645707156,0.17558759418669612,-0.083778287763544,-0.36873284348008206,-0.07556623380155697
0,-0.00021157211424779887,1.042459132315587,0.20948272934300932,0.4838763751740258,0.5854847853273057,-1.1171676799157986,-0.03618099021527821,-1.506002956775203,-0.5713947613745578,-0.19691920739991264,0.2027057373552216,0.07006623543875595,0.8530647649173901,-0.5470382461423835,1.17182298616304,-0.15514797206620679,0.4714240006104616,-0.18969647497331005,2,-0.22299476892468006,-1.2896507506074355,1.3644322908582718,0.013317138160465467,0.43608661800335285,0.5573533458496907,0.7290700084271029,0.8542541188431412
0,2.065571814363321,0.30410247151448216,-1.7134006548675627,0.6023114040643599,-0.7006414046895761,0.2181331989348776,0.8602433874372843,-0.2769623231086134,-0.9418138894281428,1.9868633597803804,0.07274802463070537,0.25105700723538044,-1.1033270353644329,0.5836590721244259,1.55717778119684,0.011951567926244577,-0.5943292185134353,-0.48695014738825004,1,-0.7175383251621115,-0.6780063849628657,-0.7164977597267614,-0.028374121572713077,0.11307514791973272,0.15240920990264634,0.29489652559906065,0.511673681089516
0,-0.2327580634250039,-0.14112931914469962,-0.8500341688292768,-0.6625548580190216,0.16598954135029717,0.5686441767713826,-1.596828427060068,-0.10849514587630549,-0.6537686984600989,0.44991678930552426,-0.08929052627691594,0.837822448137389,-0.8795183519353265,1.0409149841156213,0.6082654148586049,0.11160864126342218,1.054193580849671,-0.11949213490776114,2,-0.2845128368660687,0.6046533051164709,-0.3019002016809051,0.053631703361362665,-1.0468383040436535,0.1335455277526183,-1.21975314077183,-0.010738985786684113
0,1.6284894664995497,2.5364131521813365,0.6892949755656269,1.4605898715576302,-0.07688912520262096,-0.9686847685353817,0.8592077419413962,-0.23909154284879114,-0.4346576424695521,-0.21808499642729867,-0.163654083795472,0.07337460728121349,0.12528548821171012,-0.6220579101637682,-0.16312732344716685,-4.306687379966496,0.6713016737567702,-0.2846499774939632,1,-0.2068698250791423,0.7802435268370668,1.1412994676186292,-0.13543736663755854,0.7456923286232606,0.27558216704024185,0.7459317819567779,0.5155677210972891
0,-1.19193220378265,-0.05597005513795983,1.456253197878954,1.845865776279899,-0.03308587769457544,-0.7514014137128597,0.5931042100075078,1.7269368526167936,-0.0408727980965668,-0.6471715282107499,-0.43334776374563044,0.09922466412047176,-0.6500069650530047,-0.8780089601550889,-0.7469877073814652,-1.292936504574148,0.3081602138937686,-0.5620048664286323,2,-0.35447109439587915,-0.3156981720751256,7.923488075370802,0.12995263112832528,-0.342048631856644,-1.089568555704552,-0.5394837410002955,0.010887866473214047
0,0.4195992476018747,0.4858436312158369,-0.4924057952049883,1.0458005682828082,-0.36041400117654,-0.29748831765567296,0.7173761459421436,2.944772255591298,-1.3483962407293266,-0.09228027090739782,-0.15022368996902435,-0.0221433409928615,-0.7181846347919316,-0.5537476091614177,1.2881924812967789,1.3026558253371592,-0.3494563666160877,-0.5529837879239587,1,-0.5429419556317393,-1.940520704756326,0.42180531540656935,0.011110947390152087,0.2947097252437264,0.4956372483854513,1.8107186540723959,0.6898491614974769
0,0.4081247679333967,0.9137661668944622,-1.2291483721101746,-2.2146766596342244,-0.5787621750137406,2.2737952573160922,-1.1619979388661046,0.3264626650463416,-0.7227858961930322,0.8855633566902055,0.12350275595255616,0.14490562015199787,0.1970571143823558,0.2854626248415884,0.361105127339853,-0.8294231164444559,-0.11031250217074325,2.6309782477506896,2,0.17609553572678832,-0.9951400055557914,-0.7324355722585187,-0.08591409201400892,0.5123916094274851,0.37303511094293534,1.0170397164472105,-0.45119800822866263
0,-0.5951633511078468,0.18309484279986357,0.22678712911263071,0.5504868380955238,3.155921042628435,-0.26353615462543417,0.9007205439277396,0.8760422145269293,-0.8731700819018059,0.40092201325862803,0.477185728675022,0.2659730141797586,-0.5572860670535078,1.5257158648103526,1.7707328958197426,0.1527601168074637,0.13448564762000756,0.6306269825851815,1,-0.403877150570647,-0.7832140921070122,-0.6363876443746408,0.0706889645646499,-0.9608118298530801,0.45094670108608503,-0.47608440529003304,-0.19353176127811583
0,-1.1485274130826535,1.2723336928111102,0.3006501654679932,-1.2556158487136984,3.4403437555716403,-0.47736947998633106,0.5821553883248265,-0.007077672670819546,-0.9334049207710686,0.5506543716821508,1.1917400471405397,0.27318172052030393,0.5738491042817906,5.4888063511358585,1.70053948765548,-0.7525423877527189,-0.2791015004241394,-0.407738887149903,2,-0.6923926770878378,0.43171676124451125,-0.7100931523448045,-0.00671075419067501,-0.2105906443445619,0.43855597379166644,1.1675294445928441,1.0649961414735243
0,0.8912061903923743,1.620478635346799,1.0892720524782034,1.4029648310721647,-0.7736040785644265,-0.010001806971090682,-1.4306394033255003,0.8720067449756399,0.33538764678765276,-0.3248257741031347,-0.8833124887716606,0.7232773477842203,-0.5876874778834531,0.26662509591576444,2.1571338057339626,-1.6876967494782993,0.2466073638965108,-0.4675740275928882,2,-1.8071818105029085,0.6681313511727345,-0.4342936101881009,-0.10697218263185877,-0.2777812737809172,-0.6724283488206622,-0.07730163319944011,-0.9150642979338515
0,-1.8737129105215997,-0.035229999142375235,0.9542500214463558,1.8043949482803472,-0.0021554706813715074,-0.8213243886577486,0.7960851022392637,-1.4588684126903182,1.1720448388052027,-0.3691769846808244,-0.048901701382087825,0.487098356335097,-1.1699035667637427,0.12323291418286356,0.19176378346688677,1.0930371362441142,-0.02147953041362477,-0.36766159115980235,1,-0.48239976525342715,0.9187475573421426,-0.31666621663774,0.19145237119725816,0.31387744704986476,-0.08903383931444653,-0.43532000452078845,-0.3134202803561816
0,1.398655021145005,1.137783055394447,0.965560147677935,1.5447637710514877,-0.5211546932162954,-0.39341565997930067,0.1760307302305112,0.05896475963425949,-0.5987531390703529,-0.2731588232830813,-0.186670416873439,-0.06818923298863391,1.3097370567946183,0.05053172355036917,-0.033008857824024296,0.38074555697827206,-0.07694388596400534,-0.46322901486238716,2,-0.4470121611487266,-0.374092711028315,-0.8247263663045593,-0.13858845242106,-0.8997088717138888,-2.218164469550322,-0.7953382140148519,-0.21574844204784044
0,-0.19626347679760403,1.3347190979635077,0.302886331381316,0.6448895360587849,-0.056210957585089816,-0.5163509699005167,0.791467770789143,-0.2524605372598704,0.031969532713547966,-0.612287666372173,-0.6115637432839272,0.6999902819288721,1.5458244506370948,-0.12510384429519383,0.788341005081462,0.3304354507213113,-0.5792321345716824,-0.29763878573442965,2,-1.1252875611487299,-0.6504281590230587,1.324777876209639,-0.08855438090026957,-0.2735968208773968,-0.006132654068290111,-0.4744135081124816,-0.8128232176663733
0,0.7802309254075902,0.27031283322350186,-2.3592946565639803,-0.28636127963786295,-0.4863452342123599,-0.1163743216050632,0.6440980378861635,-0.48645596177053685,-0.9951677598567652,1.0495155046125397,0.18005085104556573,-0.3552702851884776,-1.291527603168082,2.6806426038554902,0.3398672792883235,-3.823010565986112,-0.38890242880825376,0.7079960490098692,1,-0.4239204450465143,-2.6482378532495763,-0.6226996235095531,-0.07920439276739805,0.5904784557461549,0.7654360087539824,0.43564195171698317,-1.234558733042699
0,0.033047228306048226,-1.1450672378894522,0.44865800703388226,1.0192199443420755,-0.49160908980402596,-0.9614267188215087,0.8272218344156752,0.0489629701376324,0.19121570093990203,-0.778284721833318,0.04149865791123453,0.6460354626330493,-0.9490210699237966,-0.8541589502233105,-0.41132437926627635,-0.46923320888116155,-0.3262214613615054,-0.4135428948761683,1,-0.6250098091371206,-0.3242308466624081,-0.837083612328585,-0.12495780700762125,1.3622285095839923,-0.04295423498030282,0.8003177276667929,-1.1656688497037806
0,0.0445561087496269,0.0844407133941465,1.2974029769275872,-0.013816306891058838,-0.4332771901192836,0.09660543139997435,-1.1600892153988611,0.5495107468660541,1.247112283916609,0.05797745238051552,-0.5564061876177683,0.8482798171792739,-0.4220124881502142,0.0348515011570073,0.9251633936532034,-0.05535435641357317,-0.07439493296589561,-0.32834593501490295,2,-0.5340722022819718,0.3162552088611945,2.338486099997285,0.012285193172855674,1.1045395779144207,0.5210782999262907,0.6772855411732694,-0.5613770458455609
0,-0.6178894537236024,0.771608031252993,1.4010665330237586,0.8448318317889052,0.08456584330366623,-0.5683836884898458,-1.5552511531721174,1.2511241491734468,-0.4507476239355746,-0.6638067591975572,-0.46188338656339323,0.872536040001944,1.050252143020831,-0.25411332543175086,0.970295890084558,-0.9156023500440847,1.5227577325244577,-0.4073820286763405,1,-0.5913562120026944,-1.8588214224774477,0.46920525712294436,0.1780297764337031,-0.1369045568017849,-0.6172404333698375,-0.24610250697529512,-0.3672467046789484
0,-0.5341131288571029,0.5652734522854478,0.8416766448006615,-0.010039827904090928,-0.28677297262609736,-0.8447543747876434,-1.785054345020338,0.9325575276858873,-2.0045111405974945,0.8700141186606811,-0.3908289889947615,1.0301275393932077,-0.41000789694626716,-0.3145179390613624,1.9046781151585397,-0.14735084601926296,0.21238272849217404,-0.34070792409282447,2,0.825250127046476,0.0974207552934033,0.9082445206611899,-0.13378622807684742,-0.33700848411411033,-0.6057882234390759,-0.8462671510192186,-0.6460015530174594
0,0.15124601075133356,-2.5100306120767177,-1.7907237894462966,-0.5570087419676305,-0.5466900151018992,-0.10550534795189462,0.7056152974663048,2.5823139751757864,-2.7462714722382153,0.28187500104123175,0.09650088000497253,-0.06508654935602315,-1.4978355676882098,-0.18529731560694543,-0.4562694626015191,0.17657864899155085,0.004130821437029308,-0.4106782390270455,1,-1.87737378862638,-0.8683045154097733,-0.7864232537911927,0.07301871306678838,1.0124761415650392,0.19439268116822855,1.731041481398723,-0.572534136302787
0,1.20264297690092,1.397850783027829,-2.764717059073108,1.1877207499353304,3.231474266276247,0.6507537913169735,0.9219516929562541,1.3057429390770832,-1.5509823918513463,0.5495941253008838,1.8447629982609577,-0.4025744410797929,1.0379893122450212,0.6564229190095214,0.18257782875050993,-1.7706235705338789,-0.2800726124601977,-0.3034195962437585,1,-0.783436210932916,-1.0367570728777953,0.6932869623380924,-0.0894861742275565,-0.010189860656457217,-2.6847393029423445,0.9699912210540362,-0.8150898513974463
0,-0.0927251922192302,2.129984234429443,1.473694791467588,1.3231159635255372,-0.8987042309666445,-0.5604486776057788,0.6156044384843703,-0.8584984587101655,0.2228272327680299,0.4437992963411894,-0.5767411633784298,0.3500728712637743,-0.7479007277752621,0.053968957360126524,0.5901674357065326,-4.272498386732533,-0.18323458848746416,-0.38476531479396836,2,-0.25943239047259214,-0.6385624893471753,-0.6678854316367062,-0.13241009679876947,0.027474901618546294,-0.044031310832279964,-0.6129066990200941,-0.21206735082403344
0,1.1049289112169913,-1.4226121317455511,-2.232012997921393,0.18557720156079727,-0.02636532616505549,-0.3094109995193669,0.9507310633680265,-0.7017785564346152,-1.4692478494680956,0.13852484222866135,0.4783810823451255,-0.09134593389485278,-1.78526162662461,-0.37173734078012244,-0.36463890983347436,-0.9280180803829816,-0.2686604040181085,-0.2743315987290706,1,0.5618546288978682,0.40684695910537294,0.7203899894418658,-0.06409204753734826,0.08352980120637343,0.5988583866830324,1.2262780790193677,-1.8530552644998748
0,0.5011696288358367,0.9413468124945374,1.5970026680647609,2.6202623859284575,-0.18141826722648582,0.01485892626733143,0.7798456287710371,-0.5041961250954332,0.7590617879971506,0.19266421484802165,-0.6019958983078082,0.6024707694161949,-0.18888844162416324,0.9351174686601215,1.5002506781331344,-0.4467919667981539,-0.3453623073001029,-0.1349290706915474,2,-0.018673489996920117,-0.03366796516691539,-0.8027574049616649,-0.08662646934992815,-0.1811292804035139,0.9951480285856322,0.40560853237480876,-0.27300668654380833
0,-0.2580702296622426,0.552337358182386,1.2286830648193496,0.7246105598793732,-0.6100639180350991,-0.7361452441718858,0.6428703237310213,-0.8494547398500526,-2.8289767817546467,0.563302698522881,0.3463971149652072,0.14843859573705132,1.9657920978576198,1.5154343144386324,1.5758229116212457,-1.4584394686323423,-0.2457149570522937,-0.04877568232620416,1,0.15160806826173823,-0.8001598868528078,0.3448492568289463,0.10362653999945734,-0.7661437775104866,-2.0549141701890523,-1.0710435974701054,1.3714191106828717
0,0.5333292123473421,0.17570291607467925,-0.0982241391799678,0.8786595450597428,-0.7522408317246635,-1.165350253319918,0.5955898614696822,1.1827867084750117,-0.14424492247719212,-0.33943526876666513,-0.6226615655295866,0.6410839362315464,-1.3617480768006007,-0.9704121551426399,2.919910435588836,0.655524773477336,-0.17299793064045677,-0.28291415841866147,1,0.15492259942473496,0.8445268536282042,-0.3161201166611286,0.14649398699370847,0.1203647024812814,-0.11082295802493886,-0.04474985590709246,1.010683028432228
0,1.8818587178649415,0.9917860043559867,0.21143691000574566,0.7117933574682216,-0.9090189472858934,-0.5717120450891683,-1.2483865963863114,2.1036195946253384,-0.2560361942064535,-0.7314457538558996,-0.9480293002497796,0.44681858226757276,-1.0114996735013788,-0.2698134330696904,4.53622087412953,-0.5301458573392192,0.0005709713881347223,-0.39622085289554665,1,-1.303760598016875,-1.2247238726341676,-0.22461251182317044,-0.03573715165104302,-0.07406606741785615,-0.21020511673183523,0.4156208374588112,0.6815272113281268
0,0.24310056133520355,-2.5983012794438793,-2.10671328436216,0.9437222708035652,-0.6123467643493803,-0.1526204420240591,1.0329693352803397,0.40043929559366914,-1.071981183836428,0.7545555773311938,0.2696610909935806,0.473533528548326,-1.4652402878658906,-0.22849146868136352,0.4203455559160969,-0.4760862580653289,-0.26700940752769775,-0.24455427186919074,1,-1.220644930927523,-2.4340040796271576,-0.5360755970686313,-0.08619543432425553,-0.5452889320794331,-2.383790747748966,-0.0536524008251725,-0.109627051221164
0,2.0365660500475387,-0.5565690150542322,0.165483099493336,1.570470662136263,-0.2468413718735331,-0.7403171145649142,0.8798053665808319,2.3865774375431137,-1.6977454095113516,0.20472729630553232,-0.192842241141003,-0.02023274625764144,-0.5409792153620882,-0.1424709741034687,1.8048746766425723,2.0452044961899016,0.11382796328417227,-0.39609377112723365,1,-0.8400549055446209,-0.849955018418043,-0.5760754126984506,-0.05709057391141749,0.3520784241659947,-0.2849802068943395,1.5718807584133572,-0.6321753259691746
0,-1.4118457396789623,0.13113759378722598,0.6043084805708647,0.8116067986412512,-0.4100191075215654,-0.6062678617728487,-2.1262221570713615,-0.2649213006397331,1.3969643264766423,-0.26090028502573237,0.06478063881273183,0.04637803472807778,2.313665026454641,0.12352431121211183,-0.7132808141310322,0.05680271299886375,0.17356781767399956,-0.4458502412344871,2,-0.13087404905515404,0.3396147173252615,-0.27897358658344806,0.007848572715386151,-0.6785269167866549,-3.027086875749792,-1.21975314077183,-0.32656575818984457
0,-0.8355828855446276,-0.05468684362966969,0.8726806570755123,0.15934972836046501,-0.09637371962804048,-0.3918983155008895,-1.3631286219459269,0.2257430913669045,-0.3198259579690728,-0.19002914948814756,0.14833229483127153,-0.2738909380606691,0.6775805753768813,-0.776685147682419,-0.5425600761835636,-0.47148631624387816,-0.011592754163265481,-0.32966499696196283,2,-0.6484235902545685,0.6966076219405073,-0.4749023489835352,-0.08912289741681259,-1.09095311408826,-1.4422333337748263,-0.964465737068104,-0.868809766499574
0,-1.653031030715593,0.28197189023722347,1.6570222683369005,0.12951407298829787,-0.927778225209267,0.9651444513549182,0.5224277572412959,0.786012843183556,1.1788094070931077,1.7960363210452335,-0.09908883756341068,0.7923884179241043,0.7290644223048546,-0.7668969771914522,0.12719963379292804,-1.4134724391934692,0.9927581419470506,-0.3001909452845037,2,-0.13752751794474133,0.1080144555149547,-0.21256431532342512,0.20406307151073494,-0.795615687657832,-2.831694949275043,-0.9762703496120239,-0.009819710318717922
0,0.616669676951631,-2.5251308672684964,-2.59158352660116,-2.734974672146847,0.9004650384133599,0.052191982079775975,0.5849860492326712,-0.528024948926169,-2.0045301475533144,1.2434890826790723,-0.3504258218256649,1.2313571776827505,-1.4706845842048275,1.8281363712032284,1.8111381683107743,-1.1391803480360512,-0.18873546770615407,5.161269051718781,1,-1.7669102669705647,-0.9425431024480158,-0.6680208886209636,0.04114678156376762,0.08462026917689697,-0.09266772365511136,0.6391478621056296,1.1655807789287838
0,0.4199065643241494,-0.2895726194587318,-0.19633932851003233,-0.408740183259494,0.528663395143492,-1.1012498482057813,-1.0662615128093633,0.4169450611823984,-1.8634942252411735,-0.5856137375606228,-0.7476584617722359,0.5711470362070838,-0.05230590723656381,-0.6384802474513891,-0.5439216798019405,-1.324073315747691,-0.65175997996054,-0.23654293708006796,1,0.4038690425184121,-0.6079811475030154,-0.729628430068007,-0.08447645211118038,0.553811000202337,0.6888716824299157,-0.26985626701803234,0.15617144988969514
0,0.6933234434648592,1.2145250083359715,1.2855119181905106,0.3299366870084642,0.1456012064105887,0.8554832162052763,-1.3444623106180613,-0.10570246081958401,-1.0102165228086042,0.04132405492383551,-0.022392758383327632,0.3287640776805408,0.6601400504068193,-0.32401768487886073,-0.03347221397062561,-0.4380218430526188,-0.21649486367549492,-0.0922925167655439,2,-0.5463405895739257,-2.580359909339855,-0.4750835584660804,0.23528603850717647,-0.8594323441318024,0.09003322152561355,-1.21975314077183,0.2378735181795425
0,-2.4462696022512396,0.46985736946776335,0.44704372812676396,0.4662840521354892,2.4671332395523624,-0.6382664237711194,-2.5066705215768104,-1.6509708662467322,-1.1482032564095368,-0.44323784949521594,-0.08347018374105777,-0.3397439430521841,1.8753528701530402,0.4704238962874199,0.4110513035910921,-0.4227222959211968,0.5884244014916906,-0.34464382491885126,2,0.3939183973704601,-0.9204886268446482,0.4168093647645966,-0.09101931103265626,-0.5217364121509348,0.36864979355579025,-0.9811798693025042,0.6798976980363237
0,-0.5878053481960916,1.3702899906158896,0.23917262313596113,1.128062059248851,0.07377282898500101,-0.19706765621050137,-0.6942265584898502,0.07769585288374875,1.1171497828168058,-0.3911413455347183,-0.5887869044452156,-0.6115850885157161,-0.1423180427896773,-0.6369482207433836,0.44530971966973637,-0.5627132747267252,0.8175946655205657,-0.3210710204195655,2,-0.08945714922808456,-0.74572157149237,-0.7128193939931718,-0.05515075483990389,-0.6262483613501348,-2.5523796948062634,-1.0503258272899139,0.7811787736227402
0,0.29413636229026974,0.9599699994949683,1.4405562151123796,1.5841273207606794,-0.07672164776271351,-0.9466796535022175,0.66554845266262,-0.6564620960146321,-0.9767061851768304,-0.09590546418471235,-0.5978799431917698,0.3750428684935079,0.47784480804263324,-0.19702030238885515,2.122275941820131,-1.3625549000857538,0.527834555170329,-0.5565020675481711,1,-0.4245474709378968,-0.4558620768344761,-0.07125925889262819,-0.12941098334145126,-0.6333531306203879,0.980139361742461,-0.3728666615268248,1.7277037215378042
0,0.22351540353556365,0.3129541625430148,0.7479096549238954,1.6288003720098079,-0.21410176119521407,-0.7059472226597772,-1.7612410663388842,0.8191665577933538,0.23308326196411766,0.21787437879799776,-0.22436735970051389,0.009831399069260782,-0.06956666376717108,0.008676191545335998,1.2265750326799052,-0.24551144776176115,0.30488164265933454,-0.47577150326133055,2,-0.7924086664533856,-0.828996357077656,-0.48958356027693356,-0.13858845242106,-0.30250470243449107,-0.4967554884586918,-0.5126718214804759,-0.24993093271234645
0,0.6784579172828404,-0.08881919114365994,0.37736890129675293,0.15907227644865246,-0.3089760105814181,-0.3093334659559658,0.3855291694580391,-1.1095892208706442,-1.0452804505600153,-0.02185729208688275,-0.5826515798048206,0.8819278164497593,-1.305622462371665,-0.14455122079846305,1.5281733873889407,0.6188042939697447,0.4884605193415333,-0.07437879447294155,1,-0.46135071991748455,-3.696471111474871,0.010372623304373416,0.023966832203322783,-0.20993544518649446,-0.6446965565561042,0.2419657999753773,-0.9551822446868007
0,1.4987431873138732,0.39587226009445575,1.1936037007417555,1.2950620800699142,-0.7793487044186034,-0.9736580981296692,0.7693977351120267,0.9098177857752894,-0.5968883236410387,-0.40395616322447064,-0.7702045338081801,-0.47640252070814537,-1.1073192497336213,0.08125117029490281,0.42762492535707086,-0.7908074050399196,-0.513528725385875,0.27970373524636605,1,-0.27164174503255123,0.09591352161749955,-0.8009111088062166,-0.039251147227105446,-0.3007997594385307,-0.11496595927196729,-0.27808674527666033,-1.2249277558246279
0,-1.5171324801940522,0.19400945676922526,1.0710691660172567,1.530025664515407,-0.34837225756560763,-0.27490660174121384,0.7417597642270565,-0.10892392837153644,-4.158332285706152,-0.28282586870752274,1.009373626170389,0.03046367984945192,1.8171834519199148,0.17305251623450874,3.5898891749454873,-0.8975010340566427,1.7448670943586857,-0.5197115358204034,2,-0.4660999632520968,-2.342214767206707,0.33710640445161716,0.21605996719655396,-0.8080224714023115,-1.371514787092296,-0.5680251263289295,0.7800969735329086
0,0.41886994433322056,-1.6477974503945227,-0.2281894659835557,-0.9174143349501328,-0.13819174513897514,-0.40484064275967635,0.800904557630065,1.0737549658784464,-0.6808598359830653,0.4688066696707869,-0.06664163603415503,-0.50172081413672,0.7203151895483715,0.4240586707214376,3.2252787631351314,-0.42170327977537997,-0.5286816195878857,-0.16600165144257134,2,0.8249216684432332,-0.7647514976113249,-0.8368147038326647,0.08703752677287088,0.4891960650256547,-2.9076925663705824,0.15544431520495086,0.6490705349428456
0,2.094805949372292,-0.1922090973989422,0.012147550685382445,0.9946495899837257,2.655728862020831,-1.0485836853944595,-0.5905056584556198,-0.9018728267949231,-1.7141437842962808,0.27012089424821784,0.01397376266422562,0.5370716137081988,1.0699664494499883,0.1642411843133671,1.034204149989589,-3.3055276193229277,-0.6022871799522334,-0.3285612304580674,1,0.47684464413702765,-0.19438368072471332,0.40391208830376063,0.0706506126492277,0.035588684802701664,0.059929543663693796,-0.43471954554940634,-0.4169082906367413
0,0.7447767376421685,-0.14663809321692112,-2.8630721790240345,1.9332433414809203,-0.913094627661731,-0.33658759527693927,0.9569311296176093,-0.9751244102578954,-1.019829489272173,2.1385277963876894,-0.02730779020575569,0.3100204246613172,-1.086805826844256,-0.25618184484078393,1.6034791148989884,-1.6036416480525246,0.012476355616028972,-0.406587974510049,1,-0.804308646406282,0.9318579962461921,-0.6736377866537451,0.005278804521130387,-0.2966103772192947,-0.9621764066199295,1.7991032818784092,1.0074314627662826
0,0.938044469412663,-0.1511166977351227,-0.8233002029701998,2.359100610971452,-0.988208749052302,-0.20969606620633682,-1.079498658647104,-0.7440837843922395,0.46434175766333025,0.33882063262730283,-0.47684498468283276,2.573880424799662,0.2010630890936732,-0.3043289082701563,0.39770421414559,-0.9859628737833748,0.16531273795024626,0.5166454379289293,2,0.09017369722010204,-1.0579233341797583,-0.535893842554587,-0.015051381298013353,-0.3036073333775239,-0.3155358925317616,-0.47139296709397954,1.1563921064883416
0,1.0248839449463512,-0.6599482339567888,-2.6886931605970847,-2.4150394221683387,3.622649495727,0.3147227862387584,-2.5636462717833215,0.8002344663368968,-0.6466802219870754,0.07099458138184789,-0.2548703720456553,0.310296956303188,-1.1461231506974012,-0.6573235928880935,-0.13683041536229568,-1.619781348390459,-0.65175997996054,8.15881821841708,1,-0.5650482769437989,0.04523727031915681,-0.7920170712503034,-0.08958339253593248,1.559380709036863,-0.30306655105535807,0.7404112335861983,0.5699525485607427
0,-0.24591891558507617,0.04786667287580526,1.2446120113391834,1.6907832631455693,-0.7854878095237392,-0.7706269926407723,0.8989686963556931,0.4860189966344941,1.4012625161528758,0.4822419463358062,-0.7588207978163635,0.2450323958449842,0.6531800372142289,-0.717896884942658,0.745572938191397,-0.0665824922655055,-0.3218040258962698,-0.1086119098596604,1,-0.015293164590967717,0.17400887915495702,-0.3224531344475642,0.1362367854458798,-0.27763015860565354,-0.49149679539142116,-0.12064880567151243,0.645991958252798
0,-1.041479360353106,-0.78919312747905,0.3330464038334764,0.10855353516020577,0.1265299849553453,-0.4016401905635949,0.4821534148064178,0.1711925298376945,0.6898995712772074,-0.35986930844483594,-0.5002564884401776,0.6521514938040227,1.0720736133616602,-0.6262400424755217,0.9592594335219258,0.12725267834032966,0.3459434024596142,0.28787715482917975,1,-1.2567888887989755,-0.45431363090026,-0.7018082206697774,0.021561977245382544,0.16638658483214533,1.3814151955607468,-0.11847008169045987,0.203373507846962
0,0.5352920236447247,1.2092806463342547,-0.17700981851561742,0.8559478370229507,-0.4266072736222393,-0.724612947173362,0.38879887719138423,-0.27364552559184446,-1.137125160590188,1.402005027946962,-0.24030118380282833,0.37134032786894144,0.1317055847086403,0.08185903538256423,-0.11432262016688721,-1.8519014928449877,0.2608486439595811,-0.3918208175732584,1,-0.19900771626813082,0.12436770212289254,0.012006649433494325,-0.036625211829983,0.005460831861167581,-1.7643126265743125,0.9914898721081427,0.11555491405198462
0,1.1856574422918187,-0.3011754988794406,-0.9476279017908517,1.757819184753609,-0.38516943764751665,-0.7239656514890798,-1.757540863777383,-0.09859224307951509,-0.06471326727240743,-0.19034451839317776,-0.5952621664276627,-0.12583581517720893,-1.7085093627353483,-0.48947918568513576,-0.5847367587811505,-0.7797330016630972,-0.10684147049424517,-0.4166539965271201,1,-0.7430282572603171,-0.30279127806394246,0.06207816367994312,-0.014168951822259968,-0.1479024131431447,0.26243252296465286,0.27052856092093047,-0.3591267942639955
0,-1.494594843748531,0.3423379198044433,1.9795776846790187,1.2921504223889662,-0.39841597526697287,1.7997495005204311,-1.0403986064121384,-0.4209625082635798,0.7012885233077186,-0.39847715500965286,-0.4993428917116449,-0.12118196216042054,0.49305328086743117,-0.4796757965516207,-0.2349256911743478,1.297001822008621,1.4597670312825568,-0.046146993070240616,1,-0.3293554670296833,-0.4503713600580058,-0.794506024928181,-0.018130805944557286,-1.09095311408826,-0.660127679797541,-0.8934109066251235,-0.32415830276512414
0,-0.7190935581341185,-0.6276040425543254,0.5098443157847002,2.085591188136596,-0.47554632787303597,-0.011633924381235644,1.1594249247969683,2.357729758782291,0.6846548954319412,-0.10336420102905305,-0.36428431674264167,-0.9617501480670119,0.7696201827931507,-0.22826257161163174,-0.21200757406246484,2.1161269702134335,1.2492407431148036,-0.3652030518705297,1,-0.6388604212059152,0.16836714396666547,-0.8244936380712973,0.09117329217455661,-0.3182296706653341,-0.2229941283084523,3.615957794500439,-0.061715207163943964
0,1.0680205087820775,-1.0303720668544656,-0.8200039799925413,0.459376849699593,-0.09890194731369373,-0.1947218270025371,0.6284301637455055,0.8203455538463045,0.19526982017826378,0.20246017518937978,-0.7445997688368128,0.025095212433378422,0.6221295165808707,-0.18948100172502466,1.419447878087627,0.1608905623339852,-0.14463284214379296,0.36128541694341987,1,-1.5691053331763969,-0.9434912375006602,-0.688073608061092,-0.10058549837218841,0.29571448115346066,-0.08201074047202139,0.31944764050230123,-0.044809508883378146
0,-0.3929843534144817,-0.14088667142547134,0.41975337030871807,1.4878877390893224,-0.44264339576563116,-0.9018238273787986,-0.6623613028909853,0.3722145864989006,-0.7522176721625756,-0.6669355942793945,-0.08518298750483169,0.44429234599675993,1.2797603068068713,-1.094552277584227,-0.09960698852340935,0.8393267213829968,0.2793581002168952,-0.3544810223957104,2,0.0956493319016406,-0.014402242471527077,4.326948055211735,-0.13858845242106,0.024224046735802918,0.31545698272292566,-0.8769098781082292,-1.5408686001022502
0,-0.8625156084889856,0.9024027037977062,0.1074478365122048,1.0689626647759833,-0.4409234855203434,-0.4703206707278141,0.6072513694076213,0.5725067737007545,-1.2597574660505817,-1.0874458133730311,-0.1319403924699316,-0.048657981846251586,-0.8280630933679716,-0.7170962177971998,0.9818768858784063,-0.22378532674017382,0.3697770292300184,-0.3218014212638392,2,-0.9563336186403288,-2.665799924379507,-0.2378705750837174,-0.005469499634946917,-0.7597690848887628,-0.05237076811611685,-1.1212538568477208,-0.13461777516797535
0,0.6559906733651407,-0.3038945092434378,0.49724101666208564,0.36721356326301563,-0.17912088738432724,-0.8264367177217294,-0.04621340616659242,2.970820207440606,0.6704471545579949,0.9604177047785507,-0.3112120701498277,-0.027365476283951473,-1.130178256898772,-0.36519009643662725,0.2774612479919306,-1.0946460963009952,-0.12279866041951663,-0.2439545000485267,1,-0.3908110223294562,-0.4638932160689575,-0.033408122929218076,0.10919094609552565,0.3531666432536023,0.09363712388915829,0.12512118753985868,-0.1685185046697214
0,0.4922312660025368,-0.616352460114695,0.6939411092070678,-0.305494287417455,0.7000892844723855,-0.2367737402454445,0.5745853527988225,-1.5171754297424398,-0.7772961805178344,-0.23949612473113147,-0.36682681302571274,-0.1237693744538291,-1.292472487255316,0.16616858513838254,-0.23386579789584638,1.0145110207066044,-0.3158161050684345,-0.5610139740449008,1,0.060384446545797346,0.45407617384558174,0.5945904816924596,-0.09755182569575627,-0.4184166619278162,0.47437005812501165,0.15851997990062025,-0.9130486442962625
0,2.24867707487614,-0.6642999691128264,0.2820941310160591,-0.08849647058668939,-0.5109318277500229,-0.6071591159261418,0.5206945106164285,0.08608003534758835,-2.1073258412012654,1.2030819847160767,-0.5226062539897793,0.13933816627311002,-1.3952065747496318,-0.14507119079473343,-0.24889838739187103,0.2612905772070033,-0.4380220541844431,-0.27323914468602273,1,-1.590289146759486,-0.270440488062615,-0.6627457467855773,0.03346312086900213,0.8591399137622918,0.39860095987827027,3.1209229289296196,0.7781626075567845
0,-0.2818746947304914,0.1899134416153691,1.4676436633994334,1.5345334395309993,-0.2615305534550407,-1.104226770789681,-1.075443938101032,-1.9090451269149755,1.4810631985166074,-0.3586955610486856,-0.8771593797130781,0.8297759721515081,0.3309377381267555,-0.2045370056406033,-0.42998360358134824,-0.829288704184353,0.036970226652989074,0.14774159248267393,2,-0.5265915095185852,-0.9147585379589879,-0.1672676432342819,-0.026714062710881902,-0.35418773310049456,-0.11917785268189007,-0.6701670506153754,0.3844691556862514
0,0.3492838990376145,0.6360924762877843,0.7310341098350119,2.269298451465816,0.010768054049227871,-0.6478631793982065,-1.3472053325013778,2.8837264758657857,-1.9268761343542482,-0.6252184331215415,-0.42096828958213056,0.6537192557873723,0.992648221370313,-0.7566621834282898,1.5206077876057906,1.715946038529787,0.6268530826271679,-0.48256233631023826,2,0.8077000190438988,0.4949882367095163,-0.8348624333495024,-0.019876742086309532,-0.6506158405590008,-0.6178435410157759,-1.1187315152192436,-0.4384746571951875
0,1.4415541493403736,-1.0982170921921248,0.4256133606705222,0.14424797873857942,-0.41644957055465404,-0.8366892186092967,0.7980603941676347,0.20792838360370375,-0.7011809142613986,-0.34977096276640796,-0.775101670812141,0.45639529275532886,-0.484898609405422,-0.336580551808666,0.6033414426846913,-0.6648166851953721,-0.65175997996054,-0.32737863601839823,1,-0.7961093443076483,-0.39368419898934254,-0.837083612328585,-0.07563728807554675,1.821251611874517,-0.34686714565397225,1.4717567847959816,0.8932972276577085
0,1.107259505962742,-0.6284288980236052,-2.687657686538202,-0.05586415490978225,0.5114423516178692,1.3761711031130552,0.8440238702421917,1.463166306437357,-3.3189704652537513,0.9294394269355621,0.5287731472221808,1.6652599897577443,-0.6024988295660316,-0.4220955894408409,1.3848494875043156,-0.02798678102836588,-0.45528922747575873,0.47111768060208353,1,-1.1174490826608778,-0.7119694630697001,-0.7219183130684441,-0.08989529929758694,0.8431984559576045,0.18149350721913873,1.6700759351225054,-0.5855062420354458
0,-1.8962479361275792,1.0603969583625634,0.015629080709173848,0.23702021556462777,-0.9829304372852343,-0.49523385775775586,-2.58918649994163,1.146624197944078,-0.3751550755077417,-0.06899960673776256,-0.6547933002885569,0.32514831598200333,1.2436640311780498,0.0520361732247685,0.26942855542432276,-0.88399758086569,-0.1957322933137971,-0.48398664516653445,2,0.32321424751627675,0.6542695535459291,-0.2626407855502691,0.0038935278011869023,-0.413067870985645,-2.813436044624327,-0.8318432727664096,0.1350186284618683
0,1.1171212946009959,-0.054254227905105146,-1.9871246500783506,0.9174522283710145,-0.3117255885613347,-0.41266983724451917,0.8760793051237482,-0.5370101906350815,-1.1344569493685184,1.2534211295132491,-0.4640332751071216,-0.8968063451374916,-0.9473831529178285,0.13590279568338742,3.9746189240643406,1.2746427416619281,0.7249904187360083,0.21606731984836058,1,0.3999231679847547,0.660397241235547,-0.837083612328585,-0.0054053556160156,0.7799358157773731,1.009733388734335,-0.13829577370792823,-0.5123965280735258
0,-0.9270736630212523,1.0237041426955797,1.526238580955893,0.6040888783786525,-0.30648405898545683,-0.9494888982068126,-1.5270018680008735,1.3701178582370273,0.6860607617343444,-0.5708012103150213,-0.7742065312814381,0.4061170055361804,1.1113334219308497,-0.746668257978534,0.7372439238015069,-1.038629825846883,0.11998358172260828,-0.059940024357171134,2,-0.2897472673152011,0.3172420691440786,-0.20236000895202513,-0.010803460491729706,-0.6884777366749902,-0.12306965706237528,-0.7040447392617823,-0.14566061920888834
0,-2.7302329884519265,1.117396799178649,0.49308466000092294,0.46594555241758817,-0.499715026287048,-1.2509194675347057,0.909879695015735,1.4955208656781631,2.1413350431696156,-0.21982717009765537,-0.4553438883403647,1.0047221709017435,0.4530838154775019,-0.7197868065786854,-0.46977772315680116,1.3639248821863648,-0.12234507777825188,0.48619041013105824,2,0.22585587708524957,-0.1951367921310884,1.1511766981254135,0.028437551690543947,0.35162190946055505,-2.066651787196827,-0.24928071265217291,0.9068653551395414
0,0.5591011580246918,-2.4598905329958387,0.5068568360648035,0.16402454881226192,-0.022744991176042284,0.06476915980780418,0.7099187000326573,-0.692951719060368,-0.25601301201431426,-0.05538316642636708,-0.6927194199886848,0.7516858101505369,-1.3173161439531136,-0.023824276922748466,1.2433304847623659,0.4769122768013159,0.4990177719446377,0.015033577512582164,1,-0.3547359084096646,-1.2006442060562632,-0.6270972635136302,0.06529049578874821,0.034815147840439487,0.3999024944621707,0.2565331453964351,-1.1263489468169186
0,-1.3948050125796811,1.672693649324939,0.7636529943913153,0.9819264960542471,-0.96980054456106,-0.5160524023801493,-0.975374720548608,1.6283608855985094,-0.4144103786580884,-0.10836724360052702,-0.337280183371208,0.07866370882728185,1.7348738021556778,-0.03917581971981704,1.3632030851695562,-1.042102794802119,0.3034439654029434,-0.72520850861303,2,-0.22784116025879156,-0.8194022184078792,-0.8267495450655633,0.25232934404385443,-0.45669090859780737,0.06588578570553061,-0.11675465066015485,0.736483407042433
0,0.8904965144121116,-0.6605872200641876,-0.446430017840305,0.18856216426395767,0.4978714974125275,-0.5422092545407101,0.8123407100038609,-0.20741400600209775,0.8120202777112813,-0.252229651552471,-0.35408703465907254,0.05894430300981046,-0.13397645690803017,0.04850048745235458,-0.5631772846690628,0.5578699690234714,-0.05671930483839693,-0.22376097177793666,1,-0.18881564296814032,0.17896885522490047,1.328711149033837,0.0041905151270843,-0.23943038729311752,-0.40724567531855715,0.7812644501360712,1.222325564202953
0,-0.3123099992675713,0.03885660332443974,2.388907400628172,0.9219745584735944,-0.4413971493582685,-0.555678070669255,-0.06822907180448856,1.0695494723497032,1.011317835043372,-0.24635781880562962,-0.21263853632455426,-0.35779051550221147,-1.6484667619886348,-1.202636314916472,-0.03414331363731937,0.9192020060553039,-0.6220953344352801,-0.6393157366080153,1,-0.2832209899957784,-0.0015558375199046237,-0.16680619042691425,0.20336662592874724,0.9752078914928495,0.3982211680963128,0.07523531881900758,-1.2276650768686987
0,0.07340759348063275,0.2823223511869283,-1.273276892484974,0.9174082205495149,0.21746097215665028,0.3843777289655352,0.7568719413509026,0.6983329490518315,-0.009923646595093705,-0.4860742181391263,-0.16019632306889578,-0.3673036328770809,-1.4901045985980537,-0.2978755522005199,-1.4083164772946277,-0.05881637025857711,-0.18952475385992995,-0.4024515115246171,1,-0.39374291709831644,-1.4432875783090056,0.3016209519849976,-0.029293406226595386,1.1896112103622003,0.3480010522110317,-0.6827305717725534,0.4006411407064935
0,1.7477040155374,-1.6196001169197654,-0.7256551289774907,1.20446936307508,-0.16927854272624024,-0.7486932378305292,0.4905900295620786,-1.1070696242948503,-0.9104378217966103,0.25444353210469517,-1.0058066201123963,0.9581383083140567,0.03319251163516693,0.016929428678917308,-0.2421630404485966,-0.5863802031955997,-0.4952770323806229,-0.4663525926184246,1,0.33679400989187924,-0.07499113676212638,-0.837083612328585,-0.003745562559538833,0.5743971049577987,-0.2784132615543119,0.791222886761513,-0.10517160025330352
0,0.010274043888223838,-0.17051107692505896,1.0135700526901514,2.1277050156506467,-0.11726404229552245,-0.12601583092381785,-0.8916965854979089,1.9998302597628457,0.3023848440419501,-0.9494976070394863,-0.0309247363363018,0.04881379524145363,0.332552762224809,-0.4222068478289378,2.4369061829001155,-0.5228503130082609,0.2992409943448999,-0.017194747516841524,2,-0.27693954334180915,-1.7443411529337203,0.5212234432407837,0.026408032879129323,-0.22126089051666867,-0.4058165254785445,-0.15297190999580174,0.0689272925044454
0,-0.07652245943605268,1.3675545857551887,0.6222734924022567,1.9422759028242946,-0.5574543156225221,-0.7299936212381398,1.0861851643486737,1.77486453549033,0.9095237282430464,0.1518598457090019,0.2766371253404598,-0.19539332810063903,0.14458044379058232,0.06207080881200144,-0.19154175677874608,-0.2944789941096768,1.401564490181911,-0.44885817889897356,2,-0.9310200838674731,-1.1865381517754814,0.12994462416126085,-0.005536540051465984,-0.006453900120524825,-0.9600025218914671,0.5357043670788443,1.1245416766331835
0,-1.1460255897863787,0.17882423672662845,1.1514633275226607,-0.5740033862556311,0.49218741034036356,-0.37571437997488055,0.51751674192273,0.1935917059637582,-2.287172412825682,0.5740408249849119,-0.16466091804807265,0.7495967322352992,-0.21681382474727975,-0.47596752496568184,0.9633131337774015,0.412337916538366,0.02465218858540999,-0.5842453992073368,2,0.009187364841565238,-0.7737186021731584,1.375247692930676,0.06054435757178782,-0.39142154702348986,-0.5088121333907789,-0.40536481138963726,-0.2129460159636944
0,-0.8086214015482082,0.5306030574387048,0.4613714314724909,0.5804888560123747,-0.3282119790284397,0.19753641412715206,-1.1963147477555007,0.9325326932700961,0.5276547475730938,-1.0283565448683216,-0.16735204732414183,-0.7442501129270156,-0.5148858226499384,-1.03270572603954,0.27768463369642193,0.10742849198770177,0.8089588557106748,0.16521232839728092,2,-1.1725446855146895,-0.5877614699162848,0.14849540401719502,-0.02716416996353209,-0.6032050758228009,-1.219482788388274,-0.618825391835566,0.8558789563344859
0,0.3133673182169234,-0.42524962782814896,0.5112377296633475,-0.989154582242253,-0.5384100896368853,0.972345989662082,0.6197840411840219,0.1420947189942735,-0.7226180594312094,1.6115224706958395,0.3922481069346261,-0.43661991712908854,-1.4996678165674264,0.19936230693563864,-1.108274179334724,-0.21123318295381166,-0.18557429528360797,-0.2390656244179479,1,-1.1731385736932824,-0.8603952769041077,-0.702531834219701,0.206402625645341,-0.025950691569800455,0.2842692153842945,1.3257273157362313,-1.8596486323605095
0,-0.7877382709141342,1.0255763468442138,0.6082873702805321,0.8496855796177901,-1.0061354154978235,-0.36171424203918195,-1.3756001525253172,-0.8477576756044205,-1.417272410226459,-0.32375876758334304,-0.6525108984131057,-0.4242325718490493,0.672470660424692,-0.8543017456801467,1.047085011567031,0.011284907016178347,-0.5266836746279522,-0.5015212126949995,1,-1.2647500578785897,-0.13468833675386063,-0.3784326137813357,-0.060813556039709046,-0.30472012725477027,-0.6060661890516188,-0.12803599196077095,0.7550697898433851
0,0.4491811929396472,-0.8254721643052554,1.4296325302155295,1.065431023818321,-0.731732470355887,-0.8483812453060133,0.5599372631708994,0.40809806761392586,0.31581951495270943,2.032825898638774,-0.3221973715736711,0.34616929805687613,-1.7289739289735317,0.30900639065053814,-0.5794072490399805,-1.385036296652922,0.38343112674064267,-0.08397623475537744,2,-0.14765352699656956,0.2860308780603094,0.8192354752708848,-0.06334573176241234,-0.24283806979718225,-0.9852166144749362,-0.13557707592341733,1.5105771354165087
0,0.7058463981331244,0.8395513580195754,-0.7238648842443249,1.312393801281941,-0.3587388691896968,-1.1852764348014646,0.6121183901147721,-0.1741349958535353,0.0055894099688731935,0.15356909814539965,-0.28998930096204384,0.7042889142013993,1.5893519260623945,-0.14522367799581956,2.022470599484861,1.1871926354662143,-0.045844925389666016,-0.30619767491784156,2,-0.015050710642401655,-1.3275662629416638,-0.19973213688132818,-0.05546404182651578,-0.4569903125320976,-0.4371304365661914,-0.31678659995798186,-0.2968162730417705
0,-2.0711710079781325,0.2708298861091114,1.4879696160930136,1.576842148754172,-0.37125571530276624,-0.8732992818091561,-0.508667392445865,0.3099333702786343,1.1171151139880893,-0.4159953877421535,-0.647318273423664,-1.2835961241449898,1.8760452868073,-0.548816280686082,1.7827748547846844,2.0633055253670483,-0.31929940318146427,-0.72520850861303,1,-1.4006601446393532,-1.084659334222073,-0.837083612328585,-0.11655728192940609,-0.7768779786747105,0.1881609573421236,-0.9540526430386121,0.20349122499911154
0,1.520001196988745,0.9746021118139109,1.4884537196819034,1.234293818330921,-0.5191221564986245,-0.423322657428972,-1.5670117142248348,0.8395680602520699,1.438312521176376,-0.592233966486742,-0.8296516424856957,0.018695765376291584,-0.6123230853716756,-0.5057740250095103,0.23693618178829556,0.8163966556732396,0.11630301199916798,-0.17913096999342362,2,-1.0104289781950113,0.6970708238024595,-0.389393244802226,-0.13858845242106,-0.2117769884483458,0.11315708484903664,0.41738214486063474,0.5888531932843852
1,-0.640379756794633,-2.371689295598383,-0.9302149947252563,-3.68396223575996,-0.7829178404627921,0.3612918916190191,0.4361786932154561,1.0659767320537967,-1.1116087043295886,1.7563980450618042,0.3907780023824782,0.3410347214131194,5.7996834001162885,0.791258833144191,1.9620591109643382,-0.1538035854629799,1.7289220072346319,-0.11389407867123855,2,-0.6991086330684118,-0.9739749674510904,-0.0995532967480331,0.08715518857630669,-0.21806315603206228,-0.2291509878447251,0.1848979430554316,-0.9577150024345807
0,0.5516909157326226,-0.2308216930288166,-0.3687984318694792,0.6690148211294579,-0.6040545617651256,-1.0181800768957439,0.783074864106847,-0.31953259169658677,0.042637232808864556,0.14049317034488948,-0.34510069510671404,0.5797364129153899,-0.43004018544666356,0.24889321210646081,1.7021853392494017,0.03680576543062242,-0.65175997996054,-0.26528552537546446,1,-0.5564813876098331,-1.2425594002356806,-0.7976819491357562,-0.07118670017957278,-1.09095311408826,0.580753453312617,-0.4849116833735376,-1.5801403332996775
0,-0.46792113359798326,-0.3295496445624903,0.10590587112955152,0.250587415440922,-0.15538695803300218,-0.2198910465818687,1.1446128041272448,1.4571045007143137,0.6603650418036637,0.5520654618407348,0.7070640654034943,0.45999948260408496,1.0408598828297515,-0.17158147773889537,-0.28245026091299924,-0.7095688152812554,1.4071599883006984,1.2396044869128329,1,-0.46416573240857417,-0.001759574721365259,1.1412818965123834,0.03430974889499587,0.38794742894612605,-2.796749510921817,1.3420184040250647,-0.2422130276384633
0,0.07123068790013773,-3.2268253996020175,-0.5223813019580098,-0.23967009399104872,-0.7410682579395329,-1.3610331386105934,0.7512531753949951,-0.5223331990147977,-2.452376774659328,0.2662950415049035,0.2678971363276268,-0.08293450375335588,-1.4524352552084046,0.7644770444165193,-0.886609257230044,-0.27369857798651853,-0.13437216117714612,-0.48553139745981466,1,-1.094006848964666,0.5559200649742736,1.1761150288527586,0.1167498195961641,-0.5594900883391348,0.2692444076281423,-1.0162829820065595,-1.3598103090235651
0,0.7192645020490365,-0.729844075114976,1.1773669607930803,1.8602858039172718,-0.26624896846687796,-1.126413575599886,1.0720237662115992,1.397276183066025,-0.03226938350208232,0.510058643187912,0.8705092995920102,0.46842482446508343,0.6482293625330648,0.12961514365232718,0.8901474667613026,0.5156458071949057,-0.65175997996054,-0.2031441406611764,2,0.31699678012166543,0.15352925392136682,0.2351875921506379,0.06501853265128014,-0.1847824331837276,0.077199313216477,-0.12814461609629776,-0.4617139977923731
0,1.896011181143051,-1.027326272215121,-0.1748772071472427,0.14667493923209118,0.7748272741039381,0.4897489106660206,1.1230558226744423,1.2352606362252825,0.062156927970756226,0.3148852908862304,1.6584156431559762,-0.20111425207289624,-1.6376182226559841,0.12100244938198625,-1.023519750435654,0.3902282997465457,-0.1862179025860094,0.02502897955775163,1,-1.2065857503056496,-0.49988162043502027,-0.6753566636962484,0.23914761108920699,1.0175339936803818,-0.4170443354147785,1.8687086455702562,-0.27615867971032887
0,2.24867707487614,0.07275416737055618,1.1376523493279715,0.8114705406394362,-0.3105941680909386,-0.7594282469741798,0.9479947748691171,-0.9949539022852496,-0.2766584441659133,0.5143647140706431,0.37831958885197126,0.8472660383260444,-1.5703923870155305,0.45784636766662873,-0.5901637554811197,-2.7527086110551036,-0.4825820804502315,1.7804953180781098,1,-1.2391189469442674,-0.38072974454004294,-0.4592684820909371,0.026114178731128618,0.8142316633368163,-0.12098511936352294,0.6332134987064397,2.0676106979863094
0,0.7069938163838523,-3.0056829894255994,1.8962083915144343,1.2121815568793504,-0.11432073589909036,-0.0487843477860489,0.5203918911690917,-1.2376186579268575,-0.018330427671260474,-0.5690402052608089,-0.727972460459298,-0.04751182716242041,-0.31447753044083665,-0.20447351229167,-0.21457174698251935,-1.1067987077665458,0.06651376565138598,-0.31189621687097424,2,0.352264935400565,-0.45006434445094534,0.6012355873071401,0.18111099478568493,-0.5417097618432102,-0.6805692607975126,-0.755552811677805,-0.582185385864997
0,-0.5734670285329033,0.09004230513990125,0.5703959290071036,0.3832995973095539,0.3055715414503442,-0.17826777668669802,-0.5061702016473529,1.848316246294953,-3.1224504083476297,-0.6665659505148613,-0.8989697490707166,-0.45055752179206904,1.2889967991873983,-0.8898991100794156,-0.7310557904379351,-0.30777277935576425,-0.65175997996054,-0.24833066384771652,2,-0.8057010953311627,-1.4173240501271682,1.3165281111537688,-0.028968586204963384,0.012763985618241852,0.3104380291345117,-0.1431982492669897,0.6217376915830285
0,0.8920587835152114,-0.42633430964174024,0.29618092518280226,1.1957818982402355,-0.06358146233648782,-0.725079010361518,-0.8691610691370228,0.25660559459749677,-2.4573088323922265,-0.7355432590542783,-0.6411350430226097,-0.4253927518922551,0.20456030064212855,-0.44318149388012545,-0.42568315670530843,-0.699439762531931,-0.28865354718021174,-0.2582595971628194,2,-1.0877734258128016,-0.2343298838332084,-0.2950565595324577,-0.13858845242106,0.3639193975713878,0.208177169723047,0.4995068360366862,0.397555505708191
0,-1.8063648642724361,2.5343816307960463,-2.365331528849861,-0.49319425850855747,-0.2662782087126373,-0.7049338388517454,-2.090840149483011,-0.048767252020818885,0.6660140027903587,0.6649705193949836,-0.5732809918100024,0.4193644968383262,1.4599634872669527,0.1584769751837705,0.30259406275756806,-0.507963261472459,0.7654695627217976,-0.649392147883467,2,0.4160238987266272,-2.529333396621789,0.9132267981827118,-0.04710367105739651,-0.6456311486178288,-0.3006850598439439,-0.7153362087594324,-1.4182590359936877
0,-2.0098123199730726,1.320635497543537,1.49896205791925,1.0027812151396507,-0.46884562354780657,-0.9496874115588207,0.5342914905103027,-0.44092730183505763,1.5142898860442167,-0.8086785190174455,-0.08436846859948074,0.5028810823653915,0.9326628438183466,-0.3893675220550478,-1.6021663580034196,-0.3675568868346665,1.4580872605718516,-0.32379700890315083,2,-0.8911889234134767,0.04365066022310515,0.8596107879982915,0.01715449411771562,-0.5623153699440303,-0.7197525744246116,-1.0842687025751658,0.9303944069270734
0,0.22603613632048827,-0.4079044762888139,0.47506684447658276,1.3020142541775939,-0.2025052382786398,-0.6152766136955541,0.56503062248812,-0.030638290086297204,0.054699794067614785,-0.6102085596107167,-0.13684646586695504,0.4036164749834844,-0.052566920694549324,0.3346572456248068,-0.7540808292816141,-1.4479449540631029,-0.3251107586649443,-0.12865574864039958,2,-0.6448304485048154,-0.22583523315494133,-0.20086010385213013,-0.13858845242106,-0.760582887531171,-0.9018440792025948,-0.4087515887540397,-0.1641472610881077
0,0.37768232998573836,-0.8467051802986119,0.0912550574030343,2.9095318846778433,-0.5126180352183647,0.4094742713698126,0.5514720001153038,1.5687969726686686,-0.1140727882837908,-0.032328027200170306,0.036460544933920064,0.4458535411563611,-0.08969710190057151,-0.027824407503119597,1.1819071407242738,0.32582916786705113,0.5541857347303359,-0.1445181926750156,2,-0.5615075628638703,-5.283578224766685,-0.17492134245904656,-0.05135816421750293,-0.26816552122457765,-0.2354212529215815,-0.3510049507969704,0.5488679656085178
0,0.34448786984489876,-1.1664452965670806,-0.1384711738530977,-1.7648976652108788,0.3247546943594702,-0.4861205345733908,0.7472715509263677,-0.49800853738590567,-1.2401464973445882,0.5774068586876026,0.31035750439763765,0.6043287375252011,-1.476192081219424,0.6795192208367097,-2.427515510918565,1.13968250584289,-0.3911671530914788,-0.18118242679331556,1,0.09480125594699898,-4.348103595385841,-0.7080926614020401,-0.017659627981669618,-0.029263143080023146,0.03152089373577495,-1.0533233363608463,0.46080184230556037
0,1.4405429325535941,-0.17470105728260898,-2.143222896031877,2.1349173517412225,2.2812031643380375,0.369226521523542,-0.7177928873758941,-1.0881683992851816,0.8046305025828815,-0.16894175417152096,-0.07711770015709359,0.21307039003457068,0.8879338224567135,0.00573004504804614,0.041445736472772776,2.1819639296540685,0.1506921078062803,-0.3528631045373496,1,-0.21293498430544192,-0.4057769525612621,-0.7846020220885488,-0.043641801553271194,-0.1909563382718721,-0.15396172317544382,-0.5772035783532785,-0.06869957038027542
0,1.3640564993230968,-1.4401002779354437,-0.2699668509473409,-0.9082873476140711,1.3171855225855977,0.1994887072579009,0.7225030963354145,3.2653526708648477,-1.1379910243035052,2.0179938346210484,0.6546938198160812,0.5292093624394083,-1.7368535937211453,2.227496482943383,-0.650276849236364,0.25913775111031767,-0.14219752538976954,-0.10089270724015853,1,-0.05331448431160052,-0.8130040607351423,-0.6897635839652015,0.030432376574508965,0.9095775270122124,-0.20754752159650253,1.5726763850202758,-1.1011325710029702
0,0.45382702504359335,0.3633249185644279,-0.5388312826362041,1.1453910633795887,-0.5171500640398028,-0.724078097356994,0.7837003017299279,0.9515137796747339,0.37624915828044647,-0.810843067964552,-0.8462519451211765,-0.2511588141851535,-1.148430408440934,-0.7988590503042767,-0.21567752627765824,0.15770955861667552,-0.3122778526189564,-0.1584485346694504,1,-0.29609050909151596,0.25838681842265293,-0.837083612328585,0.05437372047400116,0.19856350574631565,0.040601585619872815,0.013294909792424703,-0.5529262998285579
0,-0.6958501435864548,1.4054581528990475,0.29276210216081916,1.0762535841267056,-0.2706198512053815,-0.5097748780895751,-1.5678700622614645,0.6175909361765647,0.24921343993598277,-0.007201854828186027,-0.32486244834118494,-0.19609471442652932,0.3449692663399354,-0.5691916645389752,-0.02107146412063715,-0.3064247540728918,3.1144606300365725,-0.03747887949964138,2,0.5324741220518353,-1.4139889212415044,0.2584259420728145,0.10671202731007862,-0.10023423745467233,-0.30908984121567307,-1.21975314077183,-0.24877261605430162
0,0.9706696309445838,-1.7345544073220625,-1.60307523591412,-1.5622068909636553,-0.2825879660599207,3.05955551610451,1.0083936279478887,0.1456719945493732,-3.4926247265906616,0.6821862978813277,0.31483760579812337,0.4913633068293771,-1.4025718134468228,0.6809537472492055,-0.42698203984885363,-0.4181772966904983,0.8036540479144757,0.08486275574341498,1,-1.0197528333137418,-1.5392826118751053,-0.6562303092463978,-0.009215159582541231,0.3003719726975266,0.2041602357692734,0.09313111456224399,-0.857532963540357
0,-3.4172631198977754,0.8240213261933472,0.8066699154558721,1.5064026410159734,-0.2529908983775911,2.565837729044156,-1.4589583467248164,-0.27456701779883497,-1.2299026713414136,-1.099592238994446,-0.4532562019598159,-0.4088506086544144,1.3047935777006923,-0.7452357054377925,-0.6062318970628223,-0.29699009057159137,0.10314128726522595,-0.44832180532560834,2,0.46779687369576467,1.074242164182155,1.2154044496755052,-0.13858845242106,-0.9170975373074193,-0.5098847434922229,-1.21975314077183,-0.5680667239754328
0,-0.38217482531915564,0.333500701632941,1.3315854637805926,1.8104803183114782,-0.47517193880221065,-0.7444509238816215,1.526608557260996,0.3817955536718112,0.4022316233616163,0.9215529372826585,-0.27353197666204415,0.8671312862837663,0.7111994671747759,-0.2914511859751313,2.321369712378176,-0.44140865697697956,0.011101782750825406,-0.33445094600918973,2,-0.004851110371811934,-0.5507396579522893,-0.19860816321061808,-0.0714607945473875,-0.44471519201811444,-0.5565470663443723,-0.714995866893294,0.7887605914526928
0,-0.4175612526355847,-0.024395508063661475,0.047553059373488644,1.0406029063433433,-0.08199816989973474,-0.9607955275711457,0.4818501429339819,0.9018426350626452,-1.5196973105158533,-0.05492680406314107,-0.87516726515411,-0.22125565182907983,0.1896187575792581,-0.5603702543551309,-0.48443660129974275,-0.5837309901429879,-0.3036166474059214,-0.45307733318509213,1,-0.9028527181471251,-0.32295650616766197,-0.5737649256731567,-0.027904025817339802,1.5312080181691055,-1.4586390874258375,0.7502012164105739,-0.23001070522103165
0,-1.050249847005997,1.313254615944064,0.21232462982507005,1.2682542662015148,-0.5833136538354455,-0.9873476079045447,-0.708943921878665,1.0826953546215363,0.021436757199433276,0.4610655141278016,-0.17711092775420284,-0.14432485794734778,0.742246704410185,-1.1617586528126669,0.4790664449354604,-1.038515155125112,-0.07796666387092711,-0.5718370806594804,2,-0.9365471014387231,-2.019678708051992,-0.6783086035800232,-0.003315606577031137,-0.4096288339002675,0.13808216570202103,-0.2193615410660847,-1.0135428764926133
0,0.2851130670923391,0.15486496733491573,-2.484307345879351,1.2995979355093104,-0.3305445479167024,1.0717928252842337,0.21795302261094507,0.1599998880771102,-1.424213746959042,-0.38513539296894794,0.3545840905457218,-0.6510494097077211,-0.8952514036072523,-0.8024064462685201,-0.6192809861681674,0.7678872517702628,-0.1082505228802757,-0.51094606005698,1,-0.03840582239029652,0.5661191954184094,-0.36928709466171106,-0.01340124900042966,0.4079455904753766,-1.1451780888984704,0.10239895633027063,-0.8249124332388205
0,-2.3644502325896593,-0.23029971307532238,-1.1458822742159538,-0.34156466304664246,0.4919617171496527,-0.2024831399475681,0.6234927163938689,-0.27967384590912303,-0.14728752155829797,0.8107202071070189,0.2841436700603134,0.23091530636380359,1.921933460482347,0.9996929560653518,0.8782587815395158,0.32681023820403865,0.38643598863182704,-0.5216168448521504,2,-0.7405743810438032,-0.08509955638903,-0.6425671215360025,-0.06761121154383443,-0.863598471347319,1.0529650262860828,-1.0394239399941114,-1.7759996706214254
0,2.0068995152472073,0.0020331322127729035,0.11778191876931754,1.3852887093636035,1.4501048175739886,1.6696625618299579,0.7410600741254837,0.7007389903192001,-1.1255448626364304,-0.1451405665559402,-0.6267756541874175,-0.3890643604459653,0.3749982238595327,0.058012654583528556,-0.15218073062333526,1.0892803624801854,-0.38121175312040867,0.006948719605980036,1,-0.06811536512560179,-0.9214256144775301,-0.3168392884222602,0.006644031450978569,0.5429035341530012,-0.2638233254337657,1.9655608708765544,1.1884524998313704
0,-0.966159401030161,1.8775152385965455,0.23061064597330388,1.1593900099439178,-0.23032269371894087,-1.2516576914254451,-0.9971605141613715,3.6672178316110284,-1.0605812654738405,-0.10480642062847756,0.3330297060333123,0.6338815552344044,0.5894432085009301,-0.7484416459849895,0.7679927157924414,0.3395577670118375,-0.09475043017801522,-0.4635464854124182,2,0.6892255026462933,-0.6057477583664465,0.9906311174792474,0.29204447725244975,-0.5282659879618773,-0.247651844814302,-0.9423513853242638,0.7315128369774963
0,0.19272625867872112,0.9599798626607836,1.4414868672343522,0.8124308541014077,-0.9243177543353633,-0.8907431589047785,-1.1603396316082644,1.5300213307795831,-0.0032949617691271915,-0.32145187198870495,0.0438778277064778,0.7092618400738555,0.47422656359095267,-0.6502513602997487,1.999981213241405,0.6359927762950154,0.9876724038240896,-0.32621766562820703,2,-0.5968244105627982,-0.5879153345482742,-0.22464234285412665,0.05697452212803153,-0.8147771901394201,-0.7827704461531856,-0.49012863324357603,0.17505367249360962
0,1.53138115197561,0.9443605972843356,0.9645176432316138,1.7616298124423808,1.5174675479314672,8.056855014460808,-1.6871502240601615,1.7643835360498894,-0.9122542881164954,1.394953520707101,-0.3800886898708513,-0.22088045378677532,0.1892153543793801,-0.3001198104646058,0.3284082092319951,0.25259116945634275,-0.5661282201916369,-0.5604700446472588,2,-0.2911034709127226,-0.19205146461005906,-0.722465134529436,0.07695947332619447,-0.03345716985021935,-0.3341504990564879,-0.6872951561608875,0.3347233150031256
0,0.9219662862010087,0.7679526715506397,0.6337830271835259,1.7653499513574555,-0.6798506427248279,0.5441418417933652,0.8454954679526373,-1.0718048536942644,-1.190403451300546,0.371415566817913,-0.7534314343062345,0.1989207089134924,0.013409105470758687,-0.5601189953792138,2.7971859268102177,-0.685716087023718,0.12455660588170601,-0.3498339386046568,1,-1.6570778031370026,-0.23812720175408086,-0.837083612328585,0.03727594046056054,-0.30152265077507395,1.275727009927079,0.04417082597301211,0.021083236147127815
0,-0.9914411660193043,1.4147364173023877,0.6226496840616937,2.287592935067136,-0.6402761205321527,-0.2158700393781055,1.0493432832597103,0.20437466094423834,1.5353285839605837,-0.7097578288471693,-0.4061940976923408,0.6568364785062251,0.7515987547868148,-0.4306537794441262,-0.5005105324981876,1.4320882257638055,1.0262743909190974,-0.4249046148263094,2,0.0067256698549590654,0.5591282103543591,-0.3060167544404282,-0.09819003384474638,0.2933226821886755,-0.3957843154240622,-0.49462748429834835,1.2789234154938627
0,1.0472037211455218,-2.072262356229533,0.9979659143113848,1.550017604200073,0.2571620385579072,0.7283399435134352,0.7173884053624188,-0.26360051962984865,0.48891127920332333,-0.12537122244523147,-0.5997713912008306,0.7400015617228912,0.9122796577588912,-0.09770676821499946,1.3349710914143675,0.6858016638612472,-0.34333897676638914,0.049792204171850485,1,0.0819163323032795,0.41873796651216344,0.6332143364791409,0.03474811888271047,1.403780329209459,0.10783827133939622,0.548190156262265,3.16421162488568
0,1.3144831376909722,0.271512951774904,0.10088329522237205,-0.8140870633371299,0.13459594703413458,0.16169699091921386,1.1136934872355433,-0.3888245097546372,-0.162454671700556,-0.7403162351628243,0.5790552432603235,0.223600005611973,-1.4599530559179466,-0.535298950490227,0.8193530193813379,-1.0761478045492963,1.620127873128204,-0.1856573410150123,1,0.24376729247075068,0.0780580619507773,-0.5617727853552017,-0.013527889430059399,0.009402175090449105,0.8486077139993211,0.4287628595489928,-0.0998673411162375
0,0.8586103771034372,-0.2559619705687262,0.6192988825057918,2.4156686781479495,-1.0096643350294627,-0.6009202202246868,0.6577461978840986,0.9392272254230162,0.37084501477158677,-0.0413889709444073,-0.48300574845731525,0.9754468747540197,0.9387504686389587,-0.5276001284762114,2.542265023733279,-1.0607984768439223,0.6879460311585037,-0.20543338451150378,1,-0.04868390858704108,-0.4006401685263517,-0.837083612328585,-0.054759935642730476,-0.16087386182224694,-0.5007770168939222,0.2948626629894219,0.36174987468479314
0,-0.4562966152314738,-0.7077204264057937,-1.7960631999641756,-0.2721982664301326,0.2335314705272127,-0.7016519759386401,0.4280669685260569,-0.7804083580154448,-0.2961750818402401,0.9221751366411437,0.9606791250063618,0.5324600724022696,0.2629571411124422,-0.3965162411389953,0.6891717484881809,0.2868442527738255,-0.46137596022913874,0.04254279721660161,1,0.1557709864920364,0.162858673884954,-0.7161047448175399,-0.024675364121691714,1.6235501318459957,0.2053325211406864,0.049629967384722584,0.032035635553282704
0,-1.4880881077739254,1.2179009896727315,0.7573920218129269,1.0539854388809264,-0.553119896073871,-1.3623470651215932,-0.8521388900148521,-0.4008531829307059,0.18701522837817736,-0.595874565379693,-1.0010398241065928,0.08856845482348613,0.6884295360330734,-0.6548085987709235,-0.6863105318061075,-0.31016268215953136,-0.65175997996054,-0.17869749608924745,2,-0.6441234225280286,-0.8078526541559131,0.043647027350737,-0.13858845242106,-0.4743698994167167,-0.6241819674536906,-0.9431627649258776,0.747780622735609
0,-1.6538211991837963,-0.7488716975462708,0.7164937090561447,1.0523005859507775,0.3241971059783849,-0.39604822343490886,0.5528587506080999,-1.09320737945868,0.35449539946194086,-0.6015534981402529,-0.7433675953434917,-0.31593980215555384,1.2665630528700702,-0.601617452637805,-0.47597159773309183,0.5399528636055009,-0.4301569001479881,-0.018170240411094607,2,-0.015207772969406785,-0.055285907419764135,0.3207320173963363,-0.06541682196078374,-0.1745829388145517,-0.4295418055812209,-1.1659720530579003,0.7372748754939359
0,-0.6126051303185728,1.4043875369667878,-0.37018390446775395,1.0511295086408965,-0.4993584641490388,-0.37896546439347467,0.723530244876042,0.6060619874289304,0.28166551354177505,-0.18964056597471338,0.5494956852178531,1.9319467560943895,-0.06914059273350004,0.9081153021434267,-0.38518897826334103,-0.36413225871230953,0.057675064283536276,-0.13379636268216305,1,-0.32636944000236057,0.5574310815693342,0.7869644249850254,0.01673331287625296,-0.4522185433408208,-2.102317998132084,0.4874765614242945,0.05792241161373313
0,1.3509444285592316,0.45030978554238144,-0.2007609376581341,-0.3491274508326936,0.8855857940961318,-0.8257005920141886,0.46286772887580135,-0.4322351278778582,-1.6335854594332666,3.3891640579225184,1.0455442906715973,0.18414062961266364,0.20874796005889762,0.7188594312912465,0.2876249133875901,-0.9141745304368208,-0.38590087988562527,0.010746298869615992,1,0.7588686920605118,-1.5178249442430418,-0.837083612328585,0.005764044853006196,0.9591923008598859,0.9603604296743495,0.14109940847846564,1.5982296605157318
0,-0.786569567444049,0.7087104012681651,-0.9670064195337641,0.13879484590097912,-0.5877726733751503,0.017668871424319166,0.6147360254111918,-0.5888598948837712,-1.3684308929735345,-0.29954891110350057,-0.23913022902262673,-0.08052144909540032,-0.9445955607862121,-0.719094001040659,-0.9730430207734626,-0.9004431733885266,-0.5426236035751332,-0.5350275874107895,2,-1.1983441895490259,-1.8381144869353392,0.1404519108368627,-0.037474255836787373,0.2983051086372791,0.5837055224391057,0.5182541224135908,0.19264101106311693
0,0.7954651308934728,-2.2853447902051665,0.538265986446877,0.9535315295712239,1.6161998952699435,0.5260560431350179,0.6011087860314799,-1.5244368799521637,-0.630500150657499,-0.14919043620601896,0.5359390201806866,-0.9665537705140199,0.3517014333869841,-0.6320690344306958,-0.7632754335525714,1.4809813986726905,-0.4339212042854013,1.4002786331405919,1,-0.1970753508407982,-1.5764776706644192,-0.6528909894706922,0.07820464172430276,-0.7151071479827664,-0.15997269163698863,-1.21975314077183,-0.11976853534542697
0,1.309125950357902,-0.38085807186159637,0.906746548650806,0.9131453412570426,-0.7442596839746767,0.08005572608928568,1.1789236539721208,-0.03294717580416909,1.230387333923809,0.5136440343286215,-0.4255785307114436,0.1670420900184703,0.0687378618028634,-0.1224757182297121,0.7429493596824945,-0.5861502258311151,0.025704593427886252,-0.3245980297193261,2,-0.3787066401895468,-0.016867646564641264,-0.4111743849238235,0.03861287016960581,0.6441186498370026,1.0939590408218942,-0.163784031674152,0.9106412551185363
0,-1.6318798683344977,0.8769006535259714,2.1482676423313096,2.390774197343363,-0.16327634003787445,-1.0653248796103467,-1.4862069526496342,-0.3174080826709758,-0.00822907741816109,-0.4682173658880398,-0.25426093455635906,-0.10399006525279254,0.44247264468822656,0.22268418005559432,0.47437474138028324,1.5704995422937522,-0.2555078136788901,-0.42971627166613524,1,-0.16571941834944018,0.7992920756952209,-0.7377860523699432,-0.12826803297488015,0.22566253136015701,-1.8372704418356807,-0.36785666027977315,-0.5756435978731635
